REGI?O:;S
UF:;PR
ESTAC?O:;ICARAIMA
CODIGO (WMO):;A824
LATITUDE:;-23,39027777
LONGITUDE:;-53,63583333
ALTITUDE:;381,29
DATA DE FUNDAC?O:;16/11/06
Data;Hora UTC;PRECIPITAÇÃO TOTAL, HORÁRIO (mm);PRESSAO ATMOSFERICA AO NIVEL DA ESTACAO, HORARIA (mB);PRESSÃO ATMOSFERICA MAX.NA HORA ANT. (AUT) (mB);PRESSÃO ATMOSFERICA MIN. NA HORA ANT. (AUT) (mB);RADIACAO GLOBAL (KJ/m²);TEMPERATURA DO AR - BULBO SECO, HORARIA (°C);TEMPERATURA DO PONTO DE ORVALHO (°C);TEMPERATURA MÁXIMA NA HORA ANT. (AUT) (°C);TEMPERATURA MÍNIMA NA HORA ANT. (AUT) (°C);TEMPERATURA ORVALHO MAX. NA HORA ANT. (AUT) (°C);TEMPERATURA ORVALHO MIN. NA HORA ANT. (AUT) (°C);UMIDADE REL. MAX. NA HORA ANT. (AUT) (%);UMIDADE REL. MIN. NA HORA ANT. (AUT) (%);UMIDADE RELATIVA DO AR, HORARIA (%);VENTO, DIREÇÃO HORARIA (gr) (° (gr));VENTO, RAJADA MAXIMA (m/s);VENTO, VELOCIDADE HORARIA (m/s);
2019/01/01;0000 UTC;0;965,6;965,6;964,7;;29,2;21,8;30,5;29,2;21,8;20,8;65;56;65;;;;
2019/01/01;0100 UTC;0;966,4;966,4;965,6;;28,7;22,3;29,3;28,6;22,3;21,8;69;65;69;;;;
2019/01/01;0200 UTC;0;966,7;966,7;966,4;;27,9;22,9;28,7;27,9;22,9;22,3;74;69;74;;;;
2019/01/01;0300 UTC;0;966,2;966,7;966,2;;27,1;23;28;27,1;23,1;22,9;78;74;78;;;;
2019/01/01;0400 UTC;0;965,7;966,3;965,7;;26,7;21,8;27,2;26,6;23;21,8;78;74;75;;;;
2019/01/01;0500 UTC;0;965,4;965,7;965,4;;25,6;22;26,7;25,6;22;21,8;80;75;80;;;;
2019/01/01;0600 UTC;0;965,4;965,6;965,4;;25,2;22,4;25,7;25,1;22,5;22;85;80;85;;;;
2019/01/01;0700 UTC;0;965,9;965,9;965,3;;25;22,1;25,2;24,9;22,4;22,1;85;84;84;;;;
2019/01/01;0800 UTC;0;967,3;967,3;965,9;;24,1;22,3;25,2;24;22,3;21,8;90;83;90;;;;
2019/01/01;0900 UTC;0;968,3;968,3;967,3;;24,2;22,3;24,7;24,1;22,5;22,2;90;87;89;;;;
2019/01/01;1000 UTC;0;969,4;969,4;968,3;;26,3;22,3;26,3;24,2;22,8;22,2;89;78;79;;;;
2019/01/01;1100 UTC;0;969,6;969,6;969,4;;27,3;21,3;27,5;26,3;22,5;21;79;69;70;;;;
2019/01/01;1200 UTC;0;970;970;969,6;;28,5;22,2;28,5;27,2;22,2;21,1;71;68;69;;;;
2019/01/01;1300 UTC;0;969,6;970;969,6;;29,1;21,5;30,1;28;23;21,5;69;62;64;;;;
2019/01/01;1400 UTC;0;969;969,6;969;;31,2;22,3;31,8;29;23,6;21,8;66;59;59;;;;
2019/01/01;1500 UTC;0;968,8;969;968,7;;32,5;22,8;32,7;30,7;23,5;22,1;63;56;57;;;;
2019/01/01;1600 UTC;0;968,1;968,9;968,1;;33,3;22,3;33,6;31,2;23,9;21,6;61;51;53;;;;
2019/01/01;1700 UTC;0;967,4;968,2;967,4;;34;22,3;34,5;32,1;23;21,4;55;48;51;;;;
2019/01/01;1800 UTC;0;966,7;967,4;966,7;;33,9;22,2;34,2;32,4;22,9;20,5;55;48;51;;;;
2019/01/01;1900 UTC;0;965,6;966,7;965,6;;32,6;21,1;34,7;32,6;22,4;19,9;52;45;51;;;;
2019/01/01;2000 UTC;0;965,5;965,7;965,3;;32,9;20,9;34,7;32,4;22;20,2;53;44;49;;;;
2019/01/01;2100 UTC;0;965,1;965,5;965;;33,2;20,2;34,3;32,9;21,5;19,8;50;45;46;;;;
2019/01/01;2200 UTC;0;965,5;965,5;965,1;;31,6;21;33,3;31,6;21;20,1;53;46;53;;;;
2019/01/01;2300 UTC;0;966,8;966,8;965,5;;28,2;20,9;31,6;27,7;22,3;20,4;66;53;65;;;;
2019/01/02;0000 UTC;0;968,1;968,1;966,8;;26,3;19,9;29,1;26,3;21,5;19,8;68;60;68;;;;
2019/01/02;0100 UTC;2,2;968,6;968,7;968;;25,5;21,4;26,4;24,4;22,5;20;88;68;78;;;;
2019/01/02;0200 UTC;0;968,6;968,8;968,4;;26,3;21,5;26,3;25,2;21,8;21;81;74;75;;;;
2019/01/02;0300 UTC;0;969;969,2;968,6;;26,2;21,8;26,7;26;21,9;21,4;78;73;77;;;;
2019/01/02;0400 UTC;0;968,3;969;968,3;;26;21,8;26,3;25,7;21,9;21,7;79;76;78;;;;
2019/01/02;0500 UTC;0;967,5;968,3;967,5;;25,8;21,7;26;25,5;21,8;21,6;80;77;78;;;;
2019/01/02;0600 UTC;0;967,5;967,6;967,4;;25,7;21,8;26,1;25,6;21,8;21,3;79;75;79;;;;
2019/01/02;0700 UTC;0;967,7;967,7;967,4;;24,9;22,2;25,8;24,9;22,2;21,8;85;79;85;;;;
2019/01/02;0800 UTC;0;968,4;968,4;967,7;;24,7;22,5;25;24,7;22,5;22,2;88;85;88;;;;
2019/01/02;0900 UTC;0;969,1;969,1;968,4;;24,8;22,6;24,9;24,6;22,7;22,5;89;87;88;;;;
2019/01/02;1000 UTC;0;969,5;969,5;969,1;;25,7;23,2;25,7;24,6;23,4;22,6;89;86;86;;;;
2019/01/02;1100 UTC;0;970,6;970,6;969,4;;27,2;23,3;27,5;25,7;24,2;23,2;87;79;79;;;;
2019/01/02;1200 UTC;0;970,9;970,9;970,6;;27,7;22,5;27,9;26,1;23,8;22,5;84;73;73;;;;
2019/01/02;1300 UTC;0;970,6;971;970,6;;29,4;21,1;29,7;27,5;22,5;20,6;74;61;61;;;;
2019/01/02;1400 UTC;0;970,5;970,6;970,4;;27,1;20,9;29,8;27,1;22,3;20,8;70;61;69;;;;
2019/01/02;1500 UTC;0;970,1;970,5;970,1;;26,9;21,5;27,1;26,6;21,8;20,8;74;69;72;;;;
2019/01/02;1600 UTC;0;969,8;970,1;969,7;;29,2;22;30;26,9;22,1;20,6;73;60;65;;;;
2019/01/02;1700 UTC;0;968,9;969,8;968,9;;32;22,5;32;29,1;23,9;21,8;67;57;57;;;;
2019/01/02;1800 UTC;0;967,9;968,9;967,9;;32,6;21,6;32,9;30,9;23;21,2;60;51;52;;;;
2019/01/02;1900 UTC;0;967;967,9;967;;32,7;20,6;33,7;32;22,6;19,6;55;45;49;;;;
2019/01/02;2000 UTC;0;966,4;967;966,4;;32,5;21,5;33,6;32,5;21,9;20,1;53;46;53;;;;
2019/01/02;2100 UTC;0;966,7;966,8;966,3;;29,2;22,1;33;28,9;22,9;21;66;50;65;;;;
2019/01/02;2200 UTC;0;966,4;966,8;966,3;;28,5;21,9;29,3;28,5;22,2;21,6;68;64;68;;;;
2019/01/02;2300 UTC;0;966,5;966,6;966,2;;27,2;22,2;28,5;27,2;22,2;21,6;75;67;75;;;;
2019/01/03;0000 UTC;0;967;967;966,5;;26,4;22;27,2;26,4;22,4;21,9;77;75;77;;;;
2019/01/03;0100 UTC;0;967,8;967,8;967;;25,8;22,5;26,4;25,7;22,5;22,1;82;77;82;;;;
2019/01/03;0200 UTC;0;968,3;968,3;967,8;;25,7;22,3;26,2;25,7;22,6;22,2;83;79;82;;;;
2019/01/03;0300 UTC;0;967,9;968,4;967,9;;25,1;22,2;25,8;25,1;22,4;22,2;84;81;84;;;;
2019/01/03;0400 UTC;0;967,4;967,9;967,4;;25;22;25,4;24,9;22,3;21,9;84;82;83;;;;
2019/01/03;0500 UTC;0;967,6;967,7;967,4;;24,6;22,1;25;24,4;22,1;21,9;87;83;86;;;;
2019/01/03;0600 UTC;0;967,6;967,7;967,6;;24,4;22,2;24,6;24,4;22,2;22;87;86;87;;;;
2019/01/03;0700 UTC;0;967,6;967,6;967,5;;24;22;24,4;23,9;22,2;21,9;89;87;88;;;;
2019/01/03;0800 UTC;0;967,7;967,7;967,5;;23,9;21,8;24,1;23,9;22;21,8;89;88;88;;;;
2019/01/03;0900 UTC;0;968,1;968,1;967,7;;23,7;21,7;24,1;23,7;21,9;21,7;89;87;89;;;;
2019/01/03;1000 UTC;0;968,1;968,1;967,9;;25,4;22,2;25,4;23,7;22,4;21,7;89;83;83;;;;
2019/01/03;1100 UTC;0;968,7;968,7;968,1;;26,9;22,5;27;25,4;23;22,2;83;76;77;;;;
2019/01/03;1200 UTC;0;968,9;969;968,6;;29,3;22,7;29,3;26,9;23,6;22,5;78;68;68;;;;
2019/01/03;1300 UTC;0;969,3;969,4;968,9;;30,8;22,9;31;29,1;23,6;21,4;71;61;63;;;;
2019/01/03;1400 UTC;0;969,7;969,8;969,3;;32,8;20,8;32,9;30,5;22,8;20,2;63;48;50;;;;
2019/01/03;1500 UTC;0;969,3;969,8;969,3;;33,1;20,4;34,3;32,4;21,8;19,9;51;45;47;;;;
2019/01/03;1600 UTC;0;968,3;969,3;968,2;;34,4;19,1;35,4;32,3;21,2;18,8;50;40;41;;;;
2019/01/03;1700 UTC;0;967,8;968,3;967,8;;35,2;19;36,1;33,6;20,7;18,9;45;38;39;;;;
2019/01/03;1800 UTC;0;966,8;967,8;966,8;;35,5;18,9;35,7;34,1;20,6;18,5;44;38;38;;;;
2019/01/03;1900 UTC;0;965,8;966,8;965,8;;35,2;17,5;36,3;33,9;20,2;17,5;42;35;35;;;;
2019/01/03;2000 UTC;0;965,4;965,8;965,3;;34,8;18,5;35,8;33,3;20,2;17,5;43;35;38;;;;
2019/01/03;2100 UTC;0;965,2;965,4;965,1;;33,4;19,9;34,9;33,4;20,1;18,4;45;38;45;;;;
2019/01/03;2200 UTC;0;965,4;965,4;965,2;;31,3;20,6;33,4;31,2;20,8;19,7;54;45;53;;;;
2019/01/03;2300 UTC;0;965,9;965,9;965,4;;29,5;21,3;31,3;29,3;21,4;20,7;62;53;61;;;;
2019/01/04;0000 UTC;0;966,9;966,9;965,9;;29,2;21,4;29,5;29,1;21,5;21,2;63;61;63;;;;
2019/01/04;0100 UTC;0;968,2;968,2;966,9;;27,8;21,4;29,4;27,8;21,6;21,2;68;62;68;;;;
2019/01/04;0200 UTC;0;968,3;968,5;968,2;;28,6;21,4;28,8;27,8;21,7;21,4;69;65;65;;;;
2019/01/04;0300 UTC;0;968,1;968,4;968,1;;28,2;21,2;28,7;28;21,3;20,9;67;63;66;;;;
2019/01/04;0400 UTC;0;967,7;968,1;967,7;;28,1;21,2;28,6;28;21,2;21;66;64;66;;;;
2019/01/04;0500 UTC;0;967,2;967,7;967,2;;26;21,6;28,1;26;21,6;21;76;66;76;;;;
2019/01/04;0600 UTC;0;967,1;967,2;966,9;;26,8;22;26,9;26;22,2;21,6;77;75;75;;;;
2019/01/04;0700 UTC;0;967,4;967,4;967,1;;25,9;22,6;26,9;25,9;22,7;22;82;75;82;;;;
2019/01/04;0800 UTC;0;968,1;968,1;967,4;;25,3;22,9;25,9;24,9;22,9;22,4;87;82;87;;;;
2019/01/04;0900 UTC;0;968,2;968,2;968,1;;24,8;23,1;25,3;24,8;23,2;22,9;90;87;90;;;;
2019/01/04;1000 UTC;0;968,7;968,7;968,2;;26;23,6;26;24,8;23,6;23,1;91;87;87;;;;
2019/01/04;1100 UTC;0;969;969,1;968,7;;28,2;22,4;28,3;26;23,8;22,2;87;70;71;;;;
2019/01/04;1200 UTC;0;969,4;969,4;969;;30,7;22,9;30,7;28,2;23,3;22;73;63;63;;;;
2019/01/04;1300 UTC;0;969,4;969,5;969,3;;31,6;22,4;32,5;30,3;23,5;21,8;66;56;58;;;;
2019/01/04;1400 UTC;0;969,3;969,5;969,2;;33,1;21;33,8;31,6;23,1;20,5;60;48;49;;;;
2019/01/04;1500 UTC;0;968,6;969,3;968,6;;33,9;20,8;34,9;32,6;21,9;20;51;43;47;;;;
2019/01/04;1600 UTC;0;967,4;968,5;967,4;;34,1;20,3;35,5;31,7;22;19;53;43;45;;;;
2019/01/04;1700 UTC;0;966,1;967,4;966,1;;35;19,9;35,9;33,4;21,8;19,5;47;41;41;;;;
2019/01/04;1800 UTC;0;965,1;966,1;965;;36,4;19,9;36,9;34,7;20,9;19,5;44;38;38;;;;
2019/01/04;1900 UTC;0;964,2;965,1;964,2;;35,5;20;36,9;34,2;20,5;18,3;42;36;40;;;;
2019/01/04;2000 UTC;0;964,5;964,5;963,9;;30,6;20,6;36,7;30,4;20,9;17,7;57;33;55;;;;
2019/01/04;2100 UTC;0;964,3;964,5;964,1;;31,5;21,8;31,7;29,7;23,1;19,3;64;48;56;;;;
2019/01/04;2200 UTC;0;965,2;965,4;964,3;;28,9;21,7;32,4;28,9;23,3;21,6;67;54;65;;;;
2019/01/04;2300 UTC;0;966,4;966,4;964,8;;27,7;21,5;28,9;27,7;22,2;21,5;72;65;69;;;;
2019/01/05;0000 UTC;4,8;968,3;968,3;966,2;;24;23;27,7;22,8;23,2;20,2;94;67;94;;;;
2019/01/05;0100 UTC;11,4;969,2;969,2;968,2;;23,5;23;24,3;23,3;23,3;22,6;99;92;97;;;;
2019/01/05;0200 UTC;16,4;969,4;970,1;969,2;;23;23;23,6;22,8;23,2;22,6;100;97;100;;;;
2019/01/05;0300 UTC;4,2;968,8;969,5;968,8;;22,7;22,4;23,2;22,7;23,2;22,4;100;98;98;;;;
2019/01/05;0400 UTC;,8;968;968,8;967,9;;22,7;22,6;22,8;22,4;22,6;21,6;99;94;99;;;;
2019/01/05;0500 UTC;,2;967;968;967;;22,4;22,3;22,7;22,4;22,6;22,3;100;99;100;;;;
2019/01/05;0600 UTC;0;966,6;967;966,5;;22,6;22,6;22,6;22,4;22,6;22,4;100;100;100;;;;
2019/01/05;0700 UTC;0;967,6;967,6;966,6;;22,9;22,9;22,9;22,6;22,9;22,6;100;100;100;;;;
2019/01/05;0800 UTC;0;968,2;968,2;967,6;;23;23;23;22,9;23;22,9;100;100;100;;;;
2019/01/05;0900 UTC;0;968,6;968,6;968,2;;22,8;22,8;23;22,8;23;22,8;100;100;100;;;;
2019/01/05;1000 UTC;0;968,5;968,7;968,5;;22,9;22,7;22,9;22,8;22,8;22,5;100;98;98;;;;
2019/01/05;1100 UTC;0;968,6;968,6;968,3;;23,4;23,1;23,4;22,9;23,1;22,6;100;98;98;;;;
2019/01/05;1200 UTC;0;969,8;969,8;968,6;;24,2;22,8;24,2;23,4;23,2;22,6;98;92;92;;;;
2019/01/05;1300 UTC;0;970,5;970,6;969,8;;25,4;22,5;25,4;24,2;23,4;22,1;94;83;84;;;;
2019/01/05;1400 UTC;0;970,1;970,6;970,1;;26,6;22,8;26,6;25,2;23;21,8;86;78;80;;;;
2019/01/05;1500 UTC;0;969,6;970,1;969,6;;27;21,1;27,6;26,3;23,2;20,7;80;68;70;;;;
2019/01/05;1600 UTC;0;968,6;969,6;968,6;;27,7;21,5;28,1;26,9;22,5;20,9;73;68;69;;;;
2019/01/05;1700 UTC;0;968,1;968,7;968,1;;29,3;22,2;29,5;27,5;22,6;21;70;62;66;;;;
2019/01/05;1800 UTC;0;967,2;968,1;967,2;;29,9;20,3;30,5;28,2;22,2;20;68;56;56;;;;
2019/01/05;1900 UTC;0;966,7;967,2;966,7;;31,3;21,1;31,3;29,2;22,1;19,8;61;54;55;;;;
2019/01/05;2000 UTC;0;966,1;966,7;966,1;;30,1;20,2;31,7;30,1;21,5;19,5;58;52;56;;;;
2019/01/05;2100 UTC;0;966,1;966,1;966;;30;20,1;30,8;29,6;21,2;19,5;59;52;55;;;;
2019/01/05;2200 UTC;0;966,7;966,7;966,1;;28,3;20,8;30;28,2;20,9;19,6;64;54;64;;;;
2019/01/05;2300 UTC;0;967,3;967,3;966,7;;26,5;21;28,3;26,5;21,2;20,5;72;63;72;;;;
2019/01/06;0000 UTC;0;967,8;967,8;967,3;;26,3;20,7;26,5;26,1;21,1;20,6;73;71;72;;;;
2019/01/06;0100 UTC;0;968,1;968,1;967,8;;25,9;21,3;26,4;25,9;21,3;20,7;76;72;76;;;;
2019/01/06;0200 UTC;0;968,4;968,4;968,1;;24,9;21,8;25,9;24,8;21,8;21,3;83;76;83;;;;
2019/01/06;0300 UTC;0;968,4;968,6;968,3;;24,5;22,1;24,9;24,5;22,2;21,7;87;83;86;;;;
2019/01/06;0400 UTC;0;967,8;968,4;967,8;;24;22;24,6;24;22,1;21,8;89;86;89;;;;
2019/01/06;0500 UTC;0;967,2;967,8;967,2;;24;22,2;24,3;24;22,3;22;90;88;89;;;;
2019/01/06;0600 UTC;0;966,9;967,3;966,9;;23,4;22,1;24;23,4;22,2;22,1;92;89;92;;;;
2019/01/06;0700 UTC;0;966,8;966,9;966,6;;23,1;22;23,4;23,1;22,2;22;94;92;94;;;;
2019/01/06;0800 UTC;0;966,9;967;966,8;;23;22,1;23,1;23;22,1;22;95;94;95;;;;
2019/01/06;0900 UTC;0;967,6;967,6;966,9;;23;22,3;23;22,9;22,3;22,1;95;95;95;;;;
2019/01/06;1000 UTC;0;968,2;968,2;967,6;;23,7;22,5;23,7;23;22,6;22,2;96;93;93;;;;
2019/01/06;1100 UTC;0;968,7;968,7;968,1;;25,4;22,4;25,9;23,7;23,3;22,4;93;83;84;;;;
2019/01/06;1200 UTC;0;968,9;968,9;968,7;;26,5;23,4;26,9;25,4;23,9;22,5;86;81;83;;;;
2019/01/06;1300 UTC;0;968,9;969;968,9;;28,6;23,8;28,6;26,3;24,1;22,7;83;73;75;;;;
2019/01/06;1400 UTC;0;968,5;968,9;968,5;;27,5;23,7;29,3;27;24,4;22,5;80;71;80;;;;
2019/01/06;1500 UTC;0;967,3;968,4;967,2;;29,6;22,7;30,5;27,2;24,2;21,9;81;63;66;;;;
2019/01/06;1600 UTC;6,8;966,7;967,3;966,7;;23,6;21,9;29,6;23,6;24,2;21,7;91;66;90;;;;
2019/01/06;1700 UTC;2,8;965,8;966,8;965,8;;24,1;22,7;24,1;22,8;22,8;21,8;95;90;92;;;;
2019/01/06;1800 UTC;0;965,3;965,9;965,3;;25,6;22,9;25,6;24,1;23,3;22,8;92;85;85;;;;
2019/01/06;1900 UTC;0;965,1;965,3;964,9;;26,3;23,6;27,1;25,6;24,1;22,8;86;78;85;;;;
2019/01/06;2000 UTC;0;964,7;965,3;964,7;;24,6;20,7;26,3;24,4;23,9;20,7;91;79;79;;;;
2019/01/06;2100 UTC;0;964,6;964,8;964,6;;25,3;22,1;25,3;24,6;22,2;20,7;84;78;82;;;;
2019/01/06;2200 UTC;0;965;965;964,6;;25,3;23,4;25,5;25,2;23,4;21,8;89;81;89;;;;
2019/01/06;2300 UTC;,6;965,3;965,5;965;;25;23,3;25,3;24,9;23,4;23,1;91;89;91;;;;
2019/01/07;0000 UTC;0;965,7;965,7;965,3;;24,4;22,6;25;24,4;23,6;22,5;93;87;90;;;;
2019/01/07;0100 UTC;0;966;966,1;965,7;;23,9;22,5;24,4;23,9;22,5;22,3;92;89;92;;;;
2019/01/07;0200 UTC;0;966,2;966,4;966;;24,2;22,1;24,2;23,8;22,6;22,1;93;88;88;;;;
2019/01/07;0300 UTC;0;965,2;966,2;965,2;;23,8;22,2;24,2;23,7;22,2;21,9;91;87;91;;;;
2019/01/07;0400 UTC;0;964,8;965,2;964,8;;23,8;21,8;24;23,8;22,2;21,8;91;88;89;;;;
2019/01/07;0500 UTC;0;964,6;964,9;964,6;;24,3;21,9;24,3;23,7;21,9;21,8;89;86;86;;;;
2019/01/07;0600 UTC;0;964,5;964,9;964,5;;24,1;22,2;24,3;24;22,2;21,9;89;86;89;;;;
2019/01/07;0700 UTC;0;964,2;964,5;964,2;;24;22,4;24,1;24;22,4;22,1;91;89;91;;;;
2019/01/07;0800 UTC;0;964,6;964,6;964,2;;24,4;21,9;24,5;24;22,4;21,9;91;86;86;;;;
2019/01/07;0900 UTC;0;965,2;965,2;964,6;;24;21,8;24,5;24;21,8;21,7;88;85;88;;;;
2019/01/07;1000 UTC;0;966;966;965,2;;24,4;21,8;24,5;23,8;21,9;21,7;89;85;85;;;;
2019/01/07;1100 UTC;0;966,9;966,9;966;;25;21,8;25;24,4;22;21,7;86;82;83;;;;
2019/01/07;1200 UTC;0;967,6;967,6;966,9;;25,8;22,3;25,8;25;22,6;21,8;84;81;81;;;;
2019/01/07;1300 UTC;0;968,2;968,3;967,6;;26,6;22,7;26,7;25,7;23;22,1;82;79;79;;;;
2019/01/07;1400 UTC;0;968,3;968,4;968,2;;27,1;23,1;27,3;26,4;23,6;22,6;82;78;79;;;;
2019/01/07;1500 UTC;0;968,1;968,3;968,1;;27,8;23,7;28;27,1;24;22,9;80;77;79;;;;
2019/01/07;1600 UTC;,2;966,7;968,1;966,7;;28,6;24,4;29,4;27,3;25,4;23,1;85;71;78;;;;
2019/01/07;1700 UTC;0;965,8;966,7;965,7;;30,3;23,3;30,7;28;25,5;23;82;65;66;;;;
2019/01/07;1800 UTC;36,2;966,9;967,4;965,8;;21,8;21,8;31,5;21,4;25,2;20,2;100;63;100;;;;
2019/01/07;1900 UTC;1,6;966,1;966,9;965,7;;22,6;21,5;23,1;21,8;23,1;21,5;100;93;93;;;;
2019/01/07;2000 UTC;1,6;966,2;966,3;966;;22,9;22,4;23;22,5;22,4;21,5;97;93;97;;;;
2019/01/07;2100 UTC;,2;966,8;967;966,2;;23,4;22,8;23,4;22,9;22,8;22,3;97;95;96;;;;
2019/01/07;2200 UTC;,2;967,1;967,1;966,7;;23;22,5;23,4;23;22,8;22,5;97;96;97;;;;
2019/01/07;2300 UTC;0;967,9;967,9;967,1;;22,8;22,5;23,1;22,8;22,6;22,4;98;97;98;;;;
2019/01/08;0000 UTC;0;968,8;968,8;967,9;;22,8;22,5;22,9;22,8;22,6;22,4;99;97;99;;;;
2019/01/08;0100 UTC;0;968,7;968,8;968,5;;22,9;22,5;22,9;22,7;22,7;22,5;99;98;98;;;;
2019/01/08;0200 UTC;0;968,7;968,9;968,5;;22,9;22,5;23;22,9;22,6;22,5;98;97;98;;;;
2019/01/08;0300 UTC;,2;969;969,1;968,7;;23,1;22,4;23,1;22,9;22,6;22,4;98;96;96;;;;
2019/01/08;0400 UTC;0;968,7;969;968,6;;22,9;21,8;23,2;22,9;22,4;21,8;96;92;94;;;;
2019/01/08;0500 UTC;0;968,8;968,8;968,6;;22,6;21,4;23;22,6;21,8;21,4;94;93;93;;;;
2019/01/08;0600 UTC;0;968,5;968,8;968,4;;22,2;21,5;22,6;22,2;21,5;21,3;96;93;95;;;;
2019/01/08;0700 UTC;0;968,6;968,7;968,4;;22,2;21,5;22,2;22,1;21,5;21,4;96;95;96;;;;
2019/01/08;0800 UTC;0;969,2;969,2;968,6;;22,4;21,6;22,5;22,2;21,6;21,5;96;95;95;;;;
2019/01/08;0900 UTC;,2;969,8;969,8;969,1;;22,4;21,9;22,4;22,3;21,9;21,6;97;95;97;;;;
2019/01/08;1000 UTC;0;970,2;970,3;969,8;;22,9;22;22,9;22,4;22;21,8;97;95;95;;;;
2019/01/08;1100 UTC;0;970,7;970,7;970,2;;23,6;21,8;23,6;22,9;22;21,6;94;90;90;;;;
2019/01/08;1200 UTC;0;971,7;971,7;970,7;;24,6;22,1;24,6;23,6;22,4;21,7;90;86;86;;;;
2019/01/08;1300 UTC;0;972,1;972,1;971,7;;25;21,7;25,3;24,6;22,4;21,4;87;80;82;;;;
2019/01/08;1400 UTC;0;972,1;972,4;972,1;;26,1;22,2;26,1;25;22,5;21,4;84;76;79;;;;
2019/01/08;1500 UTC;0;971,9;972,1;971,9;;26,1;22,3;26,3;25,8;22,8;21,7;82;77;80;;;;
2019/01/08;1600 UTC;0;971,3;971,9;971,2;;27,2;22,8;27,2;25,9;23,3;21,9;82;77;77;;;;
2019/01/08;1700 UTC;0;970,7;971,3;970,7;;28,3;22,6;28,8;26,7;23,6;22,1;78;70;72;;;;
2019/01/08;1800 UTC;0;969,9;970,7;969,9;;29;23;29;27,8;23,4;22,4;74;70;70;;;;
2019/01/08;1900 UTC;0;968,9;969,9;968,9;;29;23,1;29,7;28,4;23,7;22;73;66;70;;;;
2019/01/08;2000 UTC;0;968,4;968,9;968,3;;29,3;22,6;30,2;28,9;23,5;22,2;71;64;67;;;;
2019/01/08;2100 UTC;1;968,1;968,4;968,1;;26,3;23,2;29,7;26,3;23,3;22,3;83;66;83;;;;
2019/01/08;2200 UTC;,2;967,7;968,1;967,7;;26,5;24;26,8;26;24,4;23,1;88;84;86;;;;
2019/01/08;2300 UTC;0;967,8;967,9;967,6;;26;23;26,5;26;23,8;22,8;86;81;83;;;;
2019/01/09;0000 UTC;0;968,3;968,3;967,7;;26;23;26,2;25,9;23,1;23;84;83;84;;;;
2019/01/09;0100 UTC;0;969,8;969,8;968,3;;25,3;22,8;26;25,3;23;22,8;86;83;86;;;;
2019/01/09;0200 UTC;0;969,8;970;969,8;;25,5;22,7;25,6;25,3;22,9;22,7;86;84;84;;;;
2019/01/09;0300 UTC;0;969;969,8;969;;25,1;22,5;25,7;25,1;22,7;22,5;85;83;85;;;;
2019/01/09;0400 UTC;0;968;969;968;;25,1;22,3;25,2;24,9;22,5;22,3;86;84;84;;;;
2019/01/09;0500 UTC;0;968,1;968,3;968;;25,2;21,8;25,3;25;22,2;21,8;84;82;82;;;;
2019/01/09;0600 UTC;0;968;968,3;968;;24,4;21,7;25,2;24,3;21,8;21,6;85;82;85;;;;
2019/01/09;0700 UTC;0;967,9;968;967,7;;24,1;21,7;24,5;23,9;21,8;21,6;87;84;87;;;;
2019/01/09;0800 UTC;0;968;968,1;967,9;;24;21,5;24,3;23,9;21,7;21,5;87;85;86;;;;
2019/01/09;0900 UTC;0;968,3;968,4;968;;24,2;21,3;24,2;23,7;21,5;21,3;87;84;84;;;;
2019/01/09;1000 UTC;0;968,8;968,8;968,3;;24,8;22;24,8;24,1;22;21,3;86;84;84;;;;
2019/01/09;1100 UTC;0;969,6;969,6;968,8;;26,6;22,4;26,7;24,8;22,7;21,8;84;77;78;;;;
2019/01/09;1200 UTC;0;970;970;969,6;;28,5;23;28,5;26,6;23,4;22;79;70;72;;;;
2019/01/09;1300 UTC;0;969,8;970,1;969,8;;28,6;22,2;29,5;28;23,3;21,6;73;67;68;;;;
2019/01/09;1400 UTC;0;969,6;969,8;969,6;;30,3;23,8;30,4;28,4;23,8;22,2;71;65;68;;;;
2019/01/09;1500 UTC;0;969,2;969,6;969,2;;31,3;22,7;31,7;30,3;24,6;22,7;69;60;60;;;;
2019/01/09;1600 UTC;0;968,7;969,2;968,6;;32;23,4;32,4;31,1;24;22,6;64;58;61;;;;
2019/01/09;1700 UTC;0;967,7;968,7;967,7;;33,5;22,1;33,8;32;24;22;62;51;52;;;;
2019/01/09;1800 UTC;0;966,6;967,7;966,6;;33,8;22,7;33,8;32,7;23,5;21,3;57;50;52;;;;
2019/01/09;1900 UTC;0;965,8;966,6;965,7;;34,1;22;34,4;32,6;23;20,8;54;48;49;;;;
2019/01/09;2000 UTC;0;965,2;965,8;965,1;;28,3;20,4;34,8;27,6;23,3;17,4;63;45;63;;;;
2019/01/09;2100 UTC;0;964,7;965,3;964,7;;30,5;21,5;30,9;28,2;22;18,9;62;49;59;;;;
2019/01/09;2200 UTC;0;965,8;965,8;964,7;;29,7;23,2;31,4;29,7;23,2;21,4;68;58;68;;;;
2019/01/09;2300 UTC;0;966,6;966,6;965,8;;28,6;23,3;29,7;28,5;23,6;23,2;75;68;73;;;;
2019/01/10;0000 UTC;0;967;967;966,6;;27,6;22,5;28,7;27,5;23,3;22,5;75;71;74;;;;
2019/01/10;0100 UTC;0;967,8;967,8;967;;26,1;21,8;28,2;26;22,6;21,3;77;69;77;;;;
2019/01/10;0200 UTC;0;967,9;967,9;967,7;;25,7;21,7;26,1;25,2;21,8;21,3;79;77;79;;;;
2019/01/10;0300 UTC;0;967,5;967,9;967,4;;25,6;21,9;26;25,5;21,9;21,6;80;77;80;;;;
2019/01/10;0400 UTC;0;967;967,5;967;;25,2;21,6;25,8;25,2;21,9;21,5;80;77;80;;;;
2019/01/10;0500 UTC;0;966,8;967,1;966,8;;23,9;22;25,2;23,9;22,1;21,5;89;80;89;;;;
2019/01/10;0600 UTC;0;966,7;966,8;966,6;;23,6;22,2;24;23,5;22,4;22,1;92;89;92;;;;
2019/01/10;0700 UTC;0;966,6;966,8;966,4;;23,2;21,9;23,6;23,2;22,2;21,9;94;91;92;;;;
2019/01/10;0800 UTC;0;966,8;966,9;966,6;;23;21;23,2;22,9;21,9;21;92;89;89;;;;
2019/01/10;0900 UTC;0;967,2;967,2;966,8;;23,3;20,9;23,4;23;21,1;20,6;89;85;86;;;;
2019/01/10;1000 UTC;0;968;968;967,2;;23,8;20,6;23,8;23,2;20,9;20,6;86;83;83;;;;
2019/01/10;1100 UTC;0;968,8;968,8;968;;25,2;20,7;25,2;23,8;21,1;20,4;83;75;76;;;;
2019/01/10;1200 UTC;0;969,4;969,5;968,8;;27,6;21,1;27,6;25,2;21,7;20,5;77;67;68;;;;
2019/01/10;1300 UTC;0;969,9;969,9;969,4;;29,5;21,2;29,6;27,5;22,4;20,6;70;61;61;;;;
2019/01/10;1400 UTC;0;969,9;970,1;969,8;;31,1;21,5;31,4;29;22,7;20,7;66;55;57;;;;
2019/01/10;1500 UTC;0;969,3;969,9;969,3;;32;21,9;32,3;31;22,7;20,5;59;52;55;;;;
2019/01/10;1600 UTC;0;968,4;969,3;968,4;;32;22,5;32,4;31,2;23,1;21,2;60;53;57;;;;
2019/01/10;1700 UTC;0;967,5;968,4;967,5;;32,9;20,6;33,6;31,8;22,9;20;59;48;48;;;;
2019/01/10;1800 UTC;0;966,4;967,5;966,4;;31,8;21,9;33,6;31,7;22,7;19,9;56;47;56;;;;
2019/01/10;1900 UTC;0;965,9;966,4;965,6;;31,4;21,3;33,5;31,2;23,1;20,6;58;49;55;;;;
2019/01/10;2000 UTC;2,8;967,1;967,2;965,8;;20,6;18,6;31,4;20,5;21,9;17,3;88;51;88;;;;
2019/01/10;2100 UTC;10,8;967,7;968;967;;21,8;19,4;22,6;19,9;19,9;18,5;93;79;86;;;;
2019/01/10;2200 UTC;,6;967,3;967,7;967;;22;19,4;22;21,4;20,2;19,3;92;85;85;;;;
2019/01/10;2300 UTC;0;968,7;968,8;967,2;;22,3;19,1;23,2;22;19,5;18,2;85;74;82;;;;
2019/01/11;0000 UTC;0;970;970,2;968,7;;22,5;19,8;22,6;22,2;19,8;19,1;85;81;85;;;;
2019/01/11;0100 UTC;0;970,9;971;970;;22,1;19,9;23,8;22,1;20,4;19,5;87;78;87;;;;
2019/01/11;0200 UTC;0;971,9;972,1;970,9;;21,9;20;22,5;21,8;20,3;19,8;89;86;89;;;;
2019/01/11;0300 UTC;0;971,4;972,1;971,4;;21,7;20,1;22;21,7;20,2;20;91;89;91;;;;
2019/01/11;0400 UTC;0;970,5;971,4;970,4;;21,9;19,8;22;21,7;20,1;19,7;91;87;88;;;;
2019/01/11;0500 UTC;0;970,2;970,5;970,2;;21,9;19,4;22,3;21,6;19,8;19,2;88;83;86;;;;
2019/01/11;0600 UTC;0;970,4;970,6;970;;21,7;19;22,1;21,6;19,4;18,9;86;82;84;;;;
2019/01/11;0700 UTC;0;970,1;970,5;970;;21,4;19,3;21,8;21,4;19,3;19;88;84;88;;;;
2019/01/11;0800 UTC;0;970,9;970,9;970,1;;21,2;19,5;21,7;21,2;19,5;19,1;90;85;90;;;;
2019/01/11;0900 UTC;0;971,3;971,4;970,8;;21,2;20;21,3;21;20;19,5;93;90;93;;;;
2019/01/11;1000 UTC;0;971,4;971,5;971,3;;21,6;20,6;21,6;21,1;20,6;20;95;92;94;;;;
2019/01/11;1100 UTC;0;971,6;971,6;971,4;;22,3;20,5;22,3;21,6;20,8;20,1;94;88;90;;;;
2019/01/11;1200 UTC;0;971,8;971,8;971,6;;23,8;20,4;23,8;22,3;20,6;19,6;90;79;81;;;;
2019/01/11;1300 UTC;0;972,1;972,1;971,8;;27;20,7;27,6;23,8;22;19,6;81;66;68;;;;
2019/01/11;1400 UTC;0;971,9;972,1;971,9;;28,6;21,2;29;27;22;20,1;70;61;64;;;;
2019/01/11;1500 UTC;0;971,2;971,9;971,2;;30,6;21,4;31;28,7;22,3;20,7;64;57;58;;;;
2019/01/11;1600 UTC;0;970,7;971,2;970,7;;31,6;21,7;31,8;30,5;22,8;20,7;62;54;56;;;;
2019/01/11;1700 UTC;0;970,1;970,7;970,1;;32,6;23,2;32,6;31,1;23,2;21,1;60;53;58;;;;
2019/01/11;1800 UTC;0;970,5;970,6;969,6;;24,6;18,3;32,9;23,7;23,8;16,7;68;52;68;;;;
2019/01/11;1900 UTC;,2;968,6;970,5;968,6;;26,8;17,9;26,8;24,4;19,5;17;74;56;58;;;;
2019/01/11;2000 UTC;0;968;968,6;968;;27,4;20,3;28,3;26,7;20,5;17,8;67;58;65;;;;
2019/01/11;2100 UTC;0;968;968,2;967,9;;27,7;20,4;27,8;27,1;20,7;19;66;61;64;;;;
2019/01/11;2200 UTC;0;968,2;968,2;967,9;;27,6;20,7;27,8;27,3;21,1;20,4;69;64;66;;;;
2019/01/11;2300 UTC;0;968,9;968,9;968,2;;27,8;18,9;28;26,9;21,2;18,9;69;58;58;;;;
2019/01/12;0000 UTC;0;969,9;969,9;968,9;;26,3;20,2;28,2;26,1;20,2;18,4;69;56;69;;;;
2019/01/12;0100 UTC;0;970,6;970,6;969,9;;25,8;20,4;26,3;25,4;20,9;20,2;75;69;72;;;;
2019/01/12;0200 UTC;0;971,1;971,1;970,6;;24,9;19,6;26,2;24,9;20,4;19,4;72;67;72;;;;
2019/01/12;0300 UTC;0;970,4;971,1;970,4;;24,2;19;24,9;24,2;19,6;19;75;72;73;;;;
2019/01/12;0400 UTC;0;969,7;970,4;969,7;;24,3;19,2;24,5;24;19,3;19;74;72;73;;;;
2019/01/12;0500 UTC;0;969,5;969,8;969,5;;24,6;19,4;24,8;24;19,4;19,1;75;71;73;;;;
2019/01/12;0600 UTC;0;970,4;970,9;969,5;;23;20,5;24,6;23;20,5;19,3;86;73;86;;;;
2019/01/12;0700 UTC;0;970,3;970,5;970,1;;22,6;21,2;23;22,6;21,2;20,6;92;86;92;;;;
2019/01/12;0800 UTC;,2;970,1;970,3;970;;22,2;21,4;22,6;22,2;21,4;21,2;95;92;95;;;;
2019/01/12;0900 UTC;0;970,8;970,8;970,1;;22,2;20,7;22,4;22;21,5;20,7;95;91;91;;;;
2019/01/12;1000 UTC;0;971,3;971,4;970,9;;22,1;19,9;22,3;22;20,7;19,7;92;86;87;;;;
2019/01/12;1100 UTC;0;971,5;971,7;971,3;;24,4;20,3;24,5;22,1;20,9;19,9;88;77;78;;;;
2019/01/12;1200 UTC;0;972;972,1;971,5;;25,3;20,4;25,6;24,4;21;19,8;80;73;75;;;;
2019/01/12;1300 UTC;0;972,2;972,2;972;;26,6;21,4;27;25,1;21,6;20;75;69;73;;;;
2019/01/12;1400 UTC;0;971,8;972,2;971,7;;28;21,5;28,9;26,4;22,7;20,5;73;66;68;;;;
2019/01/12;1500 UTC;0;971,5;971,9;971,5;;29,6;22;30,2;27,6;23,2;21,4;72;64;64;;;;
2019/01/12;1600 UTC;0;971;971,5;971;;30,9;21,8;31,3;29,2;23,5;21,1;67;57;58;;;;
2019/01/12;1700 UTC;0;970,3;971;970,3;;30,1;20,8;32;30,1;23;20,4;64;55;58;;;;
2019/01/12;1800 UTC;0;969,1;970,3;969,1;;31,2;21,7;31,2;28,8;22,8;20;67;55;57;;;;
2019/01/12;1900 UTC;0;968,9;969,7;968,8;;22,9;19,9;32,3;22,9;22,2;17,4;83;51;83;;;;
2019/01/12;2000 UTC;,4;968,1;968,9;967,7;;25,1;21,3;25,6;22,8;21,3;19,7;86;71;79;;;;
2019/01/12;2100 UTC;0;967,7;968,2;967,7;;25,8;20,8;25,9;24,9;21,7;19,9;81;70;74;;;;
2019/01/12;2200 UTC;0;968,5;968,5;967,7;;25,6;21;26,2;25,6;21,7;20,7;78;73;76;;;;
2019/01/12;2300 UTC;0;969,7;969,7;968,5;;23,8;21,3;25,6;23,8;21,5;20,4;86;74;86;;;;
2019/01/13;0000 UTC;0;969,8;969,8;969,4;;23,2;21,4;23,8;23,2;21,4;20,9;89;84;89;;;;
2019/01/13;0100 UTC;0;970,3;970,3;969,8;;23,3;20,2;23,4;23;21,4;20,1;90;83;83;;;;
2019/01/13;0200 UTC;0;971;971;970,3;;22,9;20,7;23,3;22,9;20,9;20,2;88;83;87;;;;
2019/01/13;0300 UTC;0;970,6;971;970,6;;23,2;20;23,6;22,8;20,6;19,6;87;78;83;;;;
2019/01/13;0400 UTC;0;970,1;970,6;970,1;;23,7;20,1;24;23,2;20,2;19,9;83;78;80;;;;
2019/01/13;0500 UTC;0;969,9;970,1;969,8;;23,3;20,4;23,7;23,2;20,7;20,2;86;80;84;;;;
2019/01/13;0600 UTC;0;969,7;969,9;969,7;;22,9;20,7;23,3;22,9;20,7;20,4;87;83;87;;;;
2019/01/13;0700 UTC;0;969,8;969,8;969,6;;22,6;20,5;23;22,6;20,7;20,5;88;86;88;;;;
2019/01/13;0800 UTC;0;970,1;970,1;969,8;;22,8;20,3;22,8;22,6;20,5;20,3;88;86;86;;;;
2019/01/13;0900 UTC;0;970,8;970,8;970,1;;22,5;20,3;22,8;22,4;20,3;20,1;87;85;87;;;;
2019/01/13;1000 UTC;0;971,5;971,5;970,8;;23,1;20,9;23,1;22,4;20,9;20,3;88;87;87;;;;
2019/01/13;1100 UTC;0;971,7;971,8;971,5;;25,4;21;25,5;23,1;21,8;20,8;87;77;77;;;;
2019/01/13;1200 UTC;0;971,9;971,9;971,7;;26,9;21,3;27;25,3;21,9;20,9;79;71;71;;;;
2019/01/13;1300 UTC;0;972,3;972,3;971,9;;27,1;21,3;27,2;26,5;21,7;20,4;73;69;71;;;;
2019/01/13;1400 UTC;0;972;972,5;972;;29,3;22,3;29,7;27,1;23,3;21,3;73;64;66;;;;
2019/01/13;1500 UTC;0;971,2;972;971,2;;30,3;22,4;30,7;29,1;23,7;21,5;69;61;63;;;;
2019/01/13;1600 UTC;0;970,9;971,3;970,9;;31,6;20,5;31,9;30,2;23;20,5;64;52;52;;;;
2019/01/13;1700 UTC;0;970;970,9;970;;31,7;21,8;32,4;31,1;23,3;20,5;61;52;56;;;;
2019/01/13;1800 UTC;0;969,1;970;969,1;;31,5;22,4;32,6;30,8;23,4;21,2;61;53;58;;;;
2019/01/13;1900 UTC;0;968,3;969,1;968,3;;30,8;19,6;33,2;30,8;23,7;18,5;60;47;51;;;;
2019/01/13;2000 UTC;0;968,3;968,5;968,2;;29,1;19,8;31,1;28,7;20,3;17,9;59;45;57;;;;
2019/01/13;2100 UTC;0;968,5;968,5;968,3;;29,4;21,3;29,9;29,1;21,3;19,2;62;53;62;;;;
2019/01/13;2200 UTC;0;968,8;968,8;968,4;;27,9;21,5;29,6;27,9;21,7;20,2;69;57;68;;;;
2019/01/13;2300 UTC;0;968,7;968,9;968,5;;26,8;21,6;28;26,8;21,7;20,7;74;65;73;;;;
2019/01/14;0000 UTC;0;969,4;969,4;968,6;;26,2;21,4;27,4;25,7;21,6;20,3;76;66;75;;;;
2019/01/14;0100 UTC;0;970,2;970,2;969,4;;25,8;20,4;26,4;25,8;21,4;20,4;75;71;72;;;;
2019/01/14;0200 UTC;0;971;971;970,2;;25,4;20,5;26;25,4;20,6;20,3;74;72;74;;;;
2019/01/14;0300 UTC;0;970,9;971,2;970,9;;25,6;20,5;25,6;25,1;20,7;20,5;76;73;74;;;;
2019/01/14;0400 UTC;0;970,6;970,9;970,6;;25,2;20,7;25,6;25,1;20,7;20,4;76;73;76;;;;
2019/01/14;0500 UTC;0;970;970,6;970;;24,8;20,2;25,2;24,7;20,8;20,2;77;76;76;;;;
2019/01/14;0600 UTC;0;970,1;970,2;970;;24,5;20,3;24,9;24,5;20,3;20,1;78;75;78;;;;
2019/01/14;0700 UTC;0;970,1;970,2;970,1;;24,4;20,4;24,6;24,3;20,5;20,2;79;77;79;;;;
2019/01/14;0800 UTC;0;970,4;970,5;970,1;;24,2;20,6;24,5;24,1;20,6;20,3;81;78;80;;;;
2019/01/14;0900 UTC;0;971;971,3;970,4;;23,2;21,1;24,2;23,2;21,1;20,6;88;80;88;;;;
2019/01/14;1000 UTC;0;971,1;971,1;970,6;;24;21,8;24;23,2;21,8;21,1;90;88;88;;;;
2019/01/14;1100 UTC;0;971,6;971,6;971;;26,1;21,9;26,2;24;22,2;21,6;88;77;78;;;;
2019/01/14;1200 UTC;0;971,9;971,9;971,6;;27,4;21,9;27,4;26,1;22,3;20,9;78;71;72;;;;
2019/01/14;1300 UTC;0;971,8;971,9;971,7;;28,9;22,4;28,9;27,4;22,6;21,7;73;66;68;;;;
2019/01/14;1400 UTC;0;971,6;971,9;971,5;;30,8;22,5;31,2;28,9;23,5;22,2;70;60;61;;;;
2019/01/14;1500 UTC;0;971;971,6;971;;31,8;22,6;32;30,6;23,7;22;63;57;58;;;;
2019/01/14;1600 UTC;0;970,3;971;970,2;;32,5;21,8;32,9;31,5;23,4;21,4;59;52;53;;;;
2019/01/14;1700 UTC;0;969,6;970,3;969,6;;33,3;22,5;33,7;32,4;24;20,9;57;50;53;;;;
2019/01/14;1800 UTC;0;968,5;969,6;968,5;;33,5;19,8;34;32,9;23,6;19,8;56;44;45;;;;
2019/01/14;1900 UTC;0;967,2;968,5;967,1;;33,7;20,6;34,4;33,2;21,9;19,5;50;43;47;;;;
2019/01/14;2000 UTC;0;966,7;967,2;966,6;;33;20,7;34,1;32,8;21,8;19,9;51;44;48;;;;
2019/01/14;2100 UTC;0;967;967;966,6;;32,4;21,4;33,3;32,2;21,9;20,1;54;46;52;;;;
2019/01/14;2200 UTC;0;967,6;967,6;967;;31,4;21,1;32,4;31,4;22;20,4;57;49;54;;;;
2019/01/14;2300 UTC;0;968,2;968,2;967,6;;30,9;20,6;31,6;30,7;21,5;20,3;57;51;54;;;;
2019/01/15;0000 UTC;0;968,8;968,9;968,2;;29,8;20;30,9;29,1;21,2;19,9;63;54;56;;;;
2019/01/15;0100 UTC;0;969,6;969,6;968,8;;29,5;19,9;29,9;29,5;20,1;19,8;57;55;56;;;;
2019/01/15;0200 UTC;0;970,6;970,6;969,6;;26,6;21,5;29,5;26,6;21,5;19,5;74;55;74;;;;
2019/01/15;0300 UTC;0;970,4;970,7;970,4;;26,6;21,6;26,8;25,9;21,9;21,6;78;74;74;;;;
2019/01/15;0400 UTC;0;970,3;970,5;969,7;;25,8;21,6;26,8;25,8;21,6;21,2;78;73;78;;;;
2019/01/15;0500 UTC;9;969,7;970,7;969,5;;22,2;19,9;25,8;21,4;22,3;19,6;95;77;87;;;;
2019/01/15;0600 UTC;0;968,9;970,2;968,9;;22,7;18,3;23,3;21,8;21,3;18;91;73;77;;;;
2019/01/15;0700 UTC;0;969,2;969,2;968,8;;23,5;20,9;23,5;22,6;20,9;18,1;85;73;85;;;;
2019/01/15;0800 UTC;0;969,2;969,4;969,2;;24,2;20,7;24,2;23,5;21,1;20,5;86;80;81;;;;
2019/01/15;0900 UTC;0;969,7;969,7;969,2;;24,1;21,3;24,2;23,8;21,6;20,8;87;81;85;;;;
2019/01/15;1000 UTC;0;970,7;970,7;969,7;;24,5;21,1;24,5;24;21,3;21;85;81;81;;;;
2019/01/15;1100 UTC;0;971,7;971,7;970,7;;25,2;21,4;25,7;24,5;21,7;20,9;82;78;79;;;;
2019/01/15;1200 UTC;0;972;972;971,6;;26;21,5;26,3;25,1;22,1;21,1;81;75;76;;;;
2019/01/15;1300 UTC;0;971,9;972,1;971,8;;28,5;21,2;28,6;26;22,4;21;78;65;65;;;;
2019/01/15;1400 UTC;0;971,7;972,2;971,7;;29,6;21,8;30,2;28,1;23,1;20,3;69;61;63;;;;
2019/01/15;1500 UTC;0;971,2;971,7;971,2;;29,6;22,2;30,5;29,1;23,4;21,8;69;62;64;;;;
2019/01/15;1600 UTC;0;970;971,2;970;;31,1;22,6;31,3;29,5;24,7;22,3;71;60;61;;;;
2019/01/15;1700 UTC;0;969,4;970;969,3;;32,1;22,7;32,5;31,1;23,2;21,7;62;54;57;;;;
2019/01/15;1800 UTC;0;968,3;969,4;968,3;;32,5;22,4;33,2;32;24;21,6;61;53;55;;;;
2019/01/15;1900 UTC;0;967,4;968,3;967,4;;32,8;21,5;33,2;32,4;23,3;21,2;58;51;52;;;;
2019/01/15;2000 UTC;0;967;967,4;967;;32,9;21,7;33,6;32,8;23,3;21,4;56;50;52;;;;
2019/01/15;2100 UTC;0;967,3;967,3;966,8;;30,5;20,7;33,4;30,5;23,4;20,7;58;52;56;;;;
2019/01/15;2200 UTC;1,2;968,5;968,6;967,3;;24,3;19,3;30,5;24,1;21;17,6;81;51;74;;;;
2019/01/15;2300 UTC;0;968,8;969,1;968,5;;24,1;20,1;24,5;23,4;20,5;18,5;82;69;79;;;;
2019/01/16;0000 UTC;,2;969,4;969,5;968,8;;24,2;20,5;26,4;24,1;20,5;18;80;60;80;;;;
2019/01/16;0100 UTC;0;970;970;969,2;;24,4;20,6;24,9;24,1;20,9;20,1;82;75;80;;;;
2019/01/16;0200 UTC;0;970,2;970,4;970;;25;20,4;25,1;24,4;20,6;20,2;80;75;76;;;;
2019/01/16;0300 UTC;0;970,3;970,4;970,1;;24,6;20,3;25,1;24,5;20,5;20,2;78;74;77;;;;
2019/01/16;0400 UTC;0;969,9;970,4;969,9;;24,8;20,3;24,8;24,4;20,5;20,2;79;75;76;;;;
2019/01/16;0500 UTC;0;969,6;969,9;969,6;;24,2;20,6;25,1;24,2;20,6;20;81;73;81;;;;
2019/01/16;0600 UTC;0;969,8;969,9;969,6;;24,5;20,3;24,6;24,1;20,8;20,2;82;77;77;;;;
2019/01/16;0700 UTC;0;970;970;969,8;;24,1;20,6;24,8;24,1;20,6;20;81;75;81;;;;
2019/01/16;0800 UTC;0;970,1;970,1;970;;23,3;20,4;24,2;23,3;20,6;20,2;83;79;83;;;;
2019/01/16;0900 UTC;0;970,4;970,4;970;;23,2;20,1;23,3;23;20,4;20,1;85;83;83;;;;
2019/01/16;1000 UTC;0;971,2;971,2;970,4;;24,5;20,5;24,5;23;20,6;20,1;85;79;79;;;;
2019/01/16;1100 UTC;0;971,6;971,7;971,2;;25,8;21,1;25,8;24,5;21,5;20,5;79;75;75;;;;
2019/01/16;1200 UTC;0;971,9;971,9;971,6;;28;22;28;25,5;22;20,9;79;68;70;;;;
2019/01/16;1300 UTC;0;972,3;972,3;971,9;;29,2;22;29,4;27,9;22,1;20,3;70;62;65;;;;
2019/01/16;1400 UTC;0;972,3;972,4;972,2;;30,5;22,8;30,7;29,2;23,3;21,3;67;61;64;;;;
2019/01/16;1500 UTC;0;971,9;972,3;971,9;;31,8;22,9;32;30,2;24,3;22,4;66;59;59;;;;
2019/01/16;1600 UTC;0;971,3;971,9;971,3;;32,9;23,4;32,9;31,5;24,5;21,9;64;55;58;;;;
2019/01/16;1700 UTC;0;970,4;971,3;970,4;;33,3;22,5;33,6;32,2;24,2;21,7;60;51;53;;;;
2019/01/16;1800 UTC;0;969,5;970,4;969,5;;34,1;21,6;34,5;33,1;24,1;21;58;47;48;;;;
2019/01/16;1900 UTC;0;968,6;969,5;968,6;;34,1;20,3;34,6;33,9;22,5;19;51;41;44;;;;
2019/01/16;2000 UTC;0;967,8;968,7;967,8;;33,9;19,5;34,4;33,8;20,7;17,4;45;37;43;;;;
2019/01/16;2100 UTC;0;967,7;967,9;967,7;;33;19,6;34,1;33;21,1;18,6;48;41;45;;;;
2019/01/16;2200 UTC;0;968,1;968,1;967,7;;31,4;20,6;33,1;31,4;20,9;19,5;53;45;53;;;;
2019/01/16;2300 UTC;0;968,7;968,7;968,1;;29,9;21,2;31,4;29,8;21,5;20,5;61;52;60;;;;
2019/01/17;0000 UTC;0;969,2;969,2;968,7;;29,4;20,1;30,2;29,4;21,4;19,9;61;55;57;;;;
2019/01/17;0100 UTC;0;969,9;969,9;969,1;;29,2;19,7;29,6;28,8;20,2;19,7;60;56;57;;;;
2019/01/17;0200 UTC;0;970,1;970,1;969,8;;29;19,7;29,3;28,4;20;19,6;60;56;57;;;;
2019/01/17;0300 UTC;0;970,3;970,3;970,1;;28,3;19,7;29;28,3;19,8;19,5;60;57;60;;;;
2019/01/17;0400 UTC;0;970,1;970,3;970;;27,2;20,2;28,3;27,1;20,2;19,7;66;60;66;;;;
2019/01/17;0500 UTC;0;969,6;970,1;969,5;;26,5;20,2;27,4;26,5;20,5;20,1;69;65;68;;;;
2019/01/17;0600 UTC;0;969,3;969,6;969,3;;25,4;21,4;26,7;25,2;21,4;20,2;79;68;79;;;;
2019/01/17;0700 UTC;0;969,2;969,4;969,2;;25,3;21,9;25,7;25,2;21,9;21,4;82;78;81;;;;
2019/01/17;0800 UTC;0;969,1;969,2;969,1;;24,7;21,9;25,4;24,7;21,9;21,8;84;81;84;;;;
2019/01/17;0900 UTC;0;970;970;969,1;;24,4;21,7;24,8;24,4;21,9;21,7;85;83;85;;;;
2019/01/17;1000 UTC;0;971;971;970,1;;25,3;21,9;25,3;24,3;21,9;21,6;86;81;81;;;;
2019/01/17;1100 UTC;0;971,6;971,6;971;;27,1;22,2;27,3;25,3;22,7;21,7;81;73;74;;;;
2019/01/17;1200 UTC;0;971,9;971,9;971,6;;28,7;23,2;28,7;27,1;23,4;22,1;76;71;72;;;;
2019/01/17;1300 UTC;0;971,8;971,9;971,7;;30,4;23,5;30,4;28,7;23,5;22;73;62;67;;;;
2019/01/17;1400 UTC;0;971,4;971,9;971,4;;32;22,9;32;30,3;24;22,3;66;58;59;;;;
2019/01/17;1500 UTC;0;971;971,4;971;;32,3;21,9;32,9;31,6;23,3;21,2;61;53;54;;;;
2019/01/17;1600 UTC;0;970,2;971;970,2;;33,1;22,7;33,3;32,2;23,1;20,6;58;48;54;;;;
2019/01/17;1700 UTC;0;969,4;970,2;969,4;;33,7;22,6;33,9;33;24;20,8;57;48;52;;;;
2019/01/17;1800 UTC;0;968,2;969,4;968,2;;33,9;19,6;34,3;33,5;23,2;19,6;54;43;43;;;;
2019/01/17;1900 UTC;0;967,2;968,2;967,2;;34,4;21,3;34,7;33,7;22,2;19,5;49;42;46;;;;
2019/01/17;2000 UTC;0;966,4;967,2;966,4;;34,1;20,3;34,5;33,9;22,1;20;49;43;44;;;;
2019/01/17;2100 UTC;0;966,2;966,4;966;;33,9;20,9;34,4;33,7;21,7;19,9;49;44;47;;;;
2019/01/17;2200 UTC;0;967;967,1;966,2;;31,6;21,6;33,9;31,6;21,7;20,4;56;46;56;;;;
2019/01/17;2300 UTC;0;967,9;967,9;967;;30,7;21,5;31,7;30,7;22,1;21,4;60;55;58;;;;
2019/01/18;0000 UTC;0;968,8;968,8;967,9;;30,5;20,9;30,9;30,2;21,6;20,8;58;55;57;;;;
2019/01/18;0100 UTC;0;969,3;969,3;968,7;;29,8;20,7;30,5;29,4;21;20,5;60;56;58;;;;
2019/01/18;0200 UTC;0;969,9;969,9;969,3;;27,9;21,6;29,8;27,9;21,8;20,6;69;58;69;;;;
2019/01/18;0300 UTC;0;970;970,2;969,9;;26,6;21;28,1;26,6;21,8;20,9;73;68;71;;;;
2019/01/18;0400 UTC;0;969,7;970;969,6;;25,9;20,2;26,8;25,8;20,9;20,2;72;68;70;;;;
2019/01/18;0500 UTC;0;969,6;969,9;969,5;;25,6;20,1;25,9;25,4;20,3;20,1;73;70;72;;;;
2019/01/18;0600 UTC;0;969,5;969,7;969,5;;24,9;19,7;25,7;24,8;20,1;19,7;74;71;73;;;;
2019/01/18;0700 UTC;0;969,7;969,8;969,4;;24;19,7;24,9;24;19,8;19,5;77;72;77;;;;
2019/01/18;0800 UTC;0;970;970;969,6;;23,4;20;24;23,4;20;19,7;81;77;81;;;;
2019/01/18;0900 UTC;0;970,2;970,2;969,8;;23,2;20;23,5;23,1;20;19,9;83;81;82;;;;
2019/01/18;1000 UTC;0;970,3;970,4;970,2;;23,8;20,8;23,8;23,1;20,8;20;84;82;84;;;;
2019/01/18;1100 UTC;0;970,7;970,7;970,3;;25,7;20,5;25,7;23,8;21,1;20,3;84;73;73;;;;
2019/01/18;1200 UTC;0;971,2;971,2;970,7;;27,3;21,4;27,3;25,4;21,4;20,1;74;70;70;;;;
2019/01/18;1300 UTC;0;972,1;972,1;971,2;;27,4;21,3;28,1;27,1;21,7;20,5;71;65;70;;;;
2019/01/18;1400 UTC;0;972,1;972,2;972;;29,9;22,5;30;27,2;22,7;21,1;71;61;65;;;;
2019/01/18;1500 UTC;0;971,6;972,1;971,6;;28,1;20,5;30,4;28,1;22,9;20,5;66;60;64;;;;
2019/01/18;1600 UTC;0;971;971,6;971;;29,8;23;29,8;27,4;23,3;20,2;71;63;67;;;;
2019/01/18;1700 UTC;0;969,6;971;969,6;;30;21,7;31,1;29,1;22,8;20,5;66;56;61;;;;
2019/01/18;1800 UTC;0;969,7;969,7;969,2;;26,2;21,8;30;26,2;22,9;21,1;76;61;76;;;;
2019/01/18;1900 UTC;0;970;970,1;968,4;;24,4;20,9;26,3;24,3;22,4;20,7;83;75;81;;;;
2019/01/18;2000 UTC;,2;969,4;969,9;969;;24,2;20,6;24,5;24,2;21,9;20,5;86;80;80;;;;
2019/01/18;2100 UTC;0;969,3;969,6;969,3;;24,2;21,3;24,4;24,2;21,4;20,5;84;79;84;;;;
2019/01/18;2200 UTC;0;968,7;969,3;968,6;;23,7;21,4;24,2;23,7;22,1;21;90;83;87;;;;
2019/01/18;2300 UTC;0;969,2;969,4;968,7;;23,2;21,6;23,8;23,2;21,7;21,4;91;86;91;;;;
2019/01/19;0000 UTC;0;969,7;970;969,1;;23;21,9;23,2;23;21,9;21,5;93;91;93;;;;
2019/01/19;0100 UTC;0;970,1;970,1;969,6;;22,9;21,9;23;22,9;22;21,9;95;93;94;;;;
2019/01/19;0200 UTC;0;970,4;970,7;970,1;;23;21,5;23,2;22,8;22;21,5;95;91;91;;;;
2019/01/19;0300 UTC;0;970,5;970,7;970,4;;23,3;21,2;23,3;23;21,7;21,1;92;88;88;;;;
2019/01/19;0400 UTC;0;968,9;970,6;968,9;;23,2;21,4;23,4;23,2;21,4;21,1;90;88;90;;;;
2019/01/19;0500 UTC;0;968,7;968,9;968,6;;22,9;21,5;23,3;22,9;21,6;21,4;92;90;92;;;;
2019/01/19;0600 UTC;0;968,7;968,9;968,6;;22,5;21,6;22,8;22,5;21,6;21,5;95;92;95;;;;
2019/01/19;0700 UTC;0;969;969;968,7;;22,5;21,7;22,6;22,5;21,7;21,6;95;95;95;;;;
2019/01/19;0800 UTC;0;969,4;969,4;969;;22,8;22,1;22,8;22,6;22,1;21,8;96;95;96;;;;
2019/01/19;0900 UTC;0;970;970;969,3;;22,7;22,2;22,8;22,6;22,2;21,9;97;96;97;;;;
2019/01/19;1000 UTC;0;970,4;970,4;970;;23;22,2;23,1;22,7;22,6;22,2;98;95;95;;;;
2019/01/19;1100 UTC;0;970,8;970,8;970,4;;23,2;22,4;23,3;23;22,4;22;95;94;95;;;;
2019/01/19;1200 UTC;0;971,1;971,1;970,8;;24,7;23;24,7;23,2;23,2;22,3;95;90;91;;;;
2019/01/19;1300 UTC;0;971,5;971,5;971,1;;24,6;22,4;25,2;24,5;23,1;22,1;90;86;87;;;;
2019/01/19;1400 UTC;0;971,7;971,9;971,5;;25,3;22,1;25,5;24,6;22,8;22,1;88;82;82;;;;
2019/01/19;1500 UTC;0;971,6;971,8;971,6;;26,1;21,3;26,2;25,2;22,3;21,1;83;74;75;;;;
2019/01/19;1600 UTC;,2;971,4;971,6;971,4;;26,1;21,6;26,4;26;21,8;20,8;77;72;77;;;;
2019/01/19;1700 UTC;0;970,6;971,4;970,6;;27,7;22,7;27,7;26,1;23,1;21,3;77;72;75;;;;
2019/01/19;1800 UTC;0;970;970,6;970;;28;23,2;28;26;23,8;21,1;85;69;75;;;;
2019/01/19;1900 UTC;0;969,1;970;969,1;;28,2;23,3;28,5;27,3;24,7;22,5;81;72;75;;;;
2019/01/19;2000 UTC;0;968,5;969,1;968,5;;26,5;22,1;29,5;26,2;24,2;20,2;78;65;77;;;;
2019/01/19;2100 UTC;0;968,2;968,5;968,2;;25,8;21,2;27,1;25,8;22,6;21,2;79;71;76;;;;
2019/01/19;2200 UTC;0;968;968,2;967,8;;27;22;27,3;25,7;22,4;21;77;73;74;;;;
2019/01/19;2300 UTC;0;968,4;968,4;968;;25,2;21,9;27;25,2;22,1;21,7;82;74;82;;;;
2019/01/20;0000 UTC;0;969,1;969,1;968,4;;24,8;21,7;25,5;24,8;22;21,4;83;80;83;;;;
2019/01/20;0100 UTC;0;969,6;969,6;969,1;;24,1;21,5;25;24,1;21,8;21,4;85;82;85;;;;
2019/01/20;0200 UTC;0;970,1;970,1;969,6;;23,8;20,7;24,3;23,8;21,6;20,7;86;82;83;;;;
2019/01/20;0300 UTC;0;970,2;970,3;970,1;;23,2;20,6;23,9;23;20,8;20,4;85;82;85;;;;
2019/01/20;0400 UTC;0;970;970,3;970;;22,8;20,6;23,2;22,7;20,7;20,4;88;85;87;;;;
2019/01/20;0500 UTC;0;969,5;970;969,5;;22,2;20,5;22,8;22,2;20,7;20,5;90;87;90;;;;
2019/01/20;0600 UTC;0;968,8;969,5;968,8;;21,3;20,1;22,2;21,3;20,5;20;93;90;93;;;;
2019/01/20;0700 UTC;0;968,6;968,8;968,5;;20,7;19,8;21,4;20,6;20,1;19,8;95;92;95;;;;
2019/01/20;0800 UTC;0;968,7;968,7;968,6;;20,2;19,6;20,7;20,2;19,9;19,6;96;95;96;;;;
2019/01/20;0900 UTC;0;969,4;969,4;968,7;;20,1;19,4;20,3;20;19,7;19,3;97;96;96;;;;
2019/01/20;1000 UTC;0;970;970;969,4;;20,7;20;20,7;19,9;20;19,2;97;95;96;;;;
2019/01/20;1100 UTC;0;970,7;970,8;970;;22,1;20,2;22,1;20,7;20,5;19,7;96;89;89;;;;
2019/01/20;1200 UTC;0;971,3;971,3;970,7;;24,3;20,4;24,5;22,1;20,9;19,6;89;77;79;;;;
2019/01/20;1300 UTC;0;971,7;971,7;971,3;;26;20,4;26,3;24,1;21,1;19,9;79;70;71;;;;
2019/01/20;1400 UTC;0;971,7;971,9;971,7;;27,4;20,7;27,8;25,9;21,1;19,8;72;65;67;;;;
2019/01/20;1500 UTC;0;971,4;971,8;971,4;;27,8;20,8;29;26,6;21,9;19,9;70;62;66;;;;
2019/01/20;1600 UTC;0;970,9;971,4;970,9;;28,1;20,7;29,5;27,4;21,9;20;67;60;64;;;;
2019/01/20;1700 UTC;0;970,3;970,9;970,3;;29,2;21,1;29,4;28,2;22,1;20,1;67;60;62;;;;
2019/01/20;1800 UTC;0;969,6;970,3;969,5;;29,7;21,2;30,5;28,8;22,1;19,8;63;57;60;;;;
2019/01/20;1900 UTC;0;968,6;969,6;968,6;;29,5;19,9;30,6;29,4;21,4;19,6;61;54;57;;;;
2019/01/20;2000 UTC;0;968,1;968,6;968,1;;30,5;20,4;31;29,1;21,5;19,6;60;52;55;;;;
2019/01/20;2100 UTC;0;967,8;968,1;967,8;;30,1;20,4;30,5;29,1;21,1;19,6;59;53;56;;;;
2019/01/20;2200 UTC;0;968,1;968,1;967,7;;28,9;20,1;30,1;28,9;20,5;19,7;59;55;59;;;;
2019/01/20;2300 UTC;0;968,7;968,7;968,1;;27,9;19,8;28,9;27,8;20,4;19,8;62;58;61;;;;
2019/01/21;0000 UTC;0;969,2;969,2;968,7;;27,5;19,6;27,9;27,4;19,8;19,5;62;61;62;;;;
2019/01/21;0100 UTC;0;969,8;969,8;969,2;;27,4;19,7;27,6;27,1;19,8;19,6;64;62;63;;;;
2019/01/21;0200 UTC;0;970,1;970,1;969,8;;25,4;19,7;27,4;25,4;20,1;19,7;71;63;71;;;;
2019/01/21;0300 UTC;0;970;970,2;970;;24,7;20,9;25,5;24,5;21,3;19,7;79;71;79;;;;
2019/01/21;0400 UTC;0;969,5;970;969,5;;24;21,9;25,1;23,6;21,9;20,6;88;76;88;;;;
2019/01/21;0500 UTC;0;968,9;969,5;968,9;;24,2;21,4;24,2;23,8;21,9;21,4;88;85;85;;;;
2019/01/21;0600 UTC;0;968,7;968,9;968,6;;23,6;21,1;24,2;23,6;21,5;21,1;87;84;86;;;;
2019/01/21;0700 UTC;0;968,8;968,8;968,6;;23,5;21,8;24;23,4;22;21,2;91;86;90;;;;
2019/01/21;0800 UTC;0;969,1;969,1;968,8;;23,2;22,2;23,5;23,2;22,2;21,7;94;90;94;;;;
2019/01/21;0900 UTC;0;969,4;969,4;969,1;;23,3;22,8;23,4;23,2;22,8;22,2;97;94;97;;;;
2019/01/21;1000 UTC;0;970,1;970,1;969,4;;23,4;23,4;23,4;23,1;23,4;22,8;100;97;100;;;;
2019/01/21;1100 UTC;0;971,2;971,2;970,1;;25,4;25,4;25,5;23,4;25,4;23,4;100;100;100;;;;
2019/01/21;1200 UTC;0;971,7;971,7;971,2;;27,4;23,1;27,4;25,3;25,6;22,5;100;76;78;;;;
2019/01/21;1300 UTC;0;972;972;971,7;;28,8;22,9;29,1;27,2;23,9;22,3;78;69;71;;;;
2019/01/21;1400 UTC;0;972,1;972,1;972;;30,2;23,5;30,3;28,6;23,9;22,2;73;63;67;;;;
2019/01/21;1500 UTC;0;971,7;972,1;971,7;;30,8;21,7;31,8;29,5;24,3;21,5;67;58;58;;;;
2019/01/21;1600 UTC;0;971,1;971,7;971,1;;31,2;22,6;31,7;29,6;23,7;21,3;65;57;60;;;;
2019/01/21;1700 UTC;0;970,5;971,1;970,5;;31,8;21,8;32,6;30,9;23,4;21,4;61;53;56;;;;
2019/01/21;1800 UTC;0;969,8;970,5;969,8;;32;21,7;33,6;31,4;23,1;21,5;58;52;55;;;;
2019/01/21;1900 UTC;0;969,1;969,8;969,1;;32,9;21,8;33,8;31,7;23,3;20,8;58;49;52;;;;
2019/01/21;2000 UTC;0;968,5;969,1;968,5;;30,5;22,3;33,6;30,5;22,7;20,7;62;48;62;;;;
2019/01/21;2100 UTC;0;968,3;968,6;968,3;;31,7;21,8;32,5;30;23,5;20,8;64;53;56;;;;
2019/01/21;2200 UTC;0;969,2;969,2;968,3;;29,3;22,2;31,7;29,2;22,5;21,2;66;54;66;;;;
2019/01/21;2300 UTC;0;969,8;969,8;969,2;;25,9;21,7;29,3;25,9;22,3;21,7;78;66;78;;;;
2019/01/22;0000 UTC;0;970,5;970,5;969,8;;25,6;21,4;25,9;25,2;21,8;21,1;81;77;78;;;;
2019/01/22;0100 UTC;0;971,1;971,1;970,5;;25,6;21,7;25,8;25,1;21,8;21,4;81;78;79;;;;
2019/01/22;0200 UTC;0;970,9;971,1;970,8;;26,7;20,7;26,8;25,6;21,7;20,7;79;69;69;;;;
2019/01/22;0300 UTC;0;970,6;970,9;970,6;;26,5;21,1;27,3;26,4;21,2;20,7;73;67;72;;;;
2019/01/22;0400 UTC;0;970,4;970,6;970,4;;26,3;21,6;26,7;25,8;21,6;21,1;76;72;76;;;;
2019/01/22;0500 UTC;0;970,2;970,4;970,2;;25,4;21,7;26,4;25,1;21,7;21,3;80;75;80;;;;
2019/01/22;0600 UTC;0;969,8;970,2;969,8;;24,5;21,5;25,6;24,5;21,7;21,3;83;79;83;;;;
2019/01/22;0700 UTC;0;969,7;969,8;969,7;;24,2;22,1;24,5;24;22,1;21,5;88;83;88;;;;
2019/01/22;0800 UTC;0;970,1;970,1;969,7;;23;21,7;24,4;22,9;22,1;21,4;93;87;93;;;;
2019/01/22;0900 UTC;0;970,6;970,6;970,1;;24,3;21,9;24,5;23;22,3;21,7;93;86;87;;;;
2019/01/22;1000 UTC;0;971,4;971,4;970,6;;24,5;22,3;25,1;24;22,5;21,6;89;85;88;;;;
2019/01/22;1100 UTC;0;972;972;971,4;;27,3;23;27,6;24,3;23,6;21,8;88;74;78;;;;
2019/01/22;1200 UTC;0;972,1;972,2;972;;29,3;22,9;29,4;27,2;23,7;22,5;78;68;69;;;;
2019/01/22;1300 UTC;0;972,4;972,4;972,1;;31;23,1;31,4;29,3;24,1;22,2;70;59;63;;;;
2019/01/22;1400 UTC;0;972,2;972,4;972,2;;32,3;23,1;33;30,8;23,7;22;64;56;59;;;;
2019/01/22;1500 UTC;0;971,8;972,2;971,8;;33,2;22,8;33,4;32;23,9;21,6;60;50;54;;;;
2019/01/22;1600 UTC;0;971;971,8;971;;33,7;21,4;34,1;32,9;24,3;21,3;57;47;49;;;;
2019/01/22;1700 UTC;0;970,2;971;970,2;;35;20,7;35,7;33,3;24,3;19,2;55;41;44;;;;
2019/01/22;1800 UTC;0;969,6;970,2;969,5;;34,8;20,8;35,7;34,3;22,2;19,1;47;40;44;;;;
2019/01/22;1900 UTC;0;968,8;969,6;968,8;;35,3;21,3;36,1;34,4;22,6;19,9;47;41;44;;;;
2019/01/22;2000 UTC;0;968;968,8;967,9;;34,7;19,6;35,7;34,6;21,5;19,3;45;40;41;;;;
2019/01/22;2100 UTC;0;968;968,1;967,9;;34,5;20,4;35;34,4;21,1;18,8;46;39;44;;;;
2019/01/22;2200 UTC;0;968,6;968,7;968;;33,7;19,3;34,8;33,6;20,9;18,1;46;38;43;;;;
2019/01/22;2300 UTC;0;968,8;969;968,6;;32,1;17,6;33,7;31,8;19,2;17,4;43;41;42;;;;
2019/01/23;0000 UTC;0;968,9;969;968,8;;32,4;17,4;32,6;32,1;18,2;17,3;44;40;41;;;;
2019/01/23;0100 UTC;0;969,5;969,5;968,9;;31,4;17,8;32,7;30,8;19,1;17,3;50;40;44;;;;
2019/01/23;0200 UTC;0;969,9;970;969,5;;28,8;19,3;31,6;28,6;19,4;17,8;57;44;57;;;;
2019/01/23;0300 UTC;0;969,8;970;969,8;;28,1;20,6;29,4;28,1;20,6;18,9;64;54;64;;;;
2019/01/23;0400 UTC;0;969,2;969,8;969,2;;27,9;21,2;28,1;27,6;21,3;20,6;68;64;67;;;;
2019/01/23;0500 UTC;0;969;969,3;969;;26,9;21,7;27,9;26,6;21,7;20,8;73;67;73;;;;
2019/01/23;0600 UTC;0;968,9;969;968,7;;26,8;22;27,1;26,7;22;21,7;75;73;75;;;;
2019/01/23;0700 UTC;0;969,2;969,2;968,9;;26,8;21,9;27;26,6;22;21,9;76;74;74;;;;
2019/01/23;0800 UTC;0;969,5;969,5;969,2;;26,6;21,8;26,9;26,5;21,9;21,7;75;74;75;;;;
2019/01/23;0900 UTC;0;970,2;970,2;969,5;;26;21,6;26,6;26;21,8;21,6;77;75;77;;;;
2019/01/23;1000 UTC;0;970,6;970,6;970,2;;26,8;22,1;26,8;25,9;22,1;21,6;77;75;75;;;;
2019/01/23;1100 UTC;0;971,2;971,2;970,6;;29,2;22,5;29,2;26,8;22,7;22,1;75;67;67;;;;
2019/01/23;1200 UTC;0;971,3;971,4;971,2;;30,7;22,8;30,8;29,1;23,5;22,1;68;62;63;;;;
2019/01/23;1300 UTC;0;971,2;971,4;971,2;;32,2;23,1;32,5;30,4;23,8;22,4;65;58;59;;;;
2019/01/23;1400 UTC;0;971,1;971,2;971,1;;33,9;24,3;33,9;31,9;24,3;22,5;61;56;57;;;;
2019/01/23;1500 UTC;0;970,8;971,2;970,8;;35,3;22,5;35,3;33;24,3;21,4;58;46;48;;;;
2019/01/23;1600 UTC;0;970,6;970,9;970,6;;35,4;20,9;35,9;34,5;23,2;19,1;49;38;43;;;;
2019/01/23;1700 UTC;0;969,5;970,6;969,5;;36,3;20,7;36,3;35,1;22,9;19,5;47;39;40;;;;
2019/01/23;1800 UTC;0;968,3;969,5;968,2;;36,5;18,7;37,1;35,7;20,9;17;41;33;35;;;;
2019/01/23;1900 UTC;0;967,4;968,3;967,4;;36;21,2;37;35,2;22,2;18,6;45;35;42;;;;
2019/01/23;2000 UTC;0;967,1;967,4;966,8;;34,8;20,3;36,5;34,8;22;19;48;37;43;;;;
2019/01/23;2100 UTC;0;967,2;967,2;967,1;;34,3;20,4;35,2;34,3;22,7;19,6;51;40;44;;;;
2019/01/23;2200 UTC;0;968;968;967,2;;31,3;21,8;34,3;31,3;23;20,3;58;44;57;;;;
2019/01/23;2300 UTC;0;968,6;968,7;968;;30,9;20,4;31,4;30,9;21,7;20,4;58;53;54;;;;
2019/01/24;0000 UTC;0;969,1;969,2;968,6;;29,5;20,2;31,3;29,5;20,5;19,9;57;52;57;;;;
2019/01/24;0100 UTC;0;969,3;969,3;969;;28,4;20,5;29,5;28,4;20,8;20,3;63;57;62;;;;
2019/01/24;0200 UTC;0;969,1;969,3;969,1;;28,3;21,2;28,7;28,1;21,2;20,4;66;62;65;;;;
2019/01/24;0300 UTC;0;969,2;969,4;969;;27,8;21,6;28,3;27,5;21,6;21,2;69;65;69;;;;
2019/01/24;0400 UTC;0;969,3;969,4;969,1;;27,9;20,7;28;27,7;21,6;20,7;69;65;65;;;;
2019/01/24;0500 UTC;0;969;969,4;968,9;;27;20,8;28;27;20,9;20,7;69;65;69;;;;
2019/01/24;0600 UTC;0;968,5;969;968,5;;25,8;21,3;27,2;25,8;21,3;20,9;76;69;76;;;;
2019/01/24;0700 UTC;0;968,6;968,6;968,4;;25,8;21,2;25,8;25,4;21,4;21,2;79;76;76;;;;
2019/01/24;0800 UTC;0;970;970;968,6;;24,6;21,1;25,8;24,5;21,2;20,8;81;76;81;;;;
2019/01/24;0900 UTC;0;969,8;970,1;969,8;;24,3;20,9;24,7;23,7;21,2;20,8;84;81;81;;;;
2019/01/24;1000 UTC;0;970,7;970,7;969,8;;25,3;21;25,5;24,2;21;20,8;81;75;77;;;;
2019/01/24;1100 UTC;0;970,7;971,2;970,5;;26,2;22;26,5;24,9;22,3;21,1;81;76;78;;;;
2019/01/24;1200 UTC;0;971,9;971,9;970,7;;26,7;21,9;27,3;26,1;22,4;21,6;78;72;75;;;;
2019/01/24;1300 UTC;,2;973;973,6;971,8;;21,8;19;26,8;21,8;22;19;92;74;84;;;;
2019/01/24;1400 UTC;1;973;973,3;972,9;;23,6;16,8;24,7;21,4;19,4;16,3;88;60;66;;;;
2019/01/24;1500 UTC;2,2;972,3;973,3;972,3;;23,6;17,5;24,2;22,1;18,1;16,6;77;63;69;;;;
2019/01/24;1600 UTC;,4;970,4;972,3;970,4;;26,2;20,8;26,2;23,2;21,6;17,5;83;68;72;;;;
2019/01/24;1700 UTC;0;968,9;970,4;968,8;;28,4;17,7;28,5;26,1;21,4;17,1;75;51;52;;;;
2019/01/24;1800 UTC;0;968,2;969,1;968,2;;26,6;21,3;29,1;26,6;21,3;17,1;73;49;73;;;;
2019/01/24;1900 UTC;0;967,2;968,2;967,2;;30;21,8;30,1;26,6;22,5;20,5;73;59;61;;;;
2019/01/24;2000 UTC;0;966,4;967,2;966,4;;31,7;19,9;32,3;30,1;22,6;19,8;62;47;50;;;;
2019/01/24;2100 UTC;0;967,4;967,4;966,4;;28;21,7;32,4;28;22,6;19,6;71;49;69;;;;
2019/01/24;2200 UTC;0;968,1;968,2;967,4;;26,9;21,5;28;26,9;21,7;20,7;72;68;72;;;;
2019/01/24;2300 UTC;0;968,8;968,8;968;;25,3;20,6;26,9;25,2;21,5;20,3;75;72;75;;;;
2019/01/25;0000 UTC;0;969,3;969,3;968,6;;24,2;21,1;25,3;24,1;21,1;20,5;83;75;83;;;;
2019/01/25;0100 UTC;0;969,8;969,9;969,3;;25,8;19,9;25,9;24,1;21,2;19,9;84;70;70;;;;
2019/01/25;0200 UTC;0;970;970;969,6;;25,4;20,1;25,8;24,5;20,4;19,9;76;70;73;;;;
2019/01/25;0300 UTC;0;969,5;970;969,5;;25,5;19,8;25,5;24,8;20,2;19,7;73;71;71;;;;
2019/01/25;0400 UTC;0;969,1;969,5;969;;24,6;20,1;26,2;24,2;20,1;19;77;65;76;;;;
2019/01/25;0500 UTC;0;968,7;969,2;968,6;;23,2;20,9;24,6;23,2;21,2;20;88;76;87;;;;
2019/01/25;0600 UTC;0;968;968,7;968;;23,5;21,5;23,7;23,2;21,7;20,9;89;85;88;;;;
2019/01/25;0700 UTC;0;968,1;968,2;968;;23,5;21,3;23,8;23,3;21,4;21;89;85;87;;;;
2019/01/25;0800 UTC;0;968,4;968,4;968,1;;23,4;21,3;23,7;23,3;21,5;21,2;90;87;88;;;;
2019/01/25;0900 UTC;0;968,8;968,8;968,3;;22,9;21,4;23,4;22,9;21,5;21,3;91;88;91;;;;
2019/01/25;1000 UTC;0;969,4;969,4;968,8;;23,9;22,2;23,9;22,9;22,2;21,3;92;90;90;;;;
2019/01/25;1100 UTC;0;969,9;969,9;969,4;;25,5;22,8;25,5;23,9;23,3;22,2;90;85;85;;;;
2019/01/25;1200 UTC;0;970;970;969,8;;27,6;22,6;27,9;25,4;23,6;22,6;86;74;74;;;;
2019/01/25;1300 UTC;0;970,3;970,4;970;;29,9;23,1;30,3;27,6;23,7;22,3;77;65;67;;;;
2019/01/25;1400 UTC;0;970,3;970,4;970,2;;29,6;22;30,6;29,4;23,9;21,9;69;61;64;;;;
2019/01/25;1500 UTC;0;969,9;970,3;969,9;;30,8;22,5;31,1;29,5;23,3;21,7;67;60;61;;;;
2019/01/25;1600 UTC;0;969,8;970,1;969,8;;31,5;21,6;32,4;30,6;22,8;21,1;62;52;56;;;;
2019/01/25;1700 UTC;0;969,1;969,8;969,1;;33;22;33,1;31,2;23,3;20,8;59;52;53;;;;
2019/01/25;1800 UTC;0;967,8;969,1;967,8;;32,6;21,7;33,9;31,8;23;20,8;56;49;53;;;;
2019/01/25;1900 UTC;0;966,7;967,8;966,7;;33,6;21,9;33,6;31,7;22,9;20,4;55;47;51;;;;
2019/01/25;2000 UTC;0;966,1;966,9;966,1;;32,6;21,4;34,2;32,3;22,4;20,6;52;46;52;;;;
2019/01/25;2100 UTC;0;965,8;966,1;965,7;;31,2;21,6;33;31,1;22,2;20,8;57;50;57;;;;
2019/01/25;2200 UTC;0;966,2;966,2;965,6;;29,9;22;31,2;29,8;22,2;21,5;64;57;63;;;;
2019/01/25;2300 UTC;0;967,1;967,2;966,2;;28,2;22,1;29,9;28,2;22,2;21,8;70;63;69;;;;
2019/01/26;0000 UTC;0;967,5;967,5;967;;27,5;21,7;28,2;27,5;22,1;21,4;70;67;70;;;;
2019/01/26;0100 UTC;0;968,5;968,5;967,5;;27,4;22;27,5;27;22;21,6;74;70;72;;;;
2019/01/26;0200 UTC;0;969,2;969,2;968,5;;26,5;22;27,4;26,5;22,4;22;77;72;76;;;;
2019/01/26;0300 UTC;0;969,4;969,5;969,1;;26,4;21,6;26,5;26,1;22;21,6;77;75;75;;;;
2019/01/26;0400 UTC;0;969,5;969,5;969,1;;26,2;21,8;26,4;26,1;21,8;21,6;77;75;77;;;;
2019/01/26;0500 UTC;0;969,1;969,5;969,1;;24,9;21,8;26,3;24,9;21,9;21,5;83;77;83;;;;
2019/01/26;0600 UTC;0;968,3;969,1;968,3;;24,3;21,3;24,9;24,3;22,2;21,2;87;82;83;;;;
2019/01/26;0700 UTC;0;967,9;968,3;967,9;;24,4;21,8;24,4;24;21,8;21,3;88;83;86;;;;
2019/01/26;0800 UTC;0;968,4;968,4;967,9;;24,5;21,3;24,5;24,3;21,9;21,3;86;83;83;;;;
2019/01/26;0900 UTC;0;968,8;968,8;968,4;;24,1;20,4;24,5;24;21,3;20,4;83;80;80;;;;
2019/01/26;1000 UTC;0;969,2;969,2;968,8;;24,3;20,4;24,3;23,6;20,5;20,3;82;79;79;;;;
2019/01/26;1100 UTC;0;969,6;969,7;969,2;;25,4;20,4;25,4;24,3;20,6;20,1;79;73;74;;;;
2019/01/26;1200 UTC;0;970,2;970,2;969,6;;26,4;20,9;26,5;25,4;21,2;20,1;74;71;72;;;;
2019/01/26;1300 UTC;0;970,3;970,4;970,1;;27,6;21,8;28,2;26,3;22,2;20,6;73;69;71;;;;
2019/01/26;1400 UTC;0;970;970,5;970;;29,3;22,9;29,3;27,3;22,9;21,4;73;68;68;;;;
2019/01/26;1500 UTC;0;970,2;970,4;970;;29,6;22,4;30,3;28,9;23,6;21,7;70;63;65;;;;
2019/01/26;1600 UTC;0;969,7;970,2;969,7;;31,4;22,3;32,3;29,5;23,8;21,5;67;57;59;;;;
2019/01/26;1700 UTC;0;968,8;969,7;968,8;;31;21,8;32,7;31;23,4;21;60;53;58;;;;
2019/01/26;1800 UTC;0;967,5;968,8;967,5;;32,9;21,2;33,3;30,9;23,4;20,4;60;48;50;;;;
2019/01/26;1900 UTC;0;966,8;967,5;966,8;;32,6;21,6;33,5;31,6;22,5;19,9;55;48;52;;;;
2019/01/26;2000 UTC;0;966,1;966,8;966,1;;31,7;20,9;33;30,8;22,1;20,1;55;50;53;;;;
2019/01/26;2100 UTC;0;966,1;966,2;965,9;;30,7;20;31,7;30,7;20,8;19,8;54;51;53;;;;
2019/01/26;2200 UTC;0;966,4;966,4;966,1;;28,9;19,6;30,7;28,9;20,3;19,3;57;52;57;;;;
2019/01/26;2300 UTC;0;967,9;967,9;966,4;;28,6;20;29;28,5;20,1;19,6;60;57;60;;;;
2019/01/27;0000 UTC;0;968,2;968,2;967,9;;27,8;20;28,7;27,8;20;19,8;62;59;62;;;;
2019/01/27;0100 UTC;0;968,7;968,7;968,2;;26,3;20;27,8;26,2;20,1;19,9;68;63;68;;;;
2019/01/27;0200 UTC;0;968,5;968,7;968,5;;26,1;19,6;26,3;26;20;19,6;70;67;67;;;;
2019/01/27;0300 UTC;0;968,5;968,6;968,4;;25,2;19,6;26,4;25,2;19,7;19,5;71;66;71;;;;
2019/01/27;0400 UTC;0;968,3;968,5;968,1;;24,7;19,4;25,3;24,7;19,7;19,4;73;71;73;;;;
2019/01/27;0500 UTC;0;967,6;968,3;967,6;;24,1;19,4;24,8;24,1;19,5;19,3;75;72;75;;;;
2019/01/27;0600 UTC;0;967,7;967,7;967,5;;24,3;19,1;24,7;24;19,5;19,1;76;72;73;;;;
2019/01/27;0700 UTC;0;967,7;967,8;967,7;;23,6;19,3;24,3;23,3;19,3;19,1;78;73;77;;;;
2019/01/27;0800 UTC;0;968,3;968,3;967,7;;23,4;19,7;23,7;22,9;19,8;19,3;81;77;79;;;;
2019/01/27;0900 UTC;0;968,7;968,7;968,3;;23;19,7;23,4;23;19,7;19,6;82;79;82;;;;
2019/01/27;1000 UTC;0;969,3;969,4;968,7;;23,1;19,7;23,3;22,6;19,8;19,5;83;81;81;;;;
2019/01/27;1100 UTC;0;969,5;969,5;969,3;;24,6;19,9;24,8;23,1;20,4;19,7;81;75;75;;;;
2019/01/27;1200 UTC;0;969,6;969,7;969,4;;26,5;18,8;26,5;24,6;20,5;18,7;76;63;63;;;;
2019/01/27;1300 UTC;0;969,4;969,6;969,2;;27,5;20,3;27,6;26,3;20,4;18,8;66;63;65;;;;
2019/01/27;1400 UTC;0;969,6;969,6;969,4;;28,7;20,9;28,8;27,5;21;19,9;65;60;63;;;;
2019/01/27;1500 UTC;0;969,6;969,8;969,6;;29,7;21,1;30;28,3;21,6;20;63;57;60;;;;
2019/01/27;1600 UTC;0;969,4;969,6;969,3;;30,5;19,5;31,2;29,1;21,5;18,9;61;51;52;;;;
2019/01/27;1700 UTC;0;969;969,4;969;;30,5;18,3;32,3;30,5;20,6;18;54;46;48;;;;
2019/01/27;1800 UTC;0;968,4;969;968,4;;31,6;18,4;32,5;30,5;19,9;17,9;49;44;45;;;;
2019/01/27;1900 UTC;0;967,8;968,4;967,8;;32,2;17,9;32,9;31,3;19,3;16,8;48;40;43;;;;
2019/01/27;2000 UTC;0;967,4;967,8;967,4;;32;16,5;33;31,6;18,9;16,5;45;39;39;;;;
2019/01/27;2100 UTC;0;967;967,4;967;;30,8;17,3;32,4;30,6;17,6;15,8;44;38;44;;;;
2019/01/27;2200 UTC;0;967,1;967,1;966,9;;30;17,2;31,3;30;17,6;16,3;46;41;46;;;;
2019/01/27;2300 UTC;0;968,2;968,2;967,1;;26,8;18,5;30;26,8;18,5;17,1;61;46;61;;;;
2019/01/28;0000 UTC;0;969,1;969,1;968,1;;25,7;19,1;26,8;25,7;19,2;18,5;67;61;67;;;;
2019/01/28;0100 UTC;0;970,4;970,4;969,1;;24,5;19,5;25,7;24,4;19,5;19,1;74;67;74;;;;
2019/01/28;0200 UTC;0;970,9;970,9;970,4;;24,2;19,4;24,6;24,1;19,5;19,4;75;73;75;;;;
2019/01/28;0300 UTC;0;970,7;970,9;970,7;;23,3;19,5;24,2;23,2;19,6;19,4;80;75;80;;;;
2019/01/28;0400 UTC;0;970,5;970,7;970,5;;22,7;19,6;23,3;22,7;19,7;19,5;83;80;83;;;;
2019/01/28;0500 UTC;0;970,5;970,9;970,5;;22,3;19,4;22,8;22,2;19,7;19,4;84;82;84;;;;
2019/01/28;0600 UTC;0;970;970,5;970;;22,2;19,3;22,3;22,1;19,4;19,2;84;83;83;;;;
2019/01/28;0700 UTC;0;970,2;970,3;970;;22;19,3;22,2;22;19,3;19,2;85;83;85;;;;
2019/01/28;0800 UTC;0;970,4;970,4;970,1;;21,7;19,3;22;21,7;19,3;19,2;86;84;86;;;;
2019/01/28;0900 UTC;0;970,7;970,7;970,4;;21,6;19,6;21,7;21,5;19,6;19,3;88;86;88;;;;
2019/01/28;1000 UTC;0;971,5;971,5;970,7;;22,2;19,9;22,2;21,5;19,9;19,5;89;87;87;;;;
2019/01/28;1100 UTC;0;972,3;972,3;971,5;;24,6;20,6;24,6;22,2;20,7;19,9;87;79;79;;;;
2019/01/28;1200 UTC;0;972,5;972,6;972,2;;26,2;20,2;26,4;24,5;20,9;20,1;78;69;70;;;;
2019/01/28;1300 UTC;0;972,5;972,6;972,4;;28,1;19,4;28,6;26,2;21,1;19,2;71;58;59;;;;
2019/01/28;1400 UTC;0;972,7;972,7;972,5;;29,3;19,6;29,6;28;20,5;18,7;60;54;56;;;;
2019/01/28;1500 UTC;0;972,2;972,7;972,2;;30,7;19,6;31;29,2;20,4;18,8;57;51;52;;;;
2019/01/28;1600 UTC;0;971,7;972,3;971,7;;31,5;19,2;32,3;30,3;20,4;18,4;54;47;48;;;;
2019/01/28;1700 UTC;0;971,2;971,7;971,2;;28,9;20,9;31,5;26,9;21,8;18;69;47;62;;;;
2019/01/28;1800 UTC;0;970,7;971,2;970,5;;26,6;20,1;31,7;26,6;22,1;19,6;68;52;68;;;;
2019/01/28;1900 UTC;0;970,5;971;970,3;;29,2;20,6;31,4;26,4;21,6;19,8;73;52;60;;;;
2019/01/28;2000 UTC;0;970,1;970,6;970;;30,6;19,6;31,9;29,2;21,2;19,6;61;50;52;;;;
2019/01/28;2100 UTC;0;970,2;970,2;969,6;;30,9;18,4;31,6;30,5;19,9;17,4;53;44;47;;;;
2019/01/28;2200 UTC;0;971,2;971,2;970,2;;27,1;20,9;31;27,1;20,9;18,2;69;47;69;;;;
2019/01/28;2300 UTC;,2;971,3;971,3;970,7;;24,9;21,3;27;24,7;21,4;21;81;69;81;;;;
2019/01/29;0000 UTC;0;972,7;972,7;971,3;;24,4;21,7;24,9;24,3;21,8;21,2;85;80;85;;;;
2019/01/29;0100 UTC;0;973,3;973,3;972,7;;24,2;21,2;25;24,2;21,8;21;86;79;83;;;;
2019/01/29;0200 UTC;0;973,4;973,4;973,1;;24,3;20,7;24,4;24,2;21,2;20,6;84;80;80;;;;
2019/01/29;0300 UTC;0;973,3;973,5;973,3;;24,6;19,9;24,7;24;21;19,9;84;75;75;;;;
2019/01/29;0400 UTC;0;972,9;973,3;972,9;;24,5;19,6;24,9;24,4;20,1;19,5;76;73;74;;;;
2019/01/29;0500 UTC;0;972,5;972,9;972,5;;24,5;18,9;25;24,4;19,5;18,8;74;69;71;;;;
2019/01/29;0600 UTC;0;972,1;972,5;972;;24,5;18,7;24,6;24,3;19,1;18,7;73;70;70;;;;
2019/01/29;0700 UTC;0;972;972,1;971,8;;24,7;18,4;24,7;24,3;18,8;18,4;71;68;68;;;;
2019/01/29;0800 UTC;0;972,1;972,2;971,9;;24,1;18,5;24,8;24;18,6;18,3;72;68;71;;;;
2019/01/29;0900 UTC;0;972,5;972,5;972,1;;24;18,6;24,1;23,8;18,7;18,5;73;71;72;;;;
2019/01/29;1000 UTC;0;973,1;973,1;972,5;;24,7;19,7;24,8;23,7;19,7;18,6;75;72;73;;;;
2019/01/29;1100 UTC;0;973,8;973,8;973,1;;27,2;20;27,2;24,7;20,6;19,4;73;65;65;;;;
2019/01/29;1200 UTC;0;973,9;973,9;973,8;;29,4;19,8;29,4;27,2;21,6;19,6;67;56;56;;;;
2019/01/29;1300 UTC;0;973,7;974;973,7;;30,7;19,6;31;29,3;20,7;18,9;58;50;52;;;;
2019/01/29;1400 UTC;0;973,2;973,7;973,2;;31,8;19,8;32,6;30,6;21,1;18,1;53;46;49;;;;
2019/01/29;1500 UTC;0;972,6;973,3;972,6;;32,7;19;33,6;31,8;21,3;18,6;51;42;44;;;;
2019/01/29;1600 UTC;0;971,9;972,6;971,9;;33,8;18,7;34,8;32,7;21,3;18,6;48;40;41;;;;
2019/01/29;1700 UTC;0;971,1;971,9;971,1;;34,9;18,7;35;33,7;20,6;17,5;45;37;38;;;;
2019/01/29;1800 UTC;0;970,1;971,1;970,1;;34,7;19,7;35,6;33,6;20,3;17,2;42;37;42;;;;
2019/01/29;1900 UTC;0;969,4;970,1;969,4;;35;19,1;36,1;34,4;20;17,5;41;35;39;;;;
2019/01/29;2000 UTC;0;968,8;969,4;968,8;;34,3;16,2;35,1;34,3;19,1;16,2;40;34;34;;;;
2019/01/29;2100 UTC;0;968,5;968,8;968,5;;33,5;16,7;34,5;33,5;17,7;15,7;38;33;37;;;;
2019/01/29;2200 UTC;0;968,7;968,7;968,5;;32;18,4;33,6;32;18,6;16,7;45;37;44;;;;
2019/01/29;2300 UTC;0;968,9;968,9;968,7;;31,2;17,5;32;31;18,6;17,5;47;44;44;;;;
2019/01/30;0000 UTC;0;969,6;969,6;968,9;;30,6;17,6;31,4;30,6;17,6;17;46;43;46;;;;
2019/01/30;0100 UTC;0;970,6;970,6;969,6;;27,1;20,1;30,6;27;20,1;17,6;66;46;66;;;;
2019/01/30;0200 UTC;0;970,9;970,9;970,6;;25,8;20,1;27,1;25,8;20,2;19,9;71;66;71;;;;
2019/01/30;0300 UTC;0;970,8;971;970,8;;25,7;20;26,2;25,6;20,3;19,9;72;70;71;;;;
2019/01/30;0400 UTC;0;970,2;970,8;970,2;;25,7;19,9;25,8;25,1;20,1;19,8;73;70;70;;;;
2019/01/30;0500 UTC;0;969,9;970,2;969,9;;25,1;19,7;25,7;25,1;20;19,7;72;70;72;;;;
2019/01/30;0600 UTC;0;969,5;969,9;969,5;;25,4;19,8;25,5;24,9;20;19,7;73;71;71;;;;
2019/01/30;0700 UTC;0;969,3;969,5;969,3;;25,4;19,9;25,5;25,2;20;19,8;72;71;71;;;;
2019/01/30;0800 UTC;0;969,5;969,5;969,2;;25,2;19,8;25,5;25;20;19,6;73;70;72;;;;
2019/01/30;0900 UTC;0;970;970;969,5;;22,8;20;25,2;22,8;20,2;19,4;84;72;84;;;;
2019/01/30;1000 UTC;0;971,1;971,1;970;;25,6;20,5;25,6;22,5;20,6;19,9;86;74;74;;;;
2019/01/30;1100 UTC;0;971,8;971,8;971,1;;28,6;21;29,5;25,6;21,8;20,2;74;60;64;;;;
2019/01/30;1200 UTC;0;972,5;972,5;971,8;;29,2;22,2;29,4;28;22,6;20,2;70;59;66;;;;
2019/01/30;1300 UTC;0;972,9;973,1;972,4;;29,3;21,6;30,5;28,6;22,9;21,2;70;59;63;;;;
2019/01/30;1400 UTC;0;972,5;972,9;972,5;;31,7;20,8;32,4;29,2;23,3;20;68;51;53;;;;
2019/01/30;1500 UTC;0;972,1;972,6;972,1;;33,8;20,3;33,8;31,7;22,1;19,5;55;45;45;;;;
2019/01/30;1600 UTC;0;971,5;972,1;971,5;;33,8;19,6;34,6;32,6;21,5;19;52;43;43;;;;
2019/01/30;1700 UTC;0;970,6;971,5;970,6;;34,2;19,2;35,2;33,6;21,1;18,2;47;38;41;;;;
2019/01/30;1800 UTC;0;969,7;970,6;969,7;;34,1;19,7;35,1;33,6;21,2;18,2;45;39;43;;;;
2019/01/30;1900 UTC;0;968,7;969,7;968,7;;35,5;17,9;35,6;33,9;20,2;16,4;44;33;36;;;;
2019/01/30;2000 UTC;0;968,2;968,7;968,2;;35,7;18,4;35,8;34,5;19,4;16,8;39;34;36;;;;
2019/01/30;2100 UTC;0;968,5;968,5;968,2;;34,5;18,9;35,8;34,3;19,2;16,7;40;34;40;;;;
2019/01/30;2200 UTC;0;968,5;968,6;968,4;;30,8;18,8;34,8;30,8;19,4;17,1;49;36;49;;;;
2019/01/30;2300 UTC;0;969,1;969,1;968,5;;29,1;18,1;30,8;29,1;19,1;17,4;54;47;52;;;;
2019/01/31;0000 UTC;0;969,9;969,9;969,1;;28,3;19,5;29,2;27,9;19,5;18,1;59;51;59;;;;
2019/01/31;0100 UTC;0;970,2;970,2;969,8;;27,8;19,3;28,5;27,4;20;19,3;64;58;60;;;;
2019/01/31;0200 UTC;0;970,8;970,8;970,2;;26,9;19,1;27,8;26,8;19,5;19;63;60;62;;;;
2019/01/31;0300 UTC;0;970,6;970,8;970,4;;26,7;18,6;27,2;26,5;19;18,6;63;61;61;;;;
2019/01/31;0400 UTC;0;970,4;970,6;970,4;;24,8;18,9;26,8;24,8;18,9;18,3;70;60;70;;;;
2019/01/31;0500 UTC;0;969,9;970,4;969,9;;23,8;19,1;25,5;23,8;19,4;18,9;75;68;75;;;;
2019/01/31;0600 UTC;0;969,4;969,9;969,4;;25,2;19,1;25,2;23,5;19,5;18,9;76;69;69;;;;
2019/01/31;0700 UTC;0;969,3;969,4;969,3;;24,2;19,2;25,3;23,6;19,5;18,9;77;68;74;;;;
2019/01/31;0800 UTC;0;969,4;969,4;969,2;;24,4;19;24,4;23,9;19,2;19;74;72;72;;;;
2019/01/31;0900 UTC;0;969,8;969,8;969,4;;25;18,2;25,2;23,7;19,1;17,7;74;63;66;;;;
2019/01/31;1000 UTC;0;970,4;970,4;969,8;;25,6;18,5;25,6;24,5;18,7;17,5;67;62;65;;;;
2019/01/31;1100 UTC;0;971;971;970,4;;28,6;18,6;28,7;25,6;19,3;18,2;65;54;55;;;;
2019/01/31;1200 UTC;0;971,4;971,4;971;;30,6;19;31,2;28,4;20;18,2;57;48;50;;;;
2019/01/31;1300 UTC;0;971,8;971,8;971,4;;32,8;20,3;32,9;30,6;20,7;18,2;51;44;48;;;;
2019/01/31;1400 UTC;0;971,6;971,9;971,6;;33,9;19,8;34,5;32,2;20,6;18,2;49;40;43;;;;
2019/01/31;1500 UTC;0;971;971,6;971;;34,2;19;36;33,8;20,4;17,5;44;36;41;;;;
2019/01/31;1600 UTC;0;970,2;971,1;970,2;;35,5;18,9;36,4;34,2;20,5;18,2;42;35;38;;;;
2019/01/31;1700 UTC;0;969,9;970,2;969,9;;34,9;20,4;36,3;32,1;21,1;17,2;46;34;43;;;;
2019/01/31;1800 UTC;0;969,5;969,9;969,2;;30,5;19,4;35,6;30,5;20,6;17,6;51;35;51;;;;
2019/01/31;1900 UTC;0;968,4;969,6;968,4;;31,8;17,8;31,8;27,2;20,4;17,5;64;43;43;;;;
2019/01/31;2000 UTC;0;967,6;968,4;967,6;;34,7;19;34,7;31,9;19,2;16,9;46;38;40;;;;
2019/01/31;2100 UTC;0;967,5;968,1;967,5;;32,3;20,2;34,9;31,9;21,5;17,7;53;37;49;;;;
2019/01/31;2200 UTC;0;967,4;967,6;967,2;;30;18,3;32,3;30;20,1;17,9;51;47;50;;;;
2019/01/31;2300 UTC;0;968,2;968,2;967,4;;29,3;19,9;30;29;19,9;18,4;57;50;57;;;;
2019/02/01;0000 UTC;0;968,9;968,9;968,2;;28,6;20,3;29,4;28,4;20,3;19,9;61;57;61;;;;
2019/02/01;0100 UTC;0;969,2;969,2;968,9;;28,5;20;28,7;27,9;20,4;19,9;64;60;60;;;;
2019/02/01;0200 UTC;0;969,7;969,7;969,3;;27,2;20,3;28,5;27,1;20,3;20;66;60;66;;;;
2019/02/01;0300 UTC;0;970;970;969,7;;27;19,5;27,3;26,9;20,3;19,5;67;63;63;;;;
2019/02/01;0400 UTC;0;969,6;970;969,6;;25,5;20,3;27,1;24,9;20,4;19;76;61;73;;;;
2019/02/01;0500 UTC;0;968,9;969,7;968,9;;25,5;19,9;26,5;24,1;20,8;19,5;80;67;71;;;;
2019/02/01;0600 UTC;0;968,7;969;968,7;;24,2;20,4;25,6;23,6;20,4;19,6;81;70;79;;;;
2019/02/01;0700 UTC;0;968,7;968,9;968,6;;25,6;19,7;25,6;24,2;20,4;19,7;79;70;70;;;;
2019/02/01;0800 UTC;0;969;969;968,7;;25,3;19,5;25,6;24,8;19,7;19,3;73;70;70;;;;
2019/02/01;0900 UTC;0;969;969;968,9;;24,6;19,6;25,4;24,3;19,8;19,4;76;70;74;;;;
2019/02/01;1000 UTC;0;969,7;969,7;969;;25,5;20,1;25,5;24,5;20,1;19,6;75;72;72;;;;
2019/02/01;1100 UTC;0;970,3;970,3;969,7;;26,2;20,6;26,2;24,4;21,3;20,1;80;69;72;;;;
2019/02/01;1200 UTC;0;970,7;970,7;970,3;;28,5;21,6;28,5;26,2;22;20,6;72;66;66;;;;
2019/02/01;1300 UTC;0;971,1;971,1;970,7;;32;21,6;32;28,5;22,4;21,2;67;54;54;;;;
2019/02/01;1400 UTC;0;971;971,1;970,9;;33,4;19,6;33,6;31,4;21,9;18,4;56;41;44;;;;
2019/02/01;1500 UTC;0;970,5;971;970,5;;35,4;18,8;35,7;33;20,6;18,2;47;36;38;;;;
2019/02/01;1600 UTC;0;969,9;970,5;969,9;;36,2;17,2;36,2;34,9;19,7;16,8;41;32;33;;;;
2019/02/01;1700 UTC;0;969,3;969,9;969,3;;37,5;17,6;37,8;35,6;19;13,9;38;25;31;;;;
2019/02/01;1800 UTC;0;968,2;969,3;968,2;;36,2;16,6;37,5;35,8;18,8;15,9;36;29;31;;;;
2019/02/01;1900 UTC;0;967,4;968,2;967,4;;36;17,5;36,6;35,4;18,8;15;37;28;34;;;;
2019/02/01;2000 UTC;0;966,7;967,4;966,7;;36,1;15,9;37,3;35,8;18,3;14,4;37;27;30;;;;
2019/02/01;2100 UTC;0;966,5;966,7;966,3;;36,3;13,9;36,8;35,6;16,2;13,7;31;25;26;;;;
2019/02/01;2200 UTC;0;966,7;966,7;966,5;;34;15,7;36,6;34;16,8;13,4;34;25;33;;;;
2019/02/01;2300 UTC;0;967,6;967,6;966,7;;32,7;17,8;34;32,7;17,9;15,5;41;33;41;;;;
2019/02/02;0000 UTC;0;968,2;968,2;967,6;;30,8;18,6;32,7;30,7;18,8;18;49;41;48;;;;
2019/02/02;0100 UTC;0;969,4;969,4;968,2;;30;19,8;31,1;29,9;19,8;18,5;55;47;54;;;;
2019/02/02;0200 UTC;0;970;970;969,4;;30,1;19;30,3;29,8;19,8;19;54;52;52;;;;
2019/02/02;0300 UTC;0;970,1;970,2;969,9;;27,7;20,1;30,8;27,5;20,2;17,7;63;46;63;;;;
2019/02/02;0400 UTC;0;969,5;970,2;969,5;;29,1;19,1;29,1;25,6;20,6;19,1;72;55;55;;;;
2019/02/02;0500 UTC;0;969;969,5;969;;29,7;18,2;29,9;29,2;19;18,1;55;50;50;;;;
2019/02/02;0600 UTC;0;968,5;969;968,5;;28,5;18,4;29,7;28,5;18,5;18,2;55;50;54;;;;
2019/02/02;0700 UTC;0;968,6;968,8;968,4;;25,3;20,5;29,3;24,5;20,6;18,4;77;52;75;;;;
2019/02/02;0800 UTC;0;968,8;968,9;968,6;;26,8;20;26,8;24,9;20,6;19,9;76;66;66;;;;
2019/02/02;0900 UTC;0;969;969;968,7;;27,6;19,9;27,8;26,7;20,5;19,7;66;63;63;;;;
2019/02/02;1000 UTC;0;969,9;969,9;969;;25;20,2;27,6;23,7;20,6;19,3;81;63;74;;;;
2019/02/02;1100 UTC;0;970;970,1;969,8;;29,4;20,3;29,4;25;21,2;19,7;74;57;58;;;;
2019/02/02;1200 UTC;0;970,4;970,4;970;;31,3;20;32;28,7;21,3;19,7;62;49;51;;;;
2019/02/02;1300 UTC;0;970,6;970,7;970,4;;33,1;19,8;33,7;31,3;21,2;19;53;44;46;;;;
2019/02/02;1400 UTC;0;970,8;970,8;970,5;;33,7;22,4;34,5;33,1;22,4;18;52;40;52;;;;
2019/02/02;1500 UTC;0;970,5;970,8;970,5;;34,3;19,9;35,5;33,1;22,5;19,4;52;41;43;;;;
2019/02/02;1600 UTC;0;970;970,5;970;;36;20,5;36;34;21,9;18,3;47;39;41;;;;
2019/02/02;1700 UTC;0;968,9;970;968,9;;36,7;19;37,1;34,8;20,5;18,1;41;33;36;;;;
2019/02/02;1800 UTC;0;968,1;968,9;968;;34,7;21;37,4;34,2;21,2;18,3;45;34;45;;;;
2019/02/02;1900 UTC;0;967,6;968,1;967,3;;31,8;17,3;37;31,7;21,4;17,3;49;37;42;;;;
2019/02/02;2000 UTC;0;969,5;969,5;967,6;;28,2;20,2;32;28,2;20,3;17,1;62;42;62;;;;
2019/02/02;2100 UTC;0;969,4;969,5;968,8;;26,7;19,9;28,2;26,7;20,3;19,7;66;62;66;;;;
2019/02/02;2200 UTC;0;969,5;969,5;969,1;;24,8;20,9;26,7;24,8;20,9;19,8;79;66;79;;;;
2019/02/02;2300 UTC;0;969,8;969,8;969,3;;24;21,3;24,8;23,7;21,5;21;87;79;85;;;;
2019/02/03;0000 UTC;0;971;971;969,8;;24,2;20,9;24,3;24;21,3;20,9;85;82;82;;;;
2019/02/03;0100 UTC;0;971,7;971,7;971;;24,4;20,1;24,4;24;20,9;20,1;82;77;77;;;;
2019/02/03;0200 UTC;0;971,9;972;971,6;;23,9;19,6;24,5;23,8;20;19,4;78;74;77;;;;
2019/02/03;0300 UTC;0;972,4;972,6;971,9;;23;19,7;23,9;22,9;19,7;19,5;82;77;81;;;;
2019/02/03;0400 UTC;0;972,1;972,4;972;;22,6;19,7;23;22,5;19,8;19,6;85;81;84;;;;
2019/02/03;0500 UTC;0;971,3;972,1;971,3;;22,1;19,5;22,7;22;19,7;19,5;86;83;86;;;;
2019/02/03;0600 UTC;0;970,1;971,3;970,1;;22;19,5;22,1;21,5;19,6;19,3;88;85;86;;;;
2019/02/03;0700 UTC;0;969,2;970,1;969,2;;21,7;19,7;22,1;21,4;19,7;19,4;90;85;88;;;;
2019/02/03;0800 UTC;0;969,1;969,2;969,1;;21,7;19,9;22;21,6;19,9;19,6;89;86;89;;;;
2019/02/03;0900 UTC;0;969,3;969,3;969,1;;21,4;19,9;21,7;21,3;19,9;19,7;91;89;91;;;;
2019/02/03;1000 UTC;0;970;970;969,3;;21,9;20,1;21,9;21,4;20,1;19,9;91;89;90;;;;
2019/02/03;1100 UTC;0;970,6;970,6;969,9;;26,3;19,7;26,4;21,9;21,1;19,5;90;67;67;;;;
2019/02/03;1200 UTC;0;971,8;971,8;970,6;;25,2;20,5;26,3;24;21;19,3;80;66;75;;;;
2019/02/03;1300 UTC;0;972,3;972,4;971,8;;27,1;20,8;27,3;24,9;21,5;20,2;76;68;68;;;;
2019/02/03;1400 UTC;0;972,3;972,5;972,3;;29,3;19,9;29,5;27;21,6;19,9;69;57;57;;;;
2019/02/03;1500 UTC;0;972;972,3;972;;31,4;20;31,7;29,2;21,2;19,4;59;50;51;;;;
2019/02/03;1600 UTC;0;971,3;972;971,3;;32,8;17,6;33,5;30,5;19,4;16,3;51;38;40;;;;
2019/02/03;1700 UTC;0;970,5;971,3;970,5;;32,4;17,7;34,3;32;18,7;16,6;42;38;42;;;;
2019/02/03;1800 UTC;0;970,2;970,5;970,2;;33;18,1;33,7;32,1;18,8;17;44;39;41;;;;
2019/02/03;1900 UTC;0;969,3;970,2;969,3;;32,8;19,6;33,4;31,4;19,8;17;47;39;46;;;;
2019/02/03;2000 UTC;0;968,6;969,3;968,5;;32;19,4;33;30,7;19,9;18,5;50;44;47;;;;
2019/02/03;2100 UTC;0;968,1;968,6;968,1;;30,6;18,1;32;30,5;20;18;51;47;47;;;;
2019/02/03;2200 UTC;0;968,2;968,2;967,9;;28,1;19,2;30,6;28,1;19,3;18,1;59;47;59;;;;
2019/02/03;2300 UTC;0;968,7;968,7;968,2;;26,7;20,4;28,1;26,7;20,5;19,3;69;59;69;;;;
2019/02/04;0000 UTC;0;969,1;969,1;968,7;;25,9;20,5;26,7;25,9;20,8;20,4;73;69;72;;;;
2019/02/04;0100 UTC;0;969,8;969,8;969,1;;25,3;20,7;26;25,2;20,7;20,3;76;71;76;;;;
2019/02/04;0200 UTC;0;970,1;970,2;969,8;;24,5;20,7;25,3;24,4;20,8;20,7;80;76;79;;;;
2019/02/04;0300 UTC;0;970;970,3;970;;23,7;20,8;24,7;23,7;20,9;20,6;84;79;84;;;;
2019/02/04;0400 UTC;0;969,6;970;969,6;;23,3;20,7;23,8;23,2;20,9;20,7;86;84;86;;;;
2019/02/04;0500 UTC;0;969,1;969,7;969,1;;22,9;20,8;23,3;22,5;20,9;20,5;90;86;88;;;;
2019/02/04;0600 UTC;0;968,4;969,1;968,4;;21,8;20,4;23,2;21,8;20,9;20,2;92;85;92;;;;
2019/02/04;0700 UTC;0;968,2;968,5;968,1;;22;20,7;22;21,4;20,7;20,2;94;92;92;;;;
2019/02/04;0800 UTC;0;968,6;968,6;968,1;;22,3;20,3;22,5;22;20,7;20,1;92;88;88;;;;
2019/02/04;0900 UTC;0;969,1;969,1;968,6;;22,2;20;22,5;22,2;20,3;19,9;88;87;87;;;;
2019/02/04;1000 UTC;0;970,2;970,2;969,1;;23,1;20,5;23,1;21,9;20,5;19,9;90;85;86;;;;
2019/02/04;1100 UTC;0;971,4;971,4;970,2;;24,3;21,2;24,3;23,1;21,3;20,3;86;82;83;;;;
2019/02/04;1200 UTC;0;971,8;971,8;971,4;;25,6;20,3;25,7;24,1;21,2;20,2;83;72;72;;;;
2019/02/04;1300 UTC;0;971,9;971,9;971,7;;26,4;19,9;27;25,6;20,6;19,5;73;65;68;;;;
2019/02/04;1400 UTC;0;971,8;971,9;971,7;;28,2;20,7;28,5;26,3;20,8;19,6;68;61;64;;;;
2019/02/04;1500 UTC;0;971,5;971,8;971,5;;29,3;20,6;30,2;27,9;21,3;19,7;64;56;59;;;;
2019/02/04;1600 UTC;0;971;971,6;971;;30;20,5;30,2;28,6;21,1;19,6;61;56;57;;;;
2019/02/04;1700 UTC;0;969,9;971;969,9;;30,2;20,3;31,8;29,2;21,6;19,4;59;51;56;;;;
2019/02/04;1800 UTC;0;969;969,9;969;;31,2;19,7;31,9;29,8;21,1;19,2;57;48;51;;;;
2019/02/04;1900 UTC;0;968,1;969;968,1;;30;19,7;31,7;29,9;20,2;18,5;55;48;54;;;;
2019/02/04;2000 UTC;0;968;968,4;967,9;;30,2;19,3;31,8;29,9;20,7;18,9;55;49;52;;;;
2019/02/04;2100 UTC;0;968,1;968,1;967,6;;27,7;18,3;30,3;27,2;20,2;18;58;52;57;;;;
2019/02/04;2200 UTC;0;969;969,5;968,1;;23;21,7;27,7;23;21,7;18,4;92;57;92;;;;
2019/02/04;2300 UTC;,6;969,4;969,6;969;;23,3;21,3;23,5;23;21,7;21,1;92;87;89;;;;
2019/02/05;0000 UTC;0;970;970,1;969,4;;23,7;20,6;23,7;23,2;21,5;20,6;90;82;82;;;;
2019/02/05;0100 UTC;0;970,9;970,9;969,9;;23,1;20,9;23,7;23;21,1;20,4;89;82;87;;;;
2019/02/05;0200 UTC;0;970,6;970,9;970,6;;23,4;21,2;23,5;23,1;21,3;20,9;88;87;87;;;;
2019/02/05;0300 UTC;0;970,5;970,8;970,5;;23;21,4;23,4;23;21,5;21,1;91;87;91;;;;
2019/02/05;0400 UTC;0;969,9;970,5;969,9;;22,5;21,3;23;22,5;21,5;21,3;93;91;93;;;;
2019/02/05;0500 UTC;0;969,8;969,9;969,8;;22,6;21;22,8;22,5;21,5;20,9;93;89;91;;;;
2019/02/05;0600 UTC;0;969,5;969,8;969,5;;22,2;20,7;22,6;22,2;21;20,6;91;90;91;;;;
2019/02/05;0700 UTC;0;969,5;969,6;969,4;;21,8;19,7;22,2;21,8;20,7;19,7;91;88;88;;;;
2019/02/05;0800 UTC;0;969,8;969,8;969,5;;21,6;19,2;21,8;21,5;19,7;19,2;88;86;86;;;;
2019/02/05;0900 UTC;0;970,2;970,2;969,8;;21,4;18,9;21,6;21,4;19,3;18,9;87;85;86;;;;
2019/02/05;1000 UTC;0;970,5;970,5;970,2;;21,6;18,6;21,6;21,4;18,9;18,5;86;82;83;;;;
2019/02/05;1100 UTC;0;971;971;970,5;;21,8;18;21,8;21,6;18,6;18;83;79;79;;;;
2019/02/05;1200 UTC;0;971,4;971,4;971;;23,7;18,6;23,8;21,8;19;18;80;73;73;;;;
2019/02/05;1300 UTC;0;971,7;971,7;971,4;;23,8;18,1;24,4;23,3;19;17,8;74;68;70;;;;
2019/02/05;1400 UTC;0;971,9;971,9;971,7;;25,4;19,4;25,4;23,8;19,4;18;72;68;70;;;;
2019/02/05;1500 UTC;0;971,4;971,9;971,4;;25,9;18,7;26,5;25,2;19,7;18,6;70;64;64;;;;
2019/02/05;1600 UTC;0;970,7;971,4;970,7;;28,4;20,1;29,3;25,9;20,5;18,4;67;56;61;;;;
2019/02/05;1700 UTC;0;970,1;970,8;970,1;;28,6;19,7;29,6;27,8;20;18,8;61;54;58;;;;
2019/02/05;1800 UTC;0;969,1;970,1;969,1;;28;19,6;28,8;27,5;19,9;19;62;56;60;;;;
2019/02/05;1900 UTC;0;968,2;969,1;968,2;;27,9;20,1;28,2;26;21,5;18,8;73;58;63;;;;
2019/02/05;2000 UTC;0;967,5;968,2;967,5;;29,7;19,3;29,9;27,9;20,6;19,3;63;53;54;;;;
2019/02/05;2100 UTC;0;967,1;967,5;967,1;;28,2;19,1;30,2;28;20;18,7;59;52;58;;;;
2019/02/05;2200 UTC;0;966,9;967,1;966,8;;27,5;19,2;28,9;27,5;19,5;18,9;61;56;61;;;;
2019/02/05;2300 UTC;0;968;968;966,9;;26;18,8;27,5;25,9;19,2;18,7;65;60;64;;;;
2019/02/06;0000 UTC;0;968,4;968,5;968;;25,8;18,8;26,2;25,4;18,9;18,7;67;64;65;;;;
2019/02/06;0100 UTC;0;969,1;969,1;968,4;;24,4;19;25,8;24,4;19,1;18,7;72;65;72;;;;
2019/02/06;0200 UTC;0;969,5;969,6;969;;23,5;18,6;24,5;23,5;19,1;18,4;74;70;74;;;;
2019/02/06;0300 UTC;0;969,2;969,5;969,2;;22,9;18,6;23,5;22,8;18,6;18,4;77;74;77;;;;
2019/02/06;0400 UTC;0;968,7;969,4;968,7;;22,8;18,5;22,9;22,7;18,7;18,5;78;77;77;;;;
2019/02/06;0500 UTC;0;968,3;968,7;968,3;;22,3;18,4;22,8;22,3;18,5;18,4;79;77;79;;;;
2019/02/06;0600 UTC;0;968,1;968,3;968;;22,2;18,6;22,4;22;18,6;18,4;80;78;80;;;;
2019/02/06;0700 UTC;0;967,9;968,2;967,9;;21,8;18,6;22,3;21,8;18,7;18,6;82;80;82;;;;
2019/02/06;0800 UTC;0;967,7;968;967,6;;21,2;18,5;21,9;21,1;18,6;18,5;85;82;85;;;;
2019/02/06;0900 UTC;0;968,3;968,3;967,7;;20,8;18,3;21,2;20,8;18,6;18,3;86;85;86;;;;
2019/02/06;1000 UTC;0;969,6;969,6;968,3;;21,2;18,4;21,3;20,7;18,4;18,2;86;83;84;;;;
2019/02/06;1100 UTC;0;970,2;970,2;969,6;;23;18,1;23,2;21,2;18,8;18;85;73;74;;;;
2019/02/06;1200 UTC;0;970,7;970,7;970,1;;24,8;18,2;25;23;18,7;17,8;74;65;67;;;;
2019/02/06;1300 UTC;0;970,5;970,7;970,4;;27,1;18,6;27,1;24,6;18,8;17,7;67;60;60;;;;
2019/02/06;1400 UTC;0;970;970,5;970;;28;19,5;28;25,9;19,5;17,6;62;57;60;;;;
2019/02/06;1500 UTC;0;969,6;970;969,6;;28,4;19;29,5;27,6;20,4;18,7;61;55;57;;;;
2019/02/06;1600 UTC;0;968,9;969,6;968,9;;30,5;20,1;30,7;28,4;20,8;18,2;59;50;54;;;;
2019/02/06;1700 UTC;0;968,1;968,9;968,1;;31;19,4;32,2;28,9;20,8;18,5;57;47;50;;;;
2019/02/06;1800 UTC;0;967;968,1;967;;31,9;19,2;32,1;29,6;20;18,3;54;47;47;;;;
2019/02/06;1900 UTC;0;966;967;966;;30,2;18,9;32,9;30,1;19,8;18,2;51;43;51;;;;
2019/02/06;2000 UTC;0;965,2;966;965,2;;30,2;18,1;32,6;30,2;19,6;17,3;52;43;48;;;;
2019/02/06;2100 UTC;0;964,7;965,2;964,7;;30,9;19;31,4;29,9;19,4;18,1;52;47;49;;;;
2019/02/06;2200 UTC;0;965;965;964,7;;29;18,5;31;29;19;18,1;54;47;53;;;;
2019/02/06;2300 UTC;0;965,4;965,4;965;;27,6;18,1;29;27,6;18,6;18,1;57;53;56;;;;
2019/02/07;0000 UTC;0;965,9;965,9;965,4;;26,5;17,5;27,7;26,5;18,1;17,4;59;55;58;;;;
2019/02/07;0100 UTC;0;966,6;966,6;965,9;;26,7;17;26,9;26,5;17,5;17;58;55;55;;;;
2019/02/07;0200 UTC;0;967,4;967,4;966,6;;25,4;17,8;26,9;25,3;17,9;16,5;63;53;63;;;;
2019/02/07;0300 UTC;0;967,5;967,6;967,4;;24,2;18,1;25,6;24,2;18,2;17,8;69;63;69;;;;
2019/02/07;0400 UTC;0;966,8;967,5;966,8;;23,8;17,8;24,3;23,8;18,2;17,8;69;68;69;;;;
2019/02/07;0500 UTC;0;966,5;966,8;966,3;;23,2;17,6;23,8;23,2;17,8;17,6;71;69;71;;;;
2019/02/07;0600 UTC;0;966,1;966,5;966,1;;22,6;17,4;23,3;22,5;17,6;17,3;73;69;72;;;;
2019/02/07;0700 UTC;0;966,1;966,2;966;;21,9;17,6;22,6;21,8;17,6;17,3;77;72;77;;;;
2019/02/07;0800 UTC;0;966,2;966,2;966,1;;21,1;17,6;21,9;21,1;17,6;17,5;80;76;80;;;;
2019/02/07;0900 UTC;0;966,4;966,4;966,1;;21,2;17,8;21,3;21;17,8;17,6;81;80;81;;;;
2019/02/07;1000 UTC;0;966,9;966,9;966,4;;21,4;18,1;21,5;21,1;18,1;17,8;82;81;81;;;;
2019/02/07;1100 UTC;0;967,6;967,6;966,9;;23,1;18,4;23,1;21,4;18,6;18,1;81;75;75;;;;
2019/02/07;1200 UTC;0;968,2;968,2;967,6;;25,1;19,1;25,1;23,1;19,1;18,3;75;69;70;;;;
2019/02/07;1300 UTC;0;968,4;968,5;968,2;;26,4;19,6;26,8;24,9;19,8;18,6;70;64;66;;;;
2019/02/07;1400 UTC;0;968,2;968,4;968,2;;28,7;19,4;29;26,5;20,1;19;66;57;57;;;;
2019/02/07;1500 UTC;0;967,8;968,3;967,8;;30,4;20;31;28,7;20,7;19,2;59;52;54;;;;
2019/02/07;1600 UTC;0;967,1;967,8;967,1;;32;20;32,3;30,2;21,1;18,8;55;49;49;;;;
2019/02/07;1700 UTC;0;966,3;967,2;966,3;;30,8;19;32,7;30,3;20,5;18,4;53;45;49;;;;
2019/02/07;1800 UTC;0;965,1;966,3;965,1;;30,8;18,9;33,5;30,8;20,2;17;51;42;49;;;;
2019/02/07;1900 UTC;0;964,1;965,1;964,1;;32,9;18;33,6;30,6;20;17,5;50;40;41;;;;
2019/02/07;2000 UTC;0;964;964,1;963,4;;30,9;18,2;33,5;30,8;18,6;16,6;47;40;47;;;;
2019/02/07;2100 UTC;0;964,1;964,2;964;;27,8;19;31;27,8;19;17,3;59;44;59;;;;
2019/02/07;2200 UTC;0;963,7;964,1;963,3;;27,7;19,5;28,1;27,5;19,6;19;62;59;61;;;;
2019/02/07;2300 UTC;0;964,4;964,4;963,7;;26,4;17,9;27,7;26;19,5;17,8;66;59;59;;;;
2019/02/08;0000 UTC;0;964,8;964,8;964,4;;27,3;17,6;27,3;26,2;17,8;16,8;60;53;55;;;;
2019/02/08;0100 UTC;0;965,2;965,2;964,8;;26,7;17,9;27,8;26,5;17,9;17,7;59;55;58;;;;
2019/02/08;0200 UTC;0;965,4;965,4;965,2;;26,7;17,8;27,2;26,6;18;17,7;58;57;58;;;;
2019/02/08;0300 UTC;0;965,5;965,5;965,4;;26,6;17,9;27,1;26,5;17,9;17,5;59;56;59;;;;
2019/02/08;0400 UTC;0;965,3;965,5;965,3;;26,2;18;26,7;25,8;18,4;18;63;59;61;;;;
2019/02/08;0500 UTC;0;965,1;965,3;965;;25,6;17,6;26,2;25,4;18;17,6;63;60;62;;;;
2019/02/08;0600 UTC;0;964,8;965,1;964,8;;24,8;17,6;25,7;24,8;17,9;17,4;66;61;64;;;;
2019/02/08;0700 UTC;0;964,7;964,9;964,7;;23,9;17,6;24,9;23,9;17,6;17,4;68;63;68;;;;
2019/02/08;0800 UTC;0;965,1;965,1;964,7;;24,2;17,3;24,5;23,9;17,6;17;68;63;65;;;;
2019/02/08;0900 UTC;0;965,7;965,7;965,1;;23,4;17,4;24,3;23,4;17,4;17,1;69;64;69;;;;
2019/02/08;1000 UTC;0;966,8;966,8;965,7;;24;17,5;24;23,2;17,6;17,3;70;66;67;;;;
2019/02/08;1100 UTC;0;967,2;967,2;966,8;;25,9;17,6;25,9;24;18;17,3;67;60;60;;;;
2019/02/08;1200 UTC;0;968;968;967,2;;28,3;18,4;28,3;25,9;18,6;17,6;61;54;55;;;;
2019/02/08;1300 UTC;0;968,4;968,5;968;;29,6;19,4;30;28,3;20;18;56;52;54;;;;
2019/02/08;1400 UTC;0;968,3;968,5;968,3;;30,4;19,4;31,8;29,6;21;18,9;57;49;52;;;;
2019/02/08;1500 UTC;0;967,9;968,3;967,9;;32,2;19,3;33,5;30,3;20,4;17,9;53;42;47;;;;
2019/02/08;1600 UTC;0;967,4;967,9;967,4;;31,2;19;33,4;29,2;20,6;17,8;54;43;48;;;;
2019/02/08;1700 UTC;0;966,5;967,4;966,5;;31,4;17,4;32,4;30,6;19,8;16,6;51;41;43;;;;
2019/02/08;1800 UTC;0;965,5;966,5;965,4;;33,6;16,7;34,9;31,3;18,4;15,6;43;32;37;;;;
2019/02/08;1900 UTC;0;965,2;965,5;965,1;;32,7;17,8;33,5;32;18,8;16,6;43;36;41;;;;
2019/02/08;2000 UTC;0;964,6;965,2;964,6;;31,7;18,1;32,7;31,4;19,3;17,5;48;41;44;;;;
2019/02/08;2100 UTC;0;964,3;964,5;964,2;;33,4;15,7;33,7;31,7;18,6;15,7;46;35;35;;;;
2019/02/08;2200 UTC;0;964,4;964,5;964,3;;29,6;19,9;33,4;29,6;20;15,5;56;35;56;;;;
2019/02/08;2300 UTC;0;964,6;964,6;964,2;;28,9;20,3;29,8;28,7;20,3;19,8;60;55;60;;;;
2019/02/09;0000 UTC;0;965,2;965,3;964,6;;28,3;19,9;28,9;28,2;20,7;19,8;63;59;61;;;;
2019/02/09;0100 UTC;0;965,4;965,5;965,2;;27,1;20,3;28,3;27,1;20,3;19,8;66;60;66;;;;
2019/02/09;0200 UTC;0;965,9;965,9;965,4;;26,4;20,1;27,4;26,4;20,3;19,9;68;64;68;;;;
2019/02/09;0300 UTC;0;965,8;965,9;965,7;;26,3;19,7;26,8;26,3;20,2;19,6;69;65;67;;;;
2019/02/09;0400 UTC;0;965,8;965,9;965,8;;25,4;20,2;26,3;24,9;20,2;19,6;75;67;73;;;;
2019/02/09;0500 UTC;0;966;966;965,7;;25;20;25,7;24,7;20,2;19,9;75;71;74;;;;
2019/02/09;0600 UTC;0;965,7;966;965,6;;24,1;20,2;25,1;24,1;20,3;19,9;79;73;79;;;;
2019/02/09;0700 UTC;0;965,9;965,9;965,7;;23,9;19,9;24,4;23,8;20,2;19,9;80;76;78;;;;
2019/02/09;0800 UTC;0;966,1;966,1;965,8;;23,7;19,8;24,3;23,6;19,9;19,6;79;76;79;;;;
2019/02/09;0900 UTC;0;966,6;966,7;966,1;;23,7;19,9;24,4;23,7;20;19,8;79;76;79;;;;
2019/02/09;1000 UTC;0;967,2;967,2;966,6;;24,5;19,4;24,6;23,6;20;19,4;80;73;73;;;;
2019/02/09;1100 UTC;0;967,7;967,7;967,2;;26,4;19,4;26,5;24,5;20;19,2;73;64;65;;;;
2019/02/09;1200 UTC;0;968;968;967,7;;28,7;19,1;28,9;26,4;19,6;18,5;65;54;56;;;;
2019/02/09;1300 UTC;0;968,2;968,2;967,9;;30,4;19,4;30,4;28,6;19,6;18,3;58;49;52;;;;
2019/02/09;1400 UTC;0;968,3;968,3;968,2;;32,4;20,3;32,4;30,1;20,3;18,6;52;47;49;;;;
2019/02/09;1500 UTC;0;967,9;968,3;967,8;;33,9;18,6;34,1;32,1;20,2;18,2;49;40;41;;;;
2019/02/09;1600 UTC;0;967,2;967,9;967,2;;35,1;17,3;35,5;33,7;19,3;16,2;43;34;35;;;;
2019/02/09;1700 UTC;0;966,5;967,3;966,5;;34,4;16,8;36,1;33,7;19,1;16,1;38;33;35;;;;
2019/02/09;1800 UTC;0;965,2;966,5;965,2;;36;15,8;37,2;34,4;18,4;15,3;36;29;30;;;;
2019/02/09;1900 UTC;0;964,3;965,2;964,3;;36,3;15,7;37,1;35,6;17;14,3;32;27;30;;;;
2019/02/09;2000 UTC;0;964;964,3;963,9;;35;17,4;37,1;35;17,9;15,2;35;28;35;;;;
2019/02/09;2100 UTC;0;963,2;964;963,2;;33,9;17,8;35,1;33,8;19,6;16,7;42;34;39;;;;
2019/02/09;2200 UTC;0;963,3;963,3;963,1;;31,5;19,8;33,9;31,5;20,4;17,5;51;38;50;;;;
2019/02/09;2300 UTC;0;963,7;963,7;963,2;;31;18,6;31,8;30,9;19,9;18,5;50;46;48;;;;
2019/02/10;0000 UTC;0;964,6;964,6;963,7;;31,3;18,6;31,4;30,8;19,1;17,9;49;45;47;;;;
2019/02/10;0100 UTC;0;965,6;965,7;964,6;;29,6;19,8;31,3;29,6;19,8;18,6;56;47;56;;;;
2019/02/10;0200 UTC;0;965,8;965,8;965,5;;28,5;20;29,7;28,5;20;19,6;60;55;60;;;;
2019/02/10;0300 UTC;0;965,8;965,9;965,8;;27,8;20,2;28,5;27,7;20,3;19,9;64;60;63;;;;
2019/02/10;0400 UTC;0;965,7;965,8;965,7;;27,8;20,4;28;27,5;20,6;20,1;65;63;64;;;;
2019/02/10;0500 UTC;0;965,5;965,8;965,4;;28;20;28,3;27,6;20,5;19,9;65;61;62;;;;
2019/02/10;0600 UTC;0;965,1;965,5;965,1;;26,6;20,2;27,9;26,4;20,4;20;69;62;68;;;;
2019/02/10;0700 UTC;0;964,7;965,1;964,7;;26;20,2;26,6;25,9;20,3;20,2;71;68;70;;;;
2019/02/10;0800 UTC;0;964,9;964,9;964,7;;25,8;20,3;26,1;25,6;20,3;20,1;72;70;72;;;;
2019/02/10;0900 UTC;0;965,1;965,1;964,9;;25;20,3;25,8;24,9;20,4;20,2;75;72;75;;;;
2019/02/10;1000 UTC;0;966,3;966,3;965,1;;25,4;20;25,4;24,9;20,3;19,9;76;71;72;;;;
2019/02/10;1100 UTC;0;966,8;966,8;966,3;;27,1;19,6;27,1;25,4;20,2;19,5;72;64;64;;;;
2019/02/10;1200 UTC;0;966,7;966,9;966,6;;29,5;20,5;29,5;27,1;20,7;19,6;65;58;59;;;;
2019/02/10;1300 UTC;0;967,1;967,1;966,7;;30,8;19,9;30,8;29,5;20,7;19,7;59;52;52;;;;
2019/02/10;1400 UTC;0;967;967,2;967;;30,8;20;31,4;30,8;20,7;19,1;55;49;53;;;;
2019/02/10;1500 UTC;0;967,5;967,6;967;;30,7;20,5;31,6;30,7;20,8;19,3;55;50;55;;;;
2019/02/10;1600 UTC;0;966,4;967,5;966,4;;26,8;21,9;30,8;26,8;22;20,4;75;54;75;;;;
2019/02/10;1700 UTC;0;965,3;966,4;965,3;;30,3;22,6;30,3;26,6;23;21,8;76;62;63;;;;
2019/02/10;1800 UTC;0;965;965,4;965;;30,1;21,8;30,7;29,2;22,8;21,5;65;61;61;;;;
2019/02/10;1900 UTC;0;964,3;965;964;;31,3;22,4;31,3;29,7;22,6;21,4;63;58;59;;;;
2019/02/10;2000 UTC;0;964,9;964,9;964,3;;30,9;21,8;31,6;30,7;22,4;21,2;60;56;59;;;;
2019/02/10;2100 UTC;15,4;965,6;966,1;964,9;;22,3;21,6;30,9;21,7;21,6;18,3;96;57;96;;;;
2019/02/10;2200 UTC;,2;964,7;966,1;964,7;;22,5;21,6;22,7;22,3;22;21,6;96;95;95;;;;
2019/02/10;2300 UTC;,2;963,8;964,7;963,7;;23,1;21;23,8;22,4;21,6;20,7;95;83;88;;;;
2019/02/11;0000 UTC;0;964,7;964,7;963,8;;22,6;21,6;23,1;22,6;21,7;21,1;94;88;94;;;;
2019/02/11;0100 UTC;0;966,3;966,3;964,7;;22,8;21,7;23,3;22,6;22,1;21,6;95;93;94;;;;
2019/02/11;0200 UTC;0;966,9;966,9;966,3;;22,8;21,3;23,1;22,7;21,7;21;94;88;91;;;;
2019/02/11;0300 UTC;0;965,9;966,9;965,9;;22,5;21,5;23,1;22,5;21,7;21,3;94;90;94;;;;
2019/02/11;0400 UTC;0;965,6;965,9;965,6;;22,8;21,3;23;22,5;21,8;21,3;94;91;91;;;;
2019/02/11;0500 UTC;0;965,7;965,8;965,6;;22,9;20,8;23,1;22,7;21,3;20,8;91;88;88;;;;
2019/02/11;0600 UTC;0;965,8;965,9;965,6;;22,5;21,1;22,9;22,5;21,1;20,8;92;88;92;;;;
2019/02/11;0700 UTC;0;966,1;966,1;965,8;;22,6;21,4;22,7;22,4;21,4;21,1;93;92;93;;;;
2019/02/11;0800 UTC;0;966;966,4;966;;22,5;21,5;22,7;22,5;21,6;21,4;95;93;95;;;;
2019/02/11;0900 UTC;0;966,6;966,6;966;;22,4;21,5;22,5;22,3;21,6;21,5;95;94;95;;;;
2019/02/11;1000 UTC;0;967;967;966,6;;22,8;21,9;22,8;22,4;21,9;21,5;95;94;94;;;;
2019/02/11;1100 UTC;0;968;968;967;;24,3;22,7;24,3;22,8;23;21,9;94;91;91;;;;
2019/02/11;1200 UTC;0;968;968,1;967,9;;25,8;23,1;25,8;24,3;23,4;22,7;92;84;85;;;;
2019/02/11;1300 UTC;0;968,1;968,2;968;;28;23,5;28,2;25,8;24;22,9;86;76;77;;;;
2019/02/11;1400 UTC;0;967,7;968,1;967,7;;30;23,9;30,7;28;24,6;23,1;78;66;70;;;;
2019/02/11;1500 UTC;0;967,2;967,7;967,1;;31,8;23;31,9;30,1;24,6;22,6;70;60;60;;;;
2019/02/11;1600 UTC;0;966,5;967,2;966,5;;32,7;22;33,2;31,7;23,7;21,3;62;51;53;;;;
2019/02/11;1700 UTC;0;965,6;966,4;965,6;;33,4;20,6;33,7;32,5;22,6;20,4;55;47;47;;;;
2019/02/11;1800 UTC;0;964,9;965,7;964,9;;34,2;22,2;34,2;32,4;22,2;20;52;46;50;;;;
2019/02/11;1900 UTC;0;964,3;965;964,2;;33,6;22,2;35,3;32,6;23,6;20,5;53;46;51;;;;
2019/02/11;2000 UTC;0;963,6;964,3;963,5;;35,6;20,6;35,6;33,7;22,1;20,6;51;41;42;;;;
2019/02/11;2100 UTC;0;963,8;963,8;963,5;;34,2;19,1;35,6;34,2;21;18,3;45;39;41;;;;
2019/02/11;2200 UTC;0;963,9;964;963,7;;31,9;20,6;34,2;31,9;20,8;18,7;51;40;51;;;;
2019/02/11;2300 UTC;0;965,2;965,2;963,9;;31,1;20,2;32;30,8;20,9;20,2;55;51;52;;;;
2019/02/12;0000 UTC;0;966,4;966,4;965,2;;29,8;22;31,2;29,8;22,1;20,2;63;52;63;;;;
2019/02/12;0100 UTC;0;967,5;967,5;966,4;;29,3;22,3;30;29,2;22,4;21,9;66;62;66;;;;
2019/02/12;0200 UTC;0;967,4;967,5;967,3;;28;22,4;29,3;28;22,5;22,3;72;66;72;;;;
2019/02/12;0300 UTC;0;966,8;967,5;966,8;;28,1;21,9;28,1;27,3;22,5;21,8;73;69;69;;;;
2019/02/12;0400 UTC;0;966,7;967,2;966,5;;27,4;22,1;28,3;27,4;22,1;21,8;73;68;73;;;;
2019/02/12;0500 UTC;0;966,5;966,7;966,1;;26,9;22,2;27,5;26,9;22,3;22,1;76;72;75;;;;
2019/02/12;0600 UTC;2;968,1;968,1;966,5;;21,8;20,4;26,9;21,5;22,4;19,6;92;75;92;;;;
2019/02/12;0700 UTC;42,4;969,2;969,3;968;;20;20;21,8;20;20,3;19,6;100;92;100;;;;
2019/02/12;0800 UTC;1,6;969,3;969,4;968,9;;20,5;20,5;20,5;20;20,5;20;100;100;100;;;;
2019/02/12;0900 UTC;8,2;969,6;970,2;969,2;;20,7;20,7;20,7;20;20,7;20;100;100;100;;;;
2019/02/12;1000 UTC;1;969,6;970;969,6;;21,2;21;21,2;20,7;21,1;20,5;100;98;99;;;;
2019/02/12;1100 UTC;0;969,8;970,2;969,4;;21,5;21,5;21,6;21,1;21,6;21;100;99;100;;;;
2019/02/12;1200 UTC;0;970,1;970,1;969,2;;22,7;22,1;22,8;21,4;22,3;21,4;100;96;96;;;;
2019/02/12;1300 UTC;0;972,3;972,3;970,1;;24;22,1;24;22,7;22,5;21,7;96;88;89;;;;
2019/02/12;1400 UTC;0;972,9;972,9;972,3;;25,3;22,2;25,6;24;22,6;21,3;89;78;83;;;;
2019/02/12;1500 UTC;0;972,6;973;972,6;;25,2;21,8;25,6;24,8;22,3;21,4;86;79;81;;;;
2019/02/12;1600 UTC;0;972,4;972,6;972,3;;25,5;21,5;25,9;25,2;22,3;21,1;82;76;78;;;;
2019/02/12;1700 UTC;0;971,8;972,5;971,8;;24,3;21,5;25,5;24,3;22;21,4;85;78;84;;;;
2019/02/12;1800 UTC;0;971,1;971,9;971,1;;24,3;21,9;25,1;24,1;22,3;21,6;88;83;86;;;;
2019/02/12;1900 UTC;0;970,7;971,1;970,7;;24,7;21,2;25,2;24,3;22,3;21,1;87;80;81;;;;
2019/02/12;2000 UTC;0;969,6;970,7;969,6;;25,2;21,2;25,2;24,6;21,7;21;82;79;79;;;;
2019/02/12;2100 UTC;0;968,3;969,6;968,3;;24,7;20,9;25,4;24,7;21,4;20,7;80;77;79;;;;
2019/02/12;2200 UTC;0;968;968,4;968;;24,1;21;24,7;24,1;21,1;20,8;83;79;83;;;;
2019/02/12;2300 UTC;0;968,3;968,3;967,9;;24,1;21,2;24,2;24;21,3;21;85;83;84;;;;
2019/02/13;0000 UTC;0;970,1;970,1;968,3;;23,5;21,4;24,1;23,4;21,6;21,2;89;84;88;;;;
2019/02/13;0100 UTC;0;970,9;970,9;970,1;;23;21,4;23,7;23;21,5;21,3;90;87;90;;;;
2019/02/13;0200 UTC;0;971,4;971,5;970,9;;23;21,9;23,1;22,9;21,9;21,3;94;90;94;;;;
2019/02/13;0300 UTC;0;970,9;971,4;970,9;;22,9;22,1;23,1;22,9;22,2;21,9;96;94;96;;;;
2019/02/13;0400 UTC;0;970,5;970,9;970,5;;22,8;22,4;22,9;22,8;22,4;22,1;98;96;98;;;;
2019/02/13;0500 UTC;0;970;970,5;970;;22,7;22,2;22,8;22,6;22,4;22,2;98;97;97;;;;
2019/02/13;0600 UTC;0;969,5;970;969,5;;22,7;21,8;22,7;22,6;22,2;21,8;97;95;95;;;;
2019/02/13;0700 UTC;0;969,2;969,5;969,1;;22,4;20,6;22,7;22,4;21,8;20,6;95;90;90;;;;
2019/02/13;0800 UTC;,4;969,6;969,6;969,2;;22;20,6;22,5;22;20,7;20,6;92;89;92;;;;
2019/02/13;0900 UTC;1,2;969,4;969,6;969,4;;21,8;20,8;22,2;21,7;21,1;20,7;95;92;94;;;;
2019/02/13;1000 UTC;,2;969,9;969,9;969,4;;22;20,9;22;21,7;20,9;20,5;94;92;93;;;;
2019/02/13;1100 UTC;0;970,6;970,6;969,9;;23,6;21,2;23,6;22;21,2;20,6;93;86;86;;;;
2019/02/13;1200 UTC;0;971,2;971,3;970,6;;24,1;20,8;24,4;23,4;22,2;20,8;89;82;82;;;;
2019/02/13;1300 UTC;0;971,5;971,5;971,2;;24,8;21;25,3;24,1;21,4;20,4;83;78;79;;;;
2019/02/13;1400 UTC;0;971,3;971,6;971,3;;24,6;20,8;25,2;24,4;21,4;20,5;81;78;80;;;;
2019/02/13;1500 UTC;0;970,7;971,3;970,7;;25,9;21,2;26;24,6;21,6;20,7;81;75;75;;;;
2019/02/13;1600 UTC;0;969,6;970,7;969,4;;27,1;21,1;27,6;25,9;21,7;20,7;76;69;70;;;;
2019/02/13;1700 UTC;0;969,3;969,9;969,3;;28;20,9;29,1;26,8;22,5;20,5;71;64;66;;;;
2019/02/13;1800 UTC;0;968,7;969,4;968,7;;28,4;21;29,5;27,5;22,2;20,6;68;63;65;;;;
2019/02/13;1900 UTC;0;968;968,7;968;;28,4;20,7;29;28,1;22;20,7;67;62;63;;;;
2019/02/13;2000 UTC;0;967,6;968;967,6;;28,2;20,4;29,1;28,2;21,5;20,4;65;61;63;;;;
2019/02/13;2100 UTC;0;967,5;967,7;967,4;;28,3;20,9;29,3;28,2;21,7;20,3;66;60;64;;;;
2019/02/13;2200 UTC;0;967,8;967,8;967,5;;25,2;22;28,3;25,2;22,2;20,6;82;63;82;;;;
2019/02/13;2300 UTC;,2;968,2;968,2;967,8;;24,8;21,9;25,2;24,1;22,3;21,9;89;82;84;;;;
2019/02/14;0000 UTC;0;968,8;968,8;968,2;;24,4;22,2;25,4;24,2;22,3;21,6;89;80;88;;;;
2019/02/14;0100 UTC;0;969,2;969,2;968,7;;24,2;22,4;24,5;24,2;22,6;22,3;90;88;89;;;;
2019/02/14;0200 UTC;0;969,3;969,3;969,1;;24,4;22;24,4;24,1;22,4;22;90;87;87;;;;
2019/02/14;0300 UTC;0;968,9;969,3;968,9;;25;20,4;25,2;24,4;22;20,3;87;75;75;;;;
2019/02/14;0400 UTC;0;968,9;969;968,9;;24,4;19,9;25;24,3;20,4;19,9;78;75;76;;;;
2019/02/14;0500 UTC;0;968,7;969;968,7;;24;19,1;24,4;24;19,9;19;77;74;74;;;;
2019/02/14;0600 UTC;0;968,3;968,8;968,3;;23,4;18,9;24,1;23,4;19,1;18,9;76;74;76;;;;
2019/02/14;0700 UTC;0;968,5;968,5;968,3;;22,9;18,5;23,4;22,9;18,9;18,4;76;75;76;;;;
2019/02/14;0800 UTC;0;968,7;968,7;968,5;;22,3;18;22,9;22,2;18,4;18;77;75;77;;;;
2019/02/14;0900 UTC;0;969,2;969,2;968,7;;22,1;18,4;22,4;22;18,5;17,9;80;76;80;;;;
2019/02/14;1000 UTC;0;969,8;969,8;969,2;;22,2;18,1;22,2;21,9;18,4;18;80;77;78;;;;
2019/02/14;1100 UTC;0;970,5;970,6;969,8;;22;17,3;22,2;22;18,1;17,2;78;74;75;;;;
2019/02/14;1200 UTC;0;970,9;970,9;970,5;;22,9;17,4;22,9;22;17,5;17;75;70;71;;;;
2019/02/14;1300 UTC;0;971,2;971,2;970,9;;23,2;17,4;23,2;22,8;17,5;16,9;71;69;70;;;;
2019/02/14;1400 UTC;0;971,5;971,5;971,1;;24,4;18,5;24,4;23,1;18,6;17,2;72;69;70;;;;
2019/02/14;1500 UTC;0;971,1;971,5;971,1;;24,7;18,5;24,8;24,1;19,1;18;71;68;68;;;;
2019/02/14;1600 UTC;0;970;971,1;970;;26,8;19,4;27,4;24,6;20,2;18,5;70;62;64;;;;
2019/02/14;1700 UTC;0;968,9;970;968,9;;27,3;20;28,3;26,5;21;19,2;67;61;64;;;;
2019/02/14;1800 UTC;0;968;968,9;967,9;;28,1;20,5;29,4;26,9;21,6;19,6;67;59;64;;;;
2019/02/14;1900 UTC;0;967,7;968;967,7;;27,5;20,8;28,1;27;20,8;20;68;63;67;;;;
2019/02/14;2000 UTC;0;967,3;967,7;967,3;;27,6;20,8;28,1;27,3;21,2;20,4;68;65;66;;;;
2019/02/14;2100 UTC;0;966,9;967,4;966,9;;26,8;21,1;27,7;26,8;21,2;20,5;71;66;71;;;;
2019/02/14;2200 UTC;0;967;967,3;966,9;;26,1;21,4;26,8;26,1;21,4;20,9;75;70;75;;;;
2019/02/14;2300 UTC;0;967,6;967,6;966,9;;25,9;21,5;26,3;25,8;21,8;21,1;78;74;77;;;;
2019/02/15;0000 UTC;0;968,1;968,1;967,6;;25,5;21,8;26,2;25,4;22;21,2;81;74;80;;;;
2019/02/15;0100 UTC;0;968,5;968,5;968;;24,9;22,4;25,5;24,9;22,4;21,7;86;79;86;;;;
2019/02/15;0200 UTC;0;968,6;968,7;968,5;;24,9;22,2;25,1;24,9;22,4;22,1;86;84;85;;;;
2019/02/15;0300 UTC;0;968,2;968,6;968,2;;24,6;22,2;24,9;24,5;22,4;22,2;88;85;87;;;;
2019/02/15;0400 UTC;0;968;968,3;968;;24,3;22,1;24,6;24,3;22,2;22;88;86;87;;;;
2019/02/15;0500 UTC;0;967,5;968,2;967,5;;23,6;22,1;24,3;23,6;22,2;22;91;87;91;;;;
2019/02/15;0600 UTC;0;966,7;967,5;966,6;;23,3;22,1;23,6;23,3;22,1;22,1;93;91;93;;;;
2019/02/15;0700 UTC;0;966,5;966,7;966,3;;23,3;21,9;23,3;23,2;22,1;21,9;93;92;92;;;;
2019/02/15;0800 UTC;0;966,1;966,6;966,1;;23,2;22;23,3;23,2;22,1;21,9;93;92;93;;;;
2019/02/15;0900 UTC;0;965,8;966,1;965,8;;23,2;22;23,2;23,1;22,1;22;94;93;93;;;;
2019/02/15;1000 UTC;0;966,1;966,1;965,8;;23,1;22,2;23,2;23;22,2;22;95;93;95;;;;
2019/02/15;1100 UTC;0;966,3;966,3;966,1;;23,8;22,5;23,8;23,1;22,5;22,2;95;93;93;;;;
2019/02/15;1200 UTC;0;966,4;966,4;966,2;;24,6;22,6;24,6;23,6;22,7;21,9;92;89;89;;;;
2019/02/15;1300 UTC;0;966,3;966,5;966,3;;26,2;22,6;26,2;24,1;23,1;21,9;89;81;81;;;;
2019/02/15;1400 UTC;0;966;966,3;966;;26,3;21,6;26,4;25,6;22,5;21,5;81;75;75;;;;
2019/02/15;1500 UTC;0;965,8;966;965,8;;29;22,3;29,2;26,3;22,5;20,3;76;62;67;;;;
2019/02/15;1600 UTC;0;965,2;965,8;965,2;;29;19,9;29,4;28;21,9;19,9;67;58;58;;;;
2019/02/15;1700 UTC;0;964,9;965,2;964,9;;28,3;18,3;29,5;28,3;20,5;18,1;60;52;55;;;;
2019/02/15;1800 UTC;0;964,1;964,9;964,1;;30,2;17,9;30,2;28,2;18,8;16,4;56;46;48;;;;
2019/02/15;1900 UTC;0;963,6;964,1;963,6;;28,7;17,2;30,4;28,5;18,3;15,7;53;44;50;;;;
2019/02/15;2000 UTC;0;963,4;963,6;963,3;;29;17,1;30;28,6;17,8;15,9;51;44;49;;;;
2019/02/15;2100 UTC;0;963,3;963,4;963,3;;27,7;17,6;29;27,6;18,2;17;57;48;54;;;;
2019/02/15;2200 UTC;0;963,8;963,8;963,3;;26,9;17,3;27,8;26,9;17,6;16,6;56;51;56;;;;
2019/02/15;2300 UTC;0;964,2;964,2;963,7;;24,3;18,4;26,9;24,1;18,4;17,3;70;56;70;;;;
2019/02/16;0000 UTC;0;965;965;964,2;;23,5;18,6;24,4;23,4;18,7;18,4;74;70;74;;;;
2019/02/16;0100 UTC;0;965,3;965,3;965;;22,8;18,9;23,5;22,3;18,9;18,5;80;74;79;;;;
2019/02/16;0200 UTC;0;965,7;965,7;965,3;;22,2;18,7;22,9;22,1;18,8;18,5;81;78;81;;;;
2019/02/16;0300 UTC;0;965,7;965,8;965,7;;22;18,4;22,8;21,9;18,9;18,4;81;79;80;;;;
2019/02/16;0400 UTC;0;965,5;965,8;965,5;;20,8;18,5;22;20,7;18,6;18,3;87;80;87;;;;
2019/02/16;0500 UTC;0;965;965,5;965;;19,9;18,5;21;19,9;18,7;18,4;91;86;91;;;;
2019/02/16;0600 UTC;0;964,6;965;964,6;;20;18,5;20,3;19,9;18,7;18,4;92;91;91;;;;
2019/02/16;0700 UTC;0;964,3;964,6;964,3;;19,9;18,5;20,1;19,8;18,7;18,4;92;91;92;;;;
2019/02/16;0800 UTC;0;964,3;964,4;964,2;;19,6;18,3;20,1;19,6;18,7;18,3;93;91;92;;;;
2019/02/16;0900 UTC;0;964,5;964,5;964,3;;19,3;18,4;19,7;19,2;18,5;18,1;95;92;95;;;;
2019/02/16;1000 UTC;0;965;965;964,5;;19,5;18,7;19,5;19;18,7;18,1;95;94;95;;;;
2019/02/16;1100 UTC;0;965,8;965,8;965;;21,1;19,6;21,2;19,5;19,8;18,7;95;91;91;;;;
2019/02/16;1200 UTC;0;966,3;966,3;965,8;;23;20;23,3;21,1;21;19,4;92;82;83;;;;
2019/02/16;1300 UTC;0;966,4;966,5;966,3;;25,3;18,9;25,8;22,9;20,7;18,9;84;68;68;;;;
2019/02/16;1400 UTC;0;966,3;966,5;966,2;;26,4;19,9;26,8;23,8;20,4;18;75;63;68;;;;
2019/02/16;1500 UTC;0;965,9;966,3;965,9;;26,8;17,9;27,9;25,5;20,9;17,3;70;55;58;;;;
2019/02/16;1600 UTC;0;965,4;965,9;965,4;;29,1;17,1;29,5;26,5;19;15,6;61;46;48;;;;
2019/02/16;1700 UTC;0;964,6;965,4;964,6;;29,2;16;30,1;28,2;18,6;16;53;45;45;;;;
2019/02/16;1800 UTC;0;963,6;964,6;963,6;;29,4;16,3;30,1;28,2;17,9;15,9;52;44;45;;;;
2019/02/16;1900 UTC;0;963;963,6;963;;29,1;15,4;30;28,3;17,4;15,4;49;42;43;;;;
2019/02/16;2000 UTC;0;962,7;963;962,6;;29,5;16,1;29,8;28,7;18,2;14,9;51;43;44;;;;
2019/02/16;2100 UTC;0;963;963;962,6;;28;17,6;29,6;27,8;18,3;15,7;55;43;53;;;;
2019/02/16;2200 UTC;0;963,4;963,4;963;;25,9;17,5;27,9;25,9;18,3;17;62;53;60;;;;
2019/02/16;2300 UTC;0;963,8;963,8;963,4;;25;18,1;26;24,9;18,1;17,5;66;59;66;;;;
2019/02/17;0000 UTC;0;964,7;964,7;963,8;;23,8;17,9;25;23,8;18,2;17,4;70;65;70;;;;
2019/02/17;0100 UTC;0;965,4;965,4;964,7;;22,7;17,7;23,7;22,6;18;17,6;74;70;73;;;;
2019/02/17;0200 UTC;0;965,7;965,8;965,4;;22,4;18;22,8;22,1;18;17,6;76;73;76;;;;
2019/02/17;0300 UTC;0;965,6;965,8;965,6;;21,5;17,7;22,5;21,5;18;17,7;79;76;79;;;;
2019/02/17;0400 UTC;0;965,2;965,7;965,2;;21,5;17,8;21,6;21,3;17,9;17,7;80;79;80;;;;
2019/02/17;0500 UTC;0;964,9;965,3;964,9;;21;17,8;21,6;21;17,9;17,7;82;80;82;;;;
2019/02/17;0600 UTC;0;964,7;964,9;964,7;;20,4;18,1;21,2;20,4;18,1;17,8;87;82;87;;;;
2019/02/17;0700 UTC;0;964,5;964,8;964,5;;21;18,5;21,3;20;18,6;17,7;89;83;85;;;;
2019/02/17;0800 UTC;0;964,6;964,6;964,5;;21,1;18,4;21,3;21;18,5;18,4;85;83;85;;;;
2019/02/17;0900 UTC;0;965;965;964,6;;20,8;18,5;21,1;20,8;18,5;18,4;86;85;86;;;;
2019/02/17;1000 UTC;0;965,5;965,5;965;;21,4;19;21,4;20,7;19;18,5;88;86;86;;;;
2019/02/17;1100 UTC;0;966,2;966,2;965,5;;23,4;19,7;23,4;21,4;19,7;18,9;86;78;80;;;;
2019/02/17;1200 UTC;0;967,4;967,4;966,2;;22;19,5;23,5;22;19,5;18,8;86;77;86;;;;
2019/02/17;1300 UTC;,6;967,5;967,5;967,4;;21,9;19,9;22;21,4;20,3;19,6;93;86;89;;;;
2019/02/17;1400 UTC;0;967,5;967,7;967,5;;22,8;20,1;22,9;21,9;20,5;19,9;90;84;84;;;;
2019/02/17;1500 UTC;0;967,4;967,6;967,3;;24,2;20,8;24,2;22,5;21,2;20;88;81;82;;;;
2019/02/17;1600 UTC;0;966,3;967,4;966,3;;26,6;18,9;26,7;24,1;21,4;18,9;83;63;63;;;;
2019/02/17;1700 UTC;0;965,5;966,3;965,5;;28,5;17,2;29,7;26,6;20,1;14,1;64;40;51;;;;
2019/02/17;1800 UTC;0;965;965,5;965;;27,4;19,3;28,8;27,4;20,1;16,3;62;48;62;;;;
2019/02/17;1900 UTC;0;964,6;965;964,6;;28,7;18,3;29,7;27;20,3;17,7;64;52;54;;;;
2019/02/17;2000 UTC;0;964,2;964,6;964,2;;28,6;16,7;29,6;28,3;19,2;15,8;57;44;49;;;;
2019/02/17;2100 UTC;0;964;964,2;963,9;;28,3;15,8;28,9;28,3;17,6;15;51;44;46;;;;
2019/02/17;2200 UTC;0;964,6;964,6;964;;26,8;14,8;28,3;26,8;16,5;14,7;51;45;48;;;;
2019/02/17;2300 UTC;0;965,2;965,2;964,6;;24,6;18,5;27;24,6;18,5;12,7;69;41;69;;;;
2019/02/18;0000 UTC;0;965,9;965,9;965,2;;24,1;19,3;24,6;23,9;19,3;17,2;75;64;75;;;;
2019/02/18;0100 UTC;0;966,6;966,6;965,9;;23,5;19;24,1;23;19,3;18,6;77;75;76;;;;
2019/02/18;0200 UTC;0;967;967,1;966,6;;22,6;18,6;23,8;22,6;19;18,4;78;73;78;;;;
2019/02/18;0300 UTC;0;966,6;967,1;966,6;;22,1;18,6;22,8;22,1;18,6;18,4;80;77;80;;;;
2019/02/18;0400 UTC;0;965,9;966,6;965,9;;21,9;18,3;22,4;21,8;18,5;18,2;80;78;80;;;;
2019/02/18;0500 UTC;0;965,9;966,1;965,8;;21,6;19;21,9;21;19;18,2;87;80;85;;;;
2019/02/18;0600 UTC;0;965,3;965,9;965,3;;20,5;19,4;21,6;20,4;19,4;18,9;94;85;93;;;;
2019/02/18;0700 UTC;0;964,9;965,3;964,9;;21,4;18,9;21,4;20,5;19,4;18,9;93;85;85;;;;
2019/02/18;0800 UTC;0;965,4;965,4;964,8;;21,7;18,7;21,8;21,4;18,9;18,6;85;82;83;;;;
2019/02/18;0900 UTC;0;965,9;965,9;965,3;;21,5;19;21,8;21,4;19;18,7;86;83;86;;;;
2019/02/18;1000 UTC;0;966,3;966,3;965,9;;21,4;19,1;21,5;21,2;19,1;18,9;88;86;87;;;;
2019/02/18;1100 UTC;0;967;967;966,3;;22,4;19,5;22,4;21,4;19,5;19,1;87;83;84;;;;
2019/02/18;1200 UTC;0;967,8;967,8;967;;24,7;19,7;25,3;22,4;20,5;19,4;84;72;74;;;;
2019/02/18;1300 UTC;,2;968,5;968,5;967,8;;25;19,9;25,1;23,5;20,5;19,2;82;73;73;;;;
2019/02/18;1400 UTC;0;968,2;968,5;968,2;;27,4;20,4;28;24,9;21,3;19,1;74;64;66;;;;
2019/02/18;1500 UTC;1,6;967,6;968,4;967,6;;23,8;21,6;27,4;23,3;21,8;18,5;87;63;87;;;;
2019/02/18;1600 UTC;0;966,6;967,6;966,6;;26,9;19,9;27,8;23,8;21,6;19,5;87;62;65;;;;
2019/02/18;1700 UTC;10,6;967,2;968,7;966,6;;18,1;17,4;26,9;16,9;20,6;15,3;96;65;96;;;;
2019/02/18;1800 UTC;,6;967,2;967,2;966,3;;19,9;18,6;20,4;18,1;18,9;17,5;96;87;92;;;;
2019/02/18;1900 UTC;1,4;966,4;968,2;966,4;;20,1;19,5;20,3;19,5;19,5;18,3;96;91;96;;;;
2019/02/18;2000 UTC;,8;965,1;966,4;965,1;;21,4;20,3;21,4;20,1;20,3;19,4;96;93;93;;;;
2019/02/18;2100 UTC;0;965,4;965,4;965;;23,4;20,4;23,4;21,4;21,1;19,4;93;81;83;;;;
2019/02/18;2200 UTC;0;966,4;966,4;965,4;;21,7;19,8;23,6;21,7;20,7;18,6;89;78;89;;;;
2019/02/18;2300 UTC;0;967,1;967,6;966,4;;21,4;19,9;21,7;21,3;20;19,7;92;89;91;;;;
2019/02/19;0000 UTC;0;966,8;967,2;966,8;;20,7;19,6;21,3;20,7;19,9;19,6;94;91;94;;;;
2019/02/19;0100 UTC;0;967;967;966,5;;20,4;19,4;20,7;20,3;19,7;19,4;95;94;94;;;;
2019/02/19;0200 UTC;0;967,7;967,8;967;;20,4;19,2;20,6;20,3;19,4;19,2;94;93;93;;;;
2019/02/19;0300 UTC;0;967,6;967,8;967,5;;20,1;19,3;20,4;20,1;19,5;19,2;95;93;95;;;;
2019/02/19;0400 UTC;0;967;967,6;967;;20,2;19,6;20,3;19,9;19,6;19,1;96;95;96;;;;
2019/02/19;0500 UTC;0;966,6;967;966,6;;20,1;19,7;20,3;20,1;19,8;19,6;98;96;98;;;;
2019/02/19;0600 UTC;0;966,4;966,6;966,3;;20,2;20,2;20,2;19,8;20,2;19,5;100;98;100;;;;
2019/02/19;0700 UTC;0;966,2;966,5;966,2;;20,3;20,3;20,3;20,1;20,3;20,1;100;100;100;;;;
2019/02/19;0800 UTC;0;966;966,2;966;;20,1;19,8;20,3;20;20,3;19,8;100;98;98;;;;
2019/02/19;0900 UTC;,6;967;967,4;966;;20,3;20;20,3;20,1;20;19,8;99;98;99;;;;
2019/02/19;1000 UTC;0;967,2;967,2;966,8;;20;20;20,3;19,9;20,1;19,7;100;98;100;;;;
2019/02/19;1100 UTC;0;968,6;968,6;967,2;;21,1;20,5;21,2;20;20,9;20;100;96;97;;;;
2019/02/19;1200 UTC;0;968,6;968,7;968,5;;22,5;21,1;22,8;21;21,8;20,5;98;91;92;;;;
2019/02/19;1300 UTC;0;969,1;969,4;968,6;;22,7;20,8;23,3;22,5;21,9;20,4;94;87;89;;;;
2019/02/19;1400 UTC;0;969,1;969,1;968,8;;23,1;21,3;23,5;22,4;21,7;20,5;91;87;90;;;;
2019/02/19;1500 UTC;,8;968,7;969,4;968,7;;21,9;21;23,1;21,5;21,3;19,6;95;86;95;;;;
2019/02/19;1600 UTC;0;968;968,7;968;;23;21,4;23,4;21,6;21,9;20,5;94;89;91;;;;
2019/02/19;1700 UTC;0;967,1;968;967,1;;23,3;20,3;23,7;22,8;21,7;20,3;91;83;83;;;;
2019/02/19;1800 UTC;0;965,7;967,1;965,7;;26,9;22,6;26,9;23,2;22,7;20,3;86;76;77;;;;
2019/02/19;1900 UTC;0;964,7;965,7;964,7;;25,8;20,6;27;25,2;22,6;20,6;79;73;73;;;;
2019/02/19;2000 UTC;0;964,9;964,9;964,6;;26,6;20,5;27,9;25,8;21,8;20,2;77;65;69;;;;
2019/02/19;2100 UTC;0;965,1;965,2;964,9;;24,9;21;26,6;24,9;21,3;20,2;79;68;79;;;;
2019/02/19;2200 UTC;0;964,8;965,2;964,7;;24,1;21,2;24,9;24;21,5;20,7;84;79;84;;;;
2019/02/19;2300 UTC;0;965,3;965,3;964,7;;23,4;21,5;24,1;23,4;21,7;21,2;89;84;89;;;;
2019/02/20;0000 UTC;0;966,9;966,9;965,1;;23,2;21,5;23,5;23,2;21,6;21,3;90;88;90;;;;
2019/02/20;0100 UTC;0;967,5;967,7;966,9;;23;21,4;23,6;22,9;21,7;21,3;91;88;91;;;;
2019/02/20;0200 UTC;0;967,9;967,9;966,9;;22,7;21,5;23,2;22,5;21,6;21,3;94;90;93;;;;
2019/02/20;0300 UTC;0;967,8;968,3;967,7;;23;21,1;23,5;22,7;21,7;21,1;93;88;89;;;;
2019/02/20;0400 UTC;0;966,9;967,8;966,9;;23,2;20,8;23,2;22,7;21,4;20,8;92;86;86;;;;
2019/02/20;0500 UTC;0;967,3;967,9;966,9;;23,3;20,9;23,4;22,7;21,2;20,7;90;86;86;;;;
2019/02/20;0600 UTC;0;967,1;967,4;966,9;;22,1;20,9;23,3;22,1;21;20,6;93;86;93;;;;
2019/02/20;0700 UTC;0;966,7;967,2;966,6;;21,4;20,8;22,1;21,3;21;20,7;97;93;97;;;;
2019/02/20;0800 UTC;0;966,8;967;966,7;;21,1;20,7;21,4;21,1;20,9;20,7;98;97;98;;;;
2019/02/20;0900 UTC;,2;967,3;967,3;966,8;;20,9;20,9;21,2;20,9;21;20,7;100;98;100;;;;
2019/02/20;1000 UTC;0;967,3;967,4;967,2;;21;21;21;20,8;21;20,8;100;100;100;;;;
2019/02/20;1100 UTC;0;968,1;968,1;967,3;;22,9;22,9;23;21;22,9;21;100;100;100;;;;
2019/02/20;1200 UTC;0;968,8;968,8;968,1;;24,7;22;24,9;22,9;23,5;21,7;100;84;85;;;;
2019/02/20;1300 UTC;0;969,1;969,1;968,8;;25;21,4;26,4;24,2;22,4;20,8;85;77;81;;;;
2019/02/20;1400 UTC;0;968,9;969,1;968,8;;26,9;21,1;27,7;25;22,6;20,6;81;69;70;;;;
2019/02/20;1500 UTC;0;968,4;968,9;968,4;;29,1;22;29,2;26,7;22,7;20,5;75;61;65;;;;
2019/02/20;1600 UTC;0;967,5;968,4;967,5;;30,2;20,6;30,2;28,4;22,4;19,8;66;55;56;;;;
2019/02/20;1700 UTC;0;966,5;967,5;966,5;;30,7;18,6;31,5;29,6;21,3;18,1;58;48;49;;;;
2019/02/20;1800 UTC;0;965,7;966,5;965,7;;32,2;20,4;32,2;30,6;20,8;17,8;53;46;50;;;;
2019/02/20;1900 UTC;0;964,6;965,7;964,6;;31,5;18,5;32,3;29,3;20,7;17,1;57;43;46;;;;
2019/02/20;2000 UTC;0;964,1;964,6;964;;32;18,6;32,3;31,5;19,5;17,2;49;41;45;;;;
2019/02/20;2100 UTC;0;964,2;964,5;964,1;;31,3;17,7;32,6;30,7;19,8;16,6;52;40;44;;;;
2019/02/20;2200 UTC;0;964,8;964,8;964,2;;29;18,9;31,3;29;20;16,4;55;41;54;;;;
2019/02/20;2300 UTC;0;965,8;965,8;964,8;;27,2;19,3;29,1;27,2;19,3;18,9;62;54;62;;;;
2019/02/21;0000 UTC;0;966,9;966,9;965,8;;25,7;19,4;27,2;25,7;19,4;19,2;68;62;68;;;;
2019/02/21;0100 UTC;0;967,3;967,3;966,9;;24,7;19;25,7;24,6;19,5;19;71;68;71;;;;
2019/02/21;0200 UTC;0;967,9;967,9;967,3;;24,2;18,6;24,9;24,2;19;18,5;72;68;71;;;;
2019/02/21;0300 UTC;0;967,8;967,9;967,8;;24,6;18,4;24,6;24,1;18,6;18,3;71;68;68;;;;
2019/02/21;0400 UTC;0;967,6;967,8;967,5;;23,5;18,3;24,6;23,5;18,4;18,2;73;68;73;;;;
2019/02/21;0500 UTC;0;967,1;967,6;967,1;;22,9;18,4;23,5;22,9;18,5;18,3;76;73;76;;;;
2019/02/21;0600 UTC;0;966,9;967,1;966,9;;22,3;18,7;22,9;22,3;18,8;18,4;80;76;80;;;;
2019/02/21;0700 UTC;0;966,8;967;966,8;;21,9;19;22,3;21,8;19;18,7;84;81;84;;;;
2019/02/21;0800 UTC;0;967,2;967,2;966,8;;21,7;19,8;21,9;21,4;19,8;18,9;89;84;89;;;;
2019/02/21;0900 UTC;0;967,8;967,8;967,2;;21,3;19,9;21,8;21,3;19,9;19,7;92;88;92;;;;
2019/02/21;1000 UTC;0;968,7;968,7;967,8;;21,6;20,4;21,6;21,2;20,4;19,9;93;92;93;;;;
2019/02/21;1100 UTC;0;969,8;969,8;968,7;;23,7;21,3;23,8;21,6;21,4;20,4;93;86;87;;;;
2019/02/21;1200 UTC;0;970,1;970,2;969,8;;24,6;22,2;25,1;23,3;22,5;21,1;89;83;86;;;;
2019/02/21;1300 UTC;0;970,7;970,7;970,1;;25,8;21,4;26,7;24,4;22,6;21,4;86;75;77;;;;
2019/02/21;1400 UTC;0;970,6;970,9;970,5;;28,2;21,6;28,4;25,6;22,8;21;79;67;67;;;;
2019/02/21;1500 UTC;0;970,6;970,7;970,5;;29,2;21,3;30;27,3;22,6;21;72;62;62;;;;
2019/02/21;1600 UTC;0;970,1;970,6;970,1;;28,9;21,3;30,4;28,6;22,3;20,3;66;58;64;;;;
2019/02/21;1700 UTC;0;969;970,1;969;;31,8;20;32,3;28,9;22,2;19,3;66;48;50;;;;
2019/02/21;1800 UTC;0;968,3;969;968,3;;32,4;18,3;33,5;31,5;21,1;17,2;53;41;43;;;;
2019/02/21;1900 UTC;0;967,4;968,3;967,4;;32,3;18,6;33,2;31,9;20,4;17,4;49;39;44;;;;
2019/02/21;2000 UTC;0;966,7;967,4;966,7;;32,1;18,1;32,7;31,8;19,3;16,9;47;41;43;;;;
2019/02/21;2100 UTC;0;966,2;966,7;966,1;;31,2;18,3;32,5;31,2;18,9;16,6;47;40;46;;;;
2019/02/21;2200 UTC;0;966,7;966,7;966,1;;28,9;19,7;31,2;28,8;20,1;18,1;58;46;58;;;;
2019/02/21;2300 UTC;0;967,7;967,7;966,7;;27,7;19,8;28,9;27,5;20,1;19,7;64;58;62;;;;
2019/02/22;0000 UTC;0;968,6;968,6;967,7;;26,6;20;27,8;26,4;20,3;19,7;68;62;67;;;;
2019/02/22;0100 UTC;0;969,2;969,2;968,6;;25,4;20,1;26,6;25,3;20,2;20;73;67;73;;;;
2019/02/22;0200 UTC;0;969,5;969,5;969,2;;24,6;19,9;25,5;24,6;20,2;19,9;75;72;75;;;;
2019/02/22;0300 UTC;0;969,1;969,6;969,1;;24,3;19,8;25,2;24,2;19,9;19,6;76;72;76;;;;
2019/02/22;0400 UTC;0;968,5;969,1;968,5;;24,6;19,3;24,6;24,2;19,8;19,3;76;73;73;;;;
2019/02/22;0500 UTC;0;968,4;968,5;968,3;;24,2;19,4;24,6;24;19,4;19,2;75;72;75;;;;
2019/02/22;0600 UTC;0;968,4;968,5;968,2;;23,5;19,4;24,3;23,5;19,4;19,3;78;74;78;;;;
2019/02/22;0700 UTC;0;968,2;968,4;968,1;;23,2;19,4;23,7;23,2;19,5;19,4;80;78;80;;;;
2019/02/22;0800 UTC;0;968,5;968,5;968,1;;23,2;19,6;23,3;23;19,6;19,4;81;79;80;;;;
2019/02/22;0900 UTC;0;969,3;969,3;968,5;;23,1;19,7;23,3;23,1;19,7;19,5;81;80;81;;;;
2019/02/22;1000 UTC;0;969,7;969,7;969,3;;22,9;20,3;23,1;22,7;20,3;19,7;85;81;85;;;;
2019/02/22;1100 UTC;0;970,5;970,5;969,7;;24;21,1;24;22,9;21,2;20,3;87;84;84;;;;
2019/02/22;1200 UTC;0;970,9;970,9;970,5;;26,2;21,7;26,4;24;22,4;21;84;76;76;;;;
2019/02/22;1300 UTC;0;970,9;971,1;970,9;;27,8;21,8;28;26,2;22,4;21,3;78;68;69;;;;
2019/02/22;1400 UTC;0;970,4;970,9;970,4;;29,4;22,2;29,8;27,9;22,8;21,3;70;64;65;;;;
2019/02/22;1500 UTC;0;970,2;970,5;970,2;;30,3;22,2;30,7;29,4;23;21,3;66;60;62;;;;
2019/02/22;1600 UTC;0;969,5;970,2;969,5;;31,3;21,2;31,8;30,3;23,4;21,1;63;55;55;;;;
2019/02/22;1700 UTC;0;969;969,5;969;;32,1;20,7;32,9;30,7;23;20,6;59;50;51;;;;
2019/02/22;1800 UTC;0;968,2;969;968,2;;32,4;20;33,2;31,8;21,9;19,2;55;45;48;;;;
2019/02/22;1900 UTC;0;967,4;968,2;967,3;;31,2;18,6;33,4;31,2;21;18,2;50;44;47;;;;
2019/02/22;2000 UTC;0;967,1;967,5;967,1;;30,7;20,2;31,2;30,7;20,7;18,6;55;47;54;;;;
2019/02/22;2100 UTC;0;966,8;967,1;966,8;;32,5;19,9;32,6;30,3;22,8;19,6;64;46;48;;;;
2019/02/22;2200 UTC;0;966,9;966,9;966,8;;29,7;20,6;32,5;29,7;22,2;19,4;58;48;58;;;;
2019/02/22;2300 UTC;0;967,6;967,6;966,9;;28,8;20,3;29,7;28,8;20,6;19,6;60;56;60;;;;
2019/02/23;0000 UTC;0;968,2;968,2;967,5;;27,2;20,5;28,8;27,1;20,6;19,8;67;59;67;;;;
2019/02/23;0100 UTC;0;969,1;969,1;968,2;;26,7;20,7;27,4;26,6;20,7;20,5;70;66;70;;;;
2019/02/23;0200 UTC;0;969,4;969,5;969,1;;26,2;20,6;26,7;26,2;20,7;20,6;72;70;72;;;;
2019/02/23;0300 UTC;0;969,1;969,5;969,1;;25,7;20,7;26,2;25,6;20,8;20,6;75;72;74;;;;
2019/02/23;0400 UTC;0;968,7;969,1;968,6;;25,5;20,5;26;25,5;20,7;20,5;74;72;74;;;;
2019/02/23;0500 UTC;0;968,4;968,7;968,4;;25;20,5;25,7;25;20,6;20,4;76;73;76;;;;
2019/02/23;0600 UTC;0;968,1;968,4;968;;24,7;20,5;25;24,6;20,5;20,3;78;76;77;;;;
2019/02/23;0700 UTC;0;967,7;968;967,7;;24,4;20,7;24,7;24,1;20,7;20,5;81;77;80;;;;
2019/02/23;0800 UTC;0;967,5;967,7;967,4;;24;20,9;24,6;24;20,9;20,7;83;80;83;;;;
2019/02/23;0900 UTC;0;968,1;968,1;967,5;;23,7;20,9;24,1;23,7;21;20,9;85;82;84;;;;
2019/02/23;1000 UTC;0;968,5;968,5;968,1;;24,2;21,2;24,2;23,7;21,2;20,9;85;83;84;;;;
2019/02/23;1100 UTC;0;968,7;968,8;968,5;;26,2;22,1;26,2;24,2;22,1;21,2;84;77;78;;;;
2019/02/23;1200 UTC;0;969,1;969,1;968,7;;28;21,5;28;26,2;22,5;21,4;78;68;68;;;;
2019/02/23;1300 UTC;0;969,3;969,3;969,1;;29,6;22,6;29,6;28;23,1;21,3;70;65;66;;;;
2019/02/23;1400 UTC;0;969,1;969,3;969,1;;31,6;23;31,6;29,6;23;21;66;57;60;;;;
2019/02/23;1500 UTC;0;968,8;969,2;968,8;;32,4;22,6;32,4;30,6;22,6;20,5;60;52;56;;;;
2019/02/23;1600 UTC;0;967,8;968,8;967,8;;32,5;22,2;33,1;31,8;22,7;21,1;57;51;55;;;;
2019/02/23;1700 UTC;0;966,8;967,8;966,8;;32,9;21,1;33,7;31,8;22,4;20,1;55;47;50;;;;
2019/02/23;1800 UTC;0;966,1;966,8;966,1;;33,3;21,6;34,3;31,9;22,6;19,8;52;46;50;;;;
2019/02/23;1900 UTC;0;965,4;966,1;965,4;;33,3;20,3;34;31,2;22,3;19,5;56;45;47;;;;
2019/02/23;2000 UTC;,4;964,7;965,4;964,6;;28,8;21,2;33,8;28,3;22;19,1;66;46;64;;;;
2019/02/23;2100 UTC;0;964,6;964,7;964,3;;30,5;21,3;30,5;28,7;22,5;20,9;68;58;58;;;;
2019/02/23;2200 UTC;0;964,7;964,7;964,6;;29,6;21,2;31,3;29,5;22,1;20,5;63;53;61;;;;
2019/02/23;2300 UTC;0;965,4;965,4;964,7;;29,1;21,2;29,7;28,7;21,4;20,8;65;59;63;;;;
2019/02/24;0000 UTC;0;965,4;965,4;965,3;;27,8;21,3;29,1;27,8;21,5;21,2;68;63;68;;;;
2019/02/24;0100 UTC;0;965,7;965,7;965,4;;27,9;20,5;28,3;27,7;21,3;20,5;68;63;64;;;;
2019/02/24;0200 UTC;0;966;966,1;965,7;;26,8;20,3;27,9;26,8;20,5;20,2;68;64;67;;;;
2019/02/24;0300 UTC;0;966,1;966,2;966;;26,3;20,7;26,9;26,1;20,7;20,3;71;67;71;;;;
2019/02/24;0400 UTC;0;965,7;966,1;965,7;;25,9;20,7;26,4;25,9;20,9;20,6;73;71;73;;;;
2019/02/24;0500 UTC;0;965;965,7;965;;25,2;20,6;26;25,2;20,8;20,6;76;73;76;;;;
2019/02/24;0600 UTC;0;964,5;965;964,5;;24,6;20,6;25,5;24,6;20,7;20,5;78;75;78;;;;
2019/02/24;0700 UTC;0;964,4;964,6;964,4;;23,9;20,8;24,6;23,8;20,8;20,6;83;78;83;;;;
2019/02/24;0800 UTC;0;964,5;964,5;964,3;;24;20,9;24,3;23,9;21;20,7;83;82;83;;;;
2019/02/24;0900 UTC;0;965,1;965,1;964,5;;23,1;21;24;23;21;20,8;88;83;88;;;;
2019/02/24;1000 UTC;0;965,6;965,6;965,1;;23,3;21,2;23,4;23;21,2;20,9;88;87;88;;;;
2019/02/24;1100 UTC;0;966,5;966,5;965,6;;25,7;21,7;25,8;23,3;21,9;21,3;88;77;79;;;;
2019/02/24;1200 UTC;0;967,5;967,5;966,5;;28;21,4;28,4;25,7;22,5;21,3;79;66;67;;;;
2019/02/24;1300 UTC;0;967,8;967,8;967,5;;30,1;22,9;30,1;28;23,1;21,6;69;64;66;;;;
2019/02/24;1400 UTC;0;967,8;967,9;967,8;;31,5;22,4;32;29,6;23,4;21,7;66;58;58;;;;
2019/02/24;1500 UTC;0;967,4;967,8;967,4;;33;22,3;33,4;31;23,8;22;63;52;53;;;;
2019/02/24;1600 UTC;0;966,7;967,4;966,7;;33,3;20,5;34,5;32,8;23,9;19,9;57;44;47;;;;
2019/02/24;1700 UTC;0;965,8;966,7;965,8;;35,6;20,5;35,6;32,6;21,7;19,3;50;40;42;;;;
2019/02/24;1800 UTC;0;965;965,8;965;;33;19,6;35,6;33;21,1;18,1;46;39;45;;;;
2019/02/24;1900 UTC;,2;963,8;965;963,8;;33,2;21,4;34,7;31,6;24;19,2;62;42;50;;;;
2019/02/24;2000 UTC;0;962,8;963,8;962,8;;33,3;19,3;34,9;33,1;22,6;18,4;52;39;44;;;;
2019/02/24;2100 UTC;0;963,1;963,1;962,6;;31,2;20,3;33,3;31,1;21;19,5;54;44;52;;;;
2019/02/24;2200 UTC;0;963;963,1;962,9;;29,7;19,7;31,3;29,5;20,8;19,4;57;51;55;;;;
2019/02/24;2300 UTC;0;963,5;963,5;963;;30,1;18,9;30,2;29,6;19,7;18,9;55;51;51;;;;
2019/02/25;0000 UTC;0;964,4;964,4;963,5;;28;20,5;30,5;27,8;20,6;18,8;65;50;64;;;;
2019/02/25;0100 UTC;0;964,9;964,9;964,5;;28,3;20,5;29;27,1;20,8;20,2;68;60;63;;;;
2019/02/25;0200 UTC;0;965,8;965,8;964,9;;26,8;20,9;28,3;26,3;21,3;20,5;74;63;70;;;;
2019/02/25;0300 UTC;0;965,7;965,9;965,7;;26,9;20,6;27,2;26,6;20,8;20,6;70;68;68;;;;
2019/02/25;0400 UTC;0;965,6;965,8;965,5;;26,2;20,7;26,9;25,8;21;20,5;74;68;72;;;;
2019/02/25;0500 UTC;0;965,5;965,6;965,4;;25,3;20,9;26,7;25,3;20,9;20,5;77;70;77;;;;
2019/02/25;0600 UTC;0;965;965,5;965;;25,7;20,9;26,1;25;21,1;20,8;78;73;75;;;;
2019/02/25;0700 UTC;0;964,9;965;964,9;;24,2;21,1;25,7;24,2;21,1;20,8;83;75;83;;;;
2019/02/25;0800 UTC;0;964,7;964,9;964,5;;23,9;21,1;24,3;23,9;21,2;21,1;84;83;84;;;;
2019/02/25;0900 UTC;0;964,9;964,9;964,7;;23,7;21,1;24,1;23,7;21,2;21;85;83;85;;;;
2019/02/25;1000 UTC;0;965,3;965,3;964,8;;23,6;21,2;23,7;23,2;21,2;21;88;85;86;;;;
2019/02/25;1100 UTC;0;966,3;966,3;965,3;;26,3;21,9;26,3;23,6;22,3;21,2;86;77;77;;;;
2019/02/25;1200 UTC;0;967;967;966,3;;28,4;21,8;28,5;26,1;22,5;21,4;77;67;68;;;;
2019/02/25;1300 UTC;0;966,6;967,1;966,6;;29;22,5;30,2;28,3;22,9;21,6;69;64;68;;;;
2019/02/25;1400 UTC;0;966,7;966,8;966,6;;32,1;23,1;32,1;28,9;23,8;22,1;70;59;59;;;;
2019/02/25;1500 UTC;0;966,1;966,8;966,1;;32,5;20,7;34;31,4;23,4;20;61;46;50;;;;
2019/02/25;1600 UTC;0;965,4;966,1;965,4;;34,2;19;34,5;32,5;21,8;19;51;40;41;;;;
2019/02/25;1700 UTC;0;963,6;965,4;963,6;;33,3;19,6;34,6;32,7;21,1;19;48;41;44;;;;
2019/02/25;1800 UTC;0;962,5;963,6;962,5;;34;19,3;35,3;32,8;21,4;18,9;48;40;42;;;;
2019/02/25;1900 UTC;0;961,8;962,6;961,7;;34,3;20,2;35,7;33,4;21,8;18,8;46;40;44;;;;
2019/02/25;2000 UTC;0;960,8;961,8;960,8;;34,2;19,8;35;33,1;20,9;18,9;45;39;43;;;;
2019/02/25;2100 UTC;0;961,3;961,3;960,7;;32;19,2;34,6;32;20;18,7;47;40;47;;;;
2019/02/25;2200 UTC;0;962,7;962,7;961,3;;26,2;20,6;32,1;26,2;20,6;19;71;46;71;;;;
2019/02/25;2300 UTC;1,8;963,1;963,6;962,6;;23,3;21,6;26,3;23;21,8;20,6;91;71;90;;;;
2019/02/26;0000 UTC;6,6;964,7;965,2;963,1;;22,5;21,9;23,3;22,3;21,9;20,8;97;89;97;;;;
2019/02/26;0100 UTC;1,6;966,1;966,1;964,7;;22,6;22;22,8;22,5;22,2;21,9;97;96;96;;;;
2019/02/26;0200 UTC;11;967,2;967,7;966,1;;21,7;21,7;22,6;21,7;22,1;21,3;100;96;100;;;;
2019/02/26;0300 UTC;,2;967,1;967,2;967,1;;20,5;20,5;21,7;20,5;21,7;20,5;100;100;100;;;;
2019/02/26;0400 UTC;0;966,9;967,2;966,9;;20,4;20;20,5;20,3;20,4;20;100;97;97;;;;
2019/02/26;0500 UTC;0;966,5;967;966,5;;20,5;20,1;20,5;20,3;20,1;19,8;98;97;98;;;;
2019/02/26;0600 UTC;,6;966,5;966,7;966,4;;20,7;20,5;20,8;20,4;20,5;20,1;99;98;99;;;;
2019/02/26;0700 UTC;0;966,2;966,5;966,2;;20,8;20,8;20,9;20,7;20,8;20,5;100;99;100;;;;
2019/02/26;0800 UTC;0;966,5;966,5;965,8;;20,2;20,2;20,8;20,1;20,8;20,2;100;100;100;;;;
2019/02/26;0900 UTC;0;966,8;966,8;966,5;;20;20;20,2;19,9;20,2;19,9;100;100;100;;;;
2019/02/26;1000 UTC;0;967,9;967,9;966,7;;20,3;20,3;20,3;19,7;20,3;19,7;100;100;100;;;;
2019/02/26;1100 UTC;1,4;968,5;968,5;967,8;;20,9;20,9;21,1;20,3;21,1;20,3;100;100;100;;;;
2019/02/26;1200 UTC;2,8;968,8;968,8;968,5;;20,6;20,6;21;20,6;21;20,6;100;100;100;;;;
2019/02/26;1300 UTC;2,6;969;969;968,7;;21,4;21,4;21,4;20,6;21,4;20,6;100;100;100;;;;
2019/02/26;1400 UTC;1,6;969,3;969,3;969;;21,8;21,8;21,8;21,3;21,8;21,3;100;100;100;;;;
2019/02/26;1500 UTC;1,4;969,8;969,8;969,3;;21,9;21,8;22,1;21,7;22;21,7;100;99;99;;;;
2019/02/26;1600 UTC;2,8;969,2;969,8;969,2;;21,7;21,1;22;21,4;21,9;20,7;99;96;97;;;;
2019/02/26;1700 UTC;,2;967,8;969,2;967,8;;22,5;20,8;22,6;21,6;21,4;20,6;97;90;91;;;;
2019/02/26;1800 UTC;0;967,7;967,8;967,5;;22,7;21,1;22,7;22,3;21,3;20,5;93;90;91;;;;
2019/02/26;1900 UTC;,6;967,9;968;967,7;;22,5;21,1;22,9;22,4;21,5;20,7;93;89;92;;;;
2019/02/26;2000 UTC;,4;967,9;967,9;967,6;;22,7;21,6;22,8;22,3;22;21,1;96;92;94;;;;
2019/02/26;2100 UTC;0;968;968;967,8;;22,1;21,7;22,7;21,9;21,7;21,4;98;94;98;;;;
2019/02/26;2200 UTC;0;968,5;968,5;968;;21,3;21;22,1;21,3;21,8;20,9;98;97;98;;;;
2019/02/26;2300 UTC;,2;968,4;968,5;968,3;;21,3;21,3;21,3;21,3;21,3;20,9;100;98;100;;;;
2019/02/27;0000 UTC;0;968,5;968,6;968,4;;21,4;21,4;21,5;21,3;21,5;21,3;100;100;100;;;;
2019/02/27;0100 UTC;0;969,2;969,2;968,5;;21,2;21,2;21,4;21,2;21,4;21,2;100;100;100;;;;
2019/02/27;0200 UTC;0;969,4;969,5;969,2;;21,2;21,2;21,3;21,2;21,3;21,2;100;100;100;;;;
2019/02/27;0300 UTC;0;969,3;969,5;969,3;;21,3;21,3;21,4;21,2;21,4;21,2;100;100;100;;;;
2019/02/27;0400 UTC;0;969,1;969,3;969,1;;21,4;21,4;21,5;21,3;21,5;21,3;100;100;100;;;;
2019/02/27;0500 UTC;0;968,8;969,1;968,8;;21,2;21,2;21,5;21,2;21,5;21,2;100;100;100;;;;
2019/02/27;0600 UTC;0;968,4;968,9;968,4;;21,2;21,2;21,3;21,2;21,3;21,2;100;100;100;;;;
2019/02/27;0700 UTC;0;967,9;968,4;967,9;;21,2;21,2;21,3;21,1;21,2;21,1;100;100;100;;;;
2019/02/27;0800 UTC;0;968;968;967,8;;21,2;21,2;21,2;21,1;21,2;21,1;100;100;100;;;;
2019/02/27;0900 UTC;,4;968,3;968,3;968;;20,9;20,9;21,2;20,9;21,2;20,9;100;100;100;;;;
2019/02/27;1000 UTC;0;968,8;968,8;968,2;;21;21;21;20,9;21;20,9;100;100;100;;;;
2019/02/27;1100 UTC;0;969,6;969,6;968,8;;21,5;21,5;21,5;21;21,5;21;100;100;100;;;;
2019/02/27;1200 UTC;0;969,9;969,9;969,6;;22,1;21,2;22,2;21,5;21,7;21,2;100;95;95;;;;
2019/02/27;1300 UTC;,6;970,1;970,2;969,9;;22,1;21,7;22,4;21,2;21,7;20,5;98;92;98;;;;
2019/02/27;1400 UTC;0;970,2;970,3;970,1;;23,5;21,2;23,6;22,1;22,1;20,4;98;85;87;;;;
2019/02/27;1500 UTC;0;970,3;970,3;970,2;;23,9;20,1;24,2;23,2;21,5;20,1;88;79;79;;;;
2019/02/27;1600 UTC;0;969,9;970,3;969,9;;24,6;20,2;24,8;23,9;21,1;19,8;82;74;76;;;;
2019/02/27;1700 UTC;0;969;969,9;969;;24,9;20,7;25,7;24,7;20,8;19,3;77;69;77;;;;
2019/02/27;1800 UTC;0;968,2;969;968,2;;25,5;20,4;25,7;24,7;21,3;19,9;81;72;74;;;;
2019/02/27;1900 UTC;0;967,3;968,2;967,3;;26,4;20,3;26,9;25,5;21,2;19,6;74;66;69;;;;
2019/02/27;2000 UTC;0;966,9;967,3;966,8;;26,9;19,2;27,8;26;21,3;19;70;62;63;;;;
2019/02/27;2100 UTC;0;967;967;966,8;;26;19,7;26,9;25,9;20,1;19,2;69;63;69;;;;
2019/02/27;2200 UTC;0;967,6;967,6;967;;24,7;19,8;26;24,7;20,1;19,4;75;67;74;;;;
2019/02/27;2300 UTC;0;968,2;968,2;967,6;;24,2;20,4;24,7;24,2;20,4;19,8;79;74;79;;;;
2019/02/28;0000 UTC;0;969;969;968,2;;23,7;20,5;24,2;23,3;20,6;19,9;85;79;83;;;;
2019/02/28;0100 UTC;0;969,7;969,7;969;;22,9;20,7;23,9;22,9;20,9;20,2;88;80;88;;;;
2019/02/28;0200 UTC;0;969,8;969,9;969,7;;23,3;20,2;23,3;22,5;20,7;20,2;88;83;83;;;;
2019/02/28;0300 UTC;0;969,6;969,9;969,5;;22,9;20,4;23,6;22,9;20,5;20,2;86;81;86;;;;
2019/02/28;0400 UTC;0;969,2;969,6;969,2;;23,1;20,3;23,2;22,9;20,5;20,3;86;84;84;;;;
2019/02/28;0500 UTC;0;968,9;969,2;968,9;;23;19,9;23,2;22,9;20,3;19,9;84;83;83;;;;
2019/02/28;0600 UTC;0;968,8;968,9;968,7;;22,4;20,8;23;22,2;20,8;19,8;91;83;91;;;;
2019/02/28;0700 UTC;0;968,6;968,8;968,6;;22,2;20,6;22,4;22;20,9;20,6;92;90;90;;;;
2019/02/28;0800 UTC;0;968,7;968,7;968,6;;22,2;20,1;22,6;22,1;20,7;20,1;90;87;88;;;;
2019/02/28;0900 UTC;0;969;969;968,6;;22,2;20,4;22,3;21,7;20,6;20,2;92;88;90;;;;
2019/02/28;1000 UTC;0;969,8;969,9;969;;21,8;20,8;22,2;21,6;20,8;20,3;94;90;94;;;;
2019/02/28;1100 UTC;0;970,5;970,5;969,8;;22,4;21,5;22,4;21,7;21,6;20,8;96;94;95;;;;
2019/02/28;1200 UTC;0;970,8;970,8;970,5;;25,2;21,4;25,5;22,3;22,1;21,1;95;79;80;;;;
2019/02/28;1300 UTC;0;970,9;970,9;970,8;;26,2;20,6;26,5;24,6;21,9;20;80;70;72;;;;
2019/02/28;1400 UTC;0;971;971;970,8;;27,7;19,7;28,6;26,2;22,2;19,6;72;60;62;;;;
2019/02/28;1500 UTC;0;970,7;971;970,6;;28,9;20,4;29,7;27,4;21,9;19,1;66;59;60;;;;
2019/02/28;1600 UTC;0;969,8;970,7;969,8;;29,1;20,3;30;27,7;21,9;19,8;66;57;59;;;;
2019/02/28;1700 UTC;0;968,8;969,8;968,8;;29,1;19,9;30,2;28,5;21,9;19,2;65;56;58;;;;
2019/02/28;1800 UTC;0;968;968,8;968;;29,7;18,4;30,6;28,8;21,7;18,4;63;51;51;;;;
2019/02/28;1900 UTC;0;967,3;968;967,2;;30,6;18,1;31;29,1;19,7;16,9;54;44;47;;;;
2019/02/28;2000 UTC;0;967,2;967,3;967,2;;29,9;17;31,1;29,2;19,1;16,2;50;43;46;;;;
2019/02/28;2100 UTC;0;967,2;967,2;967,1;;28,8;16,2;30;28,7;17,5;15,5;49;41;47;;;;
2019/02/28;2200 UTC;0;967,5;967,5;967,2;;25,7;18,3;28,8;25,7;18,3;16,2;64;47;64;;;;
2019/02/28;2300 UTC;0;968;968;967,5;;25;18,9;25,7;25;19;18,3;69;64;69;;;;
2019/03/01;0000 UTC;0;968,9;968,9;968;;23,9;19,2;24,9;23,9;19,3;18,9;75;69;75;;;;
2019/03/01;0100 UTC;0;969,4;969,4;968,9;;23,1;19;24,1;23,1;19,3;18,9;78;75;78;;;;
2019/03/01;0200 UTC;0;969,5;969,5;969,4;;23;18,2;23,7;22,9;19,1;18,2;78;73;75;;;;
2019/03/01;0300 UTC;0;969,3;969,5;969,3;;22,3;18;23;22,2;18,3;18;78;75;77;;;;
2019/03/01;0400 UTC;0;968,6;969,3;968,6;;22,1;17;22,3;21,8;18;17;77;73;73;;;;
2019/03/01;0500 UTC;0;968,2;968,6;968,2;;21,6;16,5;22,3;21,5;17;16,5;73;71;73;;;;
2019/03/01;0600 UTC;0;967,8;968,4;967,8;;21,2;16,1;21,7;21;16,6;16,1;75;73;73;;;;
2019/03/01;0700 UTC;0;967,8;967,8;967,6;;20,6;15,8;21,5;20,6;16;15,6;74;70;74;;;;
2019/03/01;0800 UTC;0;968,1;968,1;967,7;;20,6;15,7;21,1;20,6;15,9;15,5;74;71;73;;;;
2019/03/01;0900 UTC;0;968,7;968,7;968,1;;20;15,9;21;20;16;15,6;77;72;77;;;;
2019/03/01;1000 UTC;0;969,4;969,4;968,7;;20,7;17,6;20,7;19,5;17,6;16;82;77;82;;;;
2019/03/01;1100 UTC;0;970;970;969,4;;23,8;19,8;23,8;20,7;19,9;17,6;83;78;78;;;;
2019/03/01;1200 UTC;0;970,4;970,5;970;;26,1;21,3;26,9;23,8;22,2;19,8;80;74;75;;;;
2019/03/01;1300 UTC;0;970,8;970,8;970,4;;27,6;21,7;27,9;25,6;22,4;20,7;78;68;70;;;;
2019/03/01;1400 UTC;0;970,8;970,9;970,7;;28,2;20,9;28,7;26,5;22,1;20,1;72;64;64;;;;
2019/03/01;1500 UTC;0;970,4;970,8;970,4;;28,8;19,8;29,5;27,2;21,7;19,8;68;58;58;;;;
2019/03/01;1600 UTC;0;969,8;970,4;969,8;;30;19,8;30,6;28,7;22,2;19,5;65;55;55;;;;
2019/03/01;1700 UTC;0;969;969,8;969;;29,2;18,6;32,3;29,2;21,9;18,3;60;48;53;;;;
2019/03/01;1800 UTC;0;968;969;968;;32,1;18;32,4;29,2;20;16,8;53;42;43;;;;
2019/03/01;1900 UTC;0;967;968;967;;31,4;17,3;32,5;29,7;18,9;15,8;48;39;43;;;;
2019/03/01;2000 UTC;0;966,7;967;966,7;;31,2;16,4;31,9;30,4;18,1;15,5;45;38;41;;;;
2019/03/01;2100 UTC;0;966,7;966,7;966,6;;30,3;16,6;31,3;30,3;17,1;15,6;44;40;44;;;;
2019/03/01;2200 UTC;0;967;967;966,7;;28,6;17,7;30,3;28,6;17,8;16,6;52;44;52;;;;
2019/03/01;2300 UTC;0;967,7;967,7;966,9;;27,9;16,9;28,6;27,8;17,7;16,6;52;50;51;;;;
2019/03/02;0000 UTC;0;968,5;968,5;967,7;;26,9;17,3;27,9;26,9;17,4;16,9;56;51;56;;;;
2019/03/02;0100 UTC;0;969,2;969,2;968,5;;24,9;18;26,9;24,9;18;16,9;65;56;65;;;;
2019/03/02;0200 UTC;0;969,2;969,3;969,2;;24,9;15,8;25,4;24,7;18;15,7;66;56;57;;;;
2019/03/02;0300 UTC;0;969,4;969,4;969,2;;25,1;15,7;25,1;23;17,3;15,7;70;56;56;;;;
2019/03/02;0400 UTC;0;969;969,4;969;;24,8;16,3;25,6;24,7;16,4;15,5;59;54;59;;;;
2019/03/02;0500 UTC;0;968,6;969;968,6;;24,8;16,5;24,9;24,4;16,9;16,2;62;59;60;;;;
2019/03/02;0600 UTC;0;968,1;968,6;968,1;;25,1;15,9;25,2;24,6;16,5;15,9;60;57;57;;;;
2019/03/02;0700 UTC;0;968,1;968,1;968,1;;23,2;16,5;25,1;22,6;16,7;15,8;69;57;66;;;;
2019/03/02;0800 UTC;0;968,5;968,5;968,1;;22,3;17,8;23,6;21,9;17,8;16,3;76;64;76;;;;
2019/03/02;0900 UTC;0;968,8;968,9;968,5;;22;18,4;22,5;21,9;18,5;17,8;80;76;80;;;;
2019/03/02;1000 UTC;0;970,1;970,1;968,8;;22,3;19,4;22,3;21,8;19,4;18,5;84;80;84;;;;
2019/03/02;1100 UTC;0;971,1;971,1;970,1;;24,4;20,9;24,5;22,3;21,1;19,4;84;80;81;;;;
2019/03/02;1200 UTC;0;971,6;971,7;971,1;;25,2;21,2;25,6;24,4;21,7;20,9;82;77;79;;;;
2019/03/02;1300 UTC;0;971,8;971,9;971,6;;27,8;21,7;27,9;25,2;22,1;20,9;80;69;69;;;;
2019/03/02;1400 UTC;0;972,1;972,1;971,8;;28,7;21,3;29,3;27,4;22,6;21,2;71;64;64;;;;
2019/03/02;1500 UTC;0;971,7;972,1;971,7;;31,1;21,2;31,4;28,5;23;20,6;67;54;56;;;;
2019/03/02;1600 UTC;0;971,1;971,7;971,1;;30,5;19,4;31,9;29,8;22;18,5;61;48;52;;;;
2019/03/02;1700 UTC;0;970,1;971,1;970,1;;32;18,1;33;30,5;21,1;17,2;53;40;44;;;;
2019/03/02;1800 UTC;0;969,2;970,1;969,2;;31,9;16,5;32,8;30,7;19,1;15;46;35;40;;;;
2019/03/02;1900 UTC;0;968,2;969,2;968,2;;32,4;15,9;32,7;31,6;17,9;14,6;42;34;37;;;;
2019/03/02;2000 UTC;0;967,9;968,3;967,9;;31,9;14,1;32,4;31,7;17;13,8;40;34;34;;;;
2019/03/02;2100 UTC;0;967,8;967,9;967,7;;30,7;13,9;31,9;30,7;15,8;13,3;39;34;36;;;;
2019/03/02;2200 UTC;0;968,1;968,1;967,8;;28,1;14,6;30,7;28,1;14,8;13,4;44;35;44;;;;
2019/03/02;2300 UTC;0;968,7;968,7;968,1;;26,8;14,9;28,1;26,7;14,9;14,5;48;44;48;;;;
2019/03/03;0000 UTC;0;969,3;969,3;968,7;;26,3;15,6;26,9;26,2;15,6;14,9;52;48;52;;;;
2019/03/03;0100 UTC;0;970;970;969,3;;25,8;16;26,3;25,7;16;15,5;55;52;55;;;;
2019/03/03;0200 UTC;0;970,3;970,3;970;;25,8;15,9;26,2;25,6;16;15,8;55;53;54;;;;
2019/03/03;0300 UTC;0;970,1;970,3;970,1;;25,5;16;25,9;25,3;16,1;15,8;56;54;56;;;;
2019/03/03;0400 UTC;0;969,8;970,1;969,8;;24,4;15,9;25,5;24,3;16;15,8;59;56;59;;;;
2019/03/03;0500 UTC;0;969,5;969,8;969,5;;24,5;15;24,9;24,2;16;15;60;55;56;;;;
2019/03/03;0600 UTC;0;968,7;969,5;968,7;;25,4;11,8;25,5;24,1;15,3;11,6;58;42;43;;;;
2019/03/03;0700 UTC;0;968,5;968,7;968,5;;22,1;15,1;25,4;21,6;15,6;11,8;68;43;65;;;;
2019/03/03;0800 UTC;0;968,6;968,6;968,4;;21,3;15,2;22,3;21;15,7;14,9;71;64;68;;;;
2019/03/03;0900 UTC;0;969;969;968,6;;21,5;14;21,7;20,9;15,3;14;69;62;62;;;;
2019/03/03;1000 UTC;0;969,2;969,2;968,9;;22,2;13,4;22,2;21,3;14,2;13,3;64;57;57;;;;
2019/03/03;1100 UTC;0;969,9;969,9;969,2;;25;13;25;22,2;13,8;13;58;48;48;;;;
2019/03/03;1200 UTC;0;970,6;970,6;969,9;;27,6;15,6;27,6;25;15,7;13;49;46;48;;;;
2019/03/03;1300 UTC;0;970,8;970,8;970,6;;28,9;18,1;29;26,9;18,1;14,7;53;46;52;;;;
2019/03/03;1400 UTC;0;970,7;970,8;970,7;;30;18,6;30,9;28,2;19,5;16,9;54;46;51;;;;
2019/03/03;1500 UTC;0;970,4;970,7;970,4;;32,4;18,7;32,6;30;19,7;17,9;51;42;44;;;;
2019/03/03;1600 UTC;0;970;970,4;970;;31,5;15,5;33,3;31,2;19,5;15,2;47;36;38;;;;
2019/03/03;1700 UTC;0;969;970;969;;32,6;16,4;33,3;31;18,3;15,1;45;36;38;;;;
2019/03/03;1800 UTC;0;967,9;969;967,9;;33,4;15,2;34;31,2;18,3;14,4;44;32;34;;;;
2019/03/03;1900 UTC;0;967,1;967,9;967,1;;33,5;14,5;35;31,4;16,7;12,9;40;30;32;;;;
2019/03/03;2000 UTC;0;966,5;967,1;966,5;;30,6;16;34,2;30,6;16;12,9;41;29;41;;;;
2019/03/03;2100 UTC;0;966,2;966,5;966,2;;30,8;17,3;31,4;30,5;18,5;14,7;46;38;44;;;;
2019/03/03;2200 UTC;0;966,3;966,4;966,2;;29,2;17,7;30,8;29;18,4;17,3;52;44;50;;;;
2019/03/03;2300 UTC;0;966,8;966,8;966,3;;28,7;18;29,3;28;18,2;17,5;55;49;52;;;;
2019/03/04;0000 UTC;0;967,2;967,2;966,7;;28,8;16,4;29,2;28,7;18;16,4;53;47;47;;;;
2019/03/04;0100 UTC;0;967,8;967,8;967,2;;27,6;17,9;29;27,4;18;16,5;56;47;56;;;;
2019/03/04;0200 UTC;0;968,2;968,3;967,8;;26,4;18,1;27,8;25,3;18,1;17,3;63;53;60;;;;
2019/03/04;0300 UTC;0;968;968,3;968;;26,6;18,6;26,6;25,5;18,6;17,9;65;60;61;;;;
2019/03/04;0400 UTC;0;967,6;968;967,6;;25,6;19,2;26,7;25,4;19,2;18,4;68;61;68;;;;
2019/03/04;0500 UTC;0;967;967,6;967;;25;19,2;25,7;25;19,4;19,2;70;68;70;;;;
2019/03/04;0600 UTC;0;966,5;967;966,5;;24,6;19,4;25;24,6;19,4;19,2;73;70;73;;;;
2019/03/04;0700 UTC;0;966,9;966,9;966,3;;24,2;19,4;24,6;24,1;19,6;19,4;75;73;75;;;;
2019/03/04;0800 UTC;0;967,4;967,4;966,9;;23,3;19,6;24,2;23,3;19,6;19,4;80;75;80;;;;
2019/03/04;0900 UTC;0;967,9;967,9;967,4;;22,8;20;23,3;22,7;20;19,6;84;80;84;;;;
2019/03/04;1000 UTC;0;968,7;968,7;967,9;;23,1;20,4;23,1;22,7;20,4;20;85;84;85;;;;
2019/03/04;1100 UTC;0;969,3;969,4;968,7;;24,3;20,8;24,5;23,1;21;20,5;85;80;81;;;;
2019/03/04;1200 UTC;0;969,7;969,8;969,2;;26;20,8;26,1;24,3;21,2;20,4;81;73;73;;;;
2019/03/04;1300 UTC;0;969,6;969,8;969,5;;27,7;20,7;28,4;25,9;21,7;20,5;74;65;65;;;;
2019/03/04;1400 UTC;0;969,5;969,7;969,5;;29,4;21;29,6;27,6;22;20,4;68;60;61;;;;
2019/03/04;1500 UTC;0;969;969,5;969;;30,3;20,8;30,4;28,9;21,6;20,1;62;56;57;;;;
2019/03/04;1600 UTC;0;968,5;969,1;968,5;;31,2;20,8;31,4;29,9;21,6;20,2;60;54;54;;;;
2019/03/04;1700 UTC;0;968;968,5;967,9;;30,9;20,9;31,7;29,9;21,9;19,7;58;52;55;;;;
2019/03/04;1800 UTC;0;967,2;968;967,1;;32,5;20,8;32,7;30,8;22;19,4;57;47;50;;;;
2019/03/04;1900 UTC;0;966,7;967,2;966,7;;31,7;19,4;32,5;31,7;20,9;18,5;52;44;48;;;;
2019/03/04;2000 UTC;0;966,4;966,7;966,4;;32,1;19,8;32,3;31,7;20,5;19;51;46;48;;;;
2019/03/04;2100 UTC;0;966,4;966,5;966,4;;30,9;19,7;32,2;30,8;20,4;19,2;52;47;51;;;;
2019/03/04;2200 UTC;0;966,8;966,8;966,4;;28,9;19,8;30,9;28,9;20,1;19,4;58;51;58;;;;
2019/03/04;2300 UTC;0;967,5;967,5;966,8;;27,9;19,6;28,9;27,7;19,8;19,4;61;58;61;;;;
2019/03/05;0000 UTC;0;968,5;968,5;967,5;;27;20;27,9;27;20;19,5;65;61;65;;;;
2019/03/05;0100 UTC;0;969,1;969,2;968,5;;26,8;20,3;27;26,6;20,3;19,9;68;65;67;;;;
2019/03/05;0200 UTC;0;969,7;969,7;969,1;;26,2;20,1;26,8;26,1;20,3;20,1;70;67;69;;;;
2019/03/05;0300 UTC;0;970;970;969,7;;25,6;20,3;26,3;25,6;20,4;20,2;73;69;73;;;;
2019/03/05;0400 UTC;0;969,8;970;969,7;;24,7;20,4;25,6;24,7;20,5;20,4;77;73;77;;;;
2019/03/05;0500 UTC;0;970;970;969,8;;23,8;20,5;24,8;23,8;20,5;20,3;82;77;82;;;;
2019/03/05;0600 UTC;0;970;970,1;970;;23,4;21;23,8;23,4;21;20,5;87;82;86;;;;
2019/03/05;0700 UTC;0;969,9;970,1;969,8;;23;21;23,5;23;21,1;20,9;88;86;88;;;;
2019/03/05;0800 UTC;0;970,5;970,5;969,9;;22,7;20,9;23;22,6;21;20,9;90;88;90;;;;
2019/03/05;0900 UTC;0;970,6;970,9;970,5;;22,5;20,9;22,7;22,4;21,1;20,8;91;90;91;;;;
2019/03/05;1000 UTC;0;970,9;970,9;970,6;;22,5;21,1;22,6;22,4;21,1;20,9;92;90;92;;;;
2019/03/05;1100 UTC;0;971,2;971,2;970,9;;24,6;21,8;24,6;22,5;21,8;21,1;92;84;84;;;;
2019/03/05;1200 UTC;0;971,4;971,5;971,2;;26,4;21,7;26,6;24,6;22,3;21,4;84;75;75;;;;
2019/03/05;1300 UTC;0;971,9;971,9;971,3;;27,2;22,3;27,4;25,9;22,4;21,3;77;73;75;;;;
2019/03/05;1400 UTC;0;972;972,1;971,9;;27,4;22,2;28;26,6;23;21,7;77;72;73;;;;
2019/03/05;1500 UTC;0;971,6;972;971,6;;30,6;23,1;30,9;27,4;24,1;21,7;75;63;64;;;;
2019/03/05;1600 UTC;0;971;971,7;971;;30,3;21,6;31,5;29,2;23,3;21,1;66;57;59;;;;
2019/03/05;1700 UTC;0;970,6;971;970,6;;31;21,9;33,2;30,2;23,6;21;63;54;58;;;;
2019/03/05;1800 UTC;0;969,1;970,6;969,1;;32,8;21,7;33;31;22,9;20,9;59;51;52;;;;
2019/03/05;1900 UTC;0;968,3;969,1;968,3;;32,6;20,8;33,1;31;22,7;20,6;56;50;50;;;;
2019/03/05;2000 UTC;0;967,6;968,3;967,6;;32,4;20,7;33;32,1;22,2;20;54;49;50;;;;
2019/03/05;2100 UTC;0;967,8;967,9;967,6;;30,8;20,9;32,4;30,8;21,3;20,4;56;49;56;;;;
2019/03/05;2200 UTC;0;968,9;968,9;967,8;;28,7;21,2;30,8;28,6;21,3;20,6;64;55;64;;;;
2019/03/05;2300 UTC;0;968,8;969,1;968,8;;26;20,5;28,8;25,9;21,4;20,5;72;63;72;;;;
2019/03/06;0000 UTC;0;969,8;969,8;968,5;;26,2;20,5;26,3;25,9;20,6;20,3;72;71;71;;;;
2019/03/06;0100 UTC;0;971,3;971,3;969,8;;24,6;20,9;26,7;24,6;21;20,5;80;70;80;;;;
2019/03/06;0200 UTC;0;971,9;971,9;971,3;;24,9;21,1;25,1;24,5;21,1;20,9;81;79;79;;;;
2019/03/06;0300 UTC;0;971,7;971,9;971,6;;23,9;21,3;24,9;23,7;21,5;21,1;85;79;85;;;;
2019/03/06;0400 UTC;0;971,3;971,7;971,2;;23,9;21,5;24;23,6;21,6;21,3;88;85;87;;;;
2019/03/06;0500 UTC;0;970,8;971,3;970,8;;23,7;21,2;24,4;23,6;21,5;20,8;87;81;86;;;;
2019/03/06;0600 UTC;0;970,1;970,8;970,1;;23,9;20,9;24;23,6;21,2;20,9;86;83;83;;;;
2019/03/06;0700 UTC;0;969,3;970,1;969;;23,5;21,2;24,1;23,5;21,2;20,7;87;81;87;;;;
2019/03/06;0800 UTC;0;969,2;969,7;969,1;;23,8;20,9;24;23,3;21,3;20,9;88;83;84;;;;
2019/03/06;0900 UTC;0;969,8;969,8;969,2;;23,8;20,9;23,9;23,6;21;20,7;85;83;84;;;;
2019/03/06;1000 UTC;0;970,8;970,8;969,8;;24;21,2;24,2;23,7;21,2;20,9;85;83;84;;;;
2019/03/06;1100 UTC;0;971,6;971,6;970,8;;24,9;21,6;24,9;24;21,6;21,2;85;82;82;;;;
2019/03/06;1200 UTC;0;972,2;972,2;971,6;;27;22,2;27,4;24,9;22,7;21,6;82;74;75;;;;
2019/03/06;1300 UTC;0;972,5;972,5;972,2;;29;22,3;29,2;27;22,9;21,9;76;66;67;;;;
2019/03/06;1400 UTC;0;971,9;972,5;971,9;;30,6;21,6;30,8;28,9;23,2;21,6;68;59;59;;;;
2019/03/06;1500 UTC;0;971,2;971,9;971,2;;31,5;20,6;32,1;30,4;22,2;20,5;61;51;53;;;;
2019/03/06;1600 UTC;0;970,3;971,2;970,3;;32;21,4;32,8;30,8;22,7;20,3;58;49;53;;;;
2019/03/06;1700 UTC;0;968,6;970,3;968,6;;33;20,4;33,3;31,8;21,9;20;55;46;48;;;;
2019/03/06;1800 UTC;0;968;968,7;968;;30,7;19,8;33,7;30,7;21,7;19,3;53;47;52;;;;
2019/03/06;1900 UTC;0;967,2;968;967,2;;26,2;19,7;30,7;26,2;21,2;19,7;68;52;67;;;;
2019/03/06;2000 UTC;0;966,6;967,2;966,6;;25,6;20;26,2;25,4;20,6;19,8;74;68;71;;;;
2019/03/06;2100 UTC;0;966,8;966,8;966;;26,2;21,2;26,2;25,6;21,2;20;74;69;74;;;;
2019/03/06;2200 UTC;0;967,6;967,6;966,8;;26,2;21;26,8;26;21,5;20,8;74;71;73;;;;
2019/03/06;2300 UTC;0;967,5;967,6;966,9;;25,6;20,7;26,2;25;21,1;20,5;77;73;75;;;;
2019/03/07;0000 UTC;0;968,9;968,9;967,5;;25,7;20,7;26,1;25,3;21;20,6;77;72;74;;;;
2019/03/07;0100 UTC;0;970;970;968,9;;25;20,9;25,9;24,3;21,3;20,6;83;73;78;;;;
2019/03/07;0200 UTC;0;970,1;970,3;970;;25,4;21;25,5;25;21,1;20,8;79;77;77;;;;
2019/03/07;0300 UTC;0;969,9;970,4;969,9;;24,3;21,4;25,4;24,3;21,4;20,9;83;77;83;;;;
2019/03/07;0400 UTC;0;969,5;970,1;969,5;;24;21;24,3;23,9;21,6;21;87;83;83;;;;
2019/03/07;0500 UTC;0;969,6;969,8;969,4;;23,2;20,8;24;23,2;21;20,6;86;83;86;;;;
2019/03/07;0600 UTC;0;968,9;969,6;968,9;;22,9;20,5;23,2;22,9;20,8;20,5;86;86;86;;;;
2019/03/07;0700 UTC;0;968,7;969,3;968,7;;22,2;20,8;22,9;22,1;20,8;20,4;92;86;92;;;;
2019/03/07;0800 UTC;0;968,5;968,7;968,4;;22,3;20,8;22,4;22,1;21;20,8;93;91;91;;;;
2019/03/07;0900 UTC;0;968,9;968,9;968,5;;22,5;20,8;22,6;22,2;20,8;20,7;91;90;90;;;;
2019/03/07;1000 UTC;0;969,8;969,8;968,9;;22,4;21;22,5;22,3;21,1;20,8;92;90;92;;;;
2019/03/07;1100 UTC;0;970,8;970,8;969,8;;23,6;21,3;23,6;22,4;21,4;21;92;87;87;;;;
2019/03/07;1200 UTC;0;971,5;971,5;970,8;;24,2;21,7;24,2;23,6;21,8;21,3;88;85;86;;;;
2019/03/07;1300 UTC;0;971,6;971,7;971,5;;25,6;22,5;25,6;24,2;22,5;21,6;86;82;83;;;;
2019/03/07;1400 UTC;0;971,4;971,6;971,4;;27,4;22,5;27,9;25,6;23,5;22,2;83;74;75;;;;
2019/03/07;1500 UTC;0;970,8;971,4;970,7;;30,7;21,9;30,9;27,3;23,9;21,4;77;59;59;;;;
2019/03/07;1600 UTC;0;970,1;970,8;970,1;;30,8;21,4;31,5;30,1;23,1;21,2;62;56;58;;;;
2019/03/07;1700 UTC;0;968;970,1;968;;31,8;21;32,4;30,7;22,9;20,2;60;52;53;;;;
2019/03/07;1800 UTC;4,6;967,8;968,5;967,7;;22,9;19,8;33,3;22,2;22,6;17,1;83;51;83;;;;
2019/03/07;1900 UTC;,2;967,1;967,8;967,1;;23,8;21,8;24,4;22,9;21,8;19,7;89;80;89;;;;
2019/03/07;2000 UTC;0;966,2;967,1;966,2;;24;21,3;24,1;23,8;21,9;21;89;83;85;;;;
2019/03/07;2100 UTC;0;967;967;966;;24,2;20,9;24,5;24;21,5;20,7;85;80;82;;;;
2019/03/07;2200 UTC;0;966,8;967,2;966,8;;24,2;20,9;24,5;24;21,1;20,8;83;81;82;;;;
2019/03/07;2300 UTC;0;967,7;967,8;966,8;;24,4;21;24,6;23,8;21;20,9;84;81;81;;;;
2019/03/08;0000 UTC;0;970;970;967,7;;22,6;21;24,4;22,6;21,2;20,8;90;81;90;;;;
2019/03/08;0100 UTC;0;970,1;970,4;970;;22,4;20,7;22,6;22,3;21;20,7;92;90;90;;;;
2019/03/08;0200 UTC;0;969,6;970,1;969,6;;22,5;20,7;22,5;22,1;20,8;20,7;92;90;90;;;;
2019/03/08;0300 UTC;0;969,8;969,9;969,6;;23;20,9;23;22,5;20,9;20,7;90;88;88;;;;
2019/03/08;0400 UTC;0;969,8;969,8;969,6;;22,7;21;23;22,7;21,1;20,9;90;88;90;;;;
2019/03/08;0500 UTC;0;969,4;969,9;969,4;;22,4;20,9;22,8;22,4;21;20,9;92;90;92;;;;
2019/03/08;0600 UTC;0;968,5;969,4;968,5;;22,2;20,9;22,4;22,1;21;20,8;93;92;92;;;;
2019/03/08;0700 UTC;0;968,6;968,6;968,4;;21,9;20,8;22,2;21,9;20,9;20,8;93;92;93;;;;
2019/03/08;0800 UTC;0;969;969,1;968,6;;21,8;20,6;21,9;21,7;20,8;20,6;94;93;93;;;;
2019/03/08;0900 UTC;0;969,5;969,5;969;;21,7;20,6;21,8;21,6;20,7;20,5;94;93;94;;;;
2019/03/08;1000 UTC;0;969,3;969,5;969,2;;21,9;20,7;21,9;21,7;20,7;20,6;94;93;93;;;;
2019/03/08;1100 UTC;0;969,3;969,5;969,2;;23,6;21,6;23,6;21,9;21,7;20,7;93;88;89;;;;
2019/03/08;1200 UTC;0;969,3;969,4;969,2;;25,9;22,5;25,9;23,6;22,6;21,6;89;81;82;;;;
2019/03/08;1300 UTC;0;970,2;970,2;969,3;;28;22,9;28;25,7;23;22,1;82;74;74;;;;
2019/03/08;1400 UTC;0;970,6;970,8;970,2;;29,2;21,9;29,8;27,8;23,5;21,6;75;64;65;;;;
2019/03/08;1500 UTC;0;970,3;970,7;970,3;;30,4;22,9;30,5;29,2;22,9;21,8;66;62;64;;;;
2019/03/08;1600 UTC;0;968,8;970,3;968,8;;31,2;21,4;31,8;30;23,4;21,4;66;55;56;;;;
2019/03/08;1700 UTC;0;968,2;968,8;968,1;;32,3;20,9;32,7;31,2;23;20,3;59;50;51;;;;
2019/03/08;1800 UTC;0;967,5;968,2;967,5;;32,4;20,6;33,1;31,5;22,1;19,8;54;49;50;;;;
2019/03/08;1900 UTC;0;966,8;967,5;966,7;;32,6;20,6;33,4;31,8;22,2;19,9;53;48;49;;;;
2019/03/08;2000 UTC;0;966,3;966,8;966,3;;33,2;20,3;33,5;32,6;21,3;19,3;50;45;47;;;;
2019/03/08;2100 UTC;0;966,5;966,6;966,3;;31,4;20,3;33,2;31,4;20,7;19,5;52;45;52;;;;
2019/03/08;2200 UTC;0;966,8;966,8;966,5;;29,7;20,5;31,4;29,7;21;20,3;59;52;58;;;;
2019/03/08;2300 UTC;0;967,3;967,3;966,6;;28,8;20,8;29,7;28,8;20,8;20,5;62;58;62;;;;
2019/03/09;0000 UTC;0;968,3;968,3;967,3;;28,3;21;28,8;28;21,1;20,8;65;62;64;;;;
2019/03/09;0100 UTC;5;971;971,2;968,3;;21,5;20,5;28,4;21,4;21,8;20,1;94;64;94;;;;
2019/03/09;0200 UTC;10,4;971,2;971,5;970,9;;21,4;21,4;21,5;21,4;21,5;20,6;100;94;100;;;;
2019/03/09;0300 UTC;0;970,5;971,2;970,5;;21,8;21,8;21,9;21,4;21,9;21,4;100;100;100;;;;
2019/03/09;0400 UTC;0;969,5;970,5;969,5;;21,8;21,2;21,9;21,7;21,7;21,2;100;96;96;;;;
2019/03/09;0500 UTC;0;970;970;969,5;;21,9;20,7;22;21,8;21,2;20,7;96;92;93;;;;
2019/03/09;0600 UTC;0;970,6;970,6;970;;22,1;20,8;22,1;21,9;20,8;20,4;93;91;92;;;;
2019/03/09;0700 UTC;0;970,4;970,7;970,3;;21,8;20,9;22,1;21,5;21,2;20,7;97;92;95;;;;
2019/03/09;0800 UTC;0;970,4;970,4;969,8;;21,4;21,1;21,8;21,4;21,1;20,9;98;95;98;;;;
2019/03/09;0900 UTC;1,8;971;971,9;970,3;;20,9;20,3;22,4;20,7;21,8;19,9;99;93;96;;;;
2019/03/09;1000 UTC;0;971,1;971,3;970,7;;21;20;21,1;20,7;20,2;19,8;97;93;94;;;;
2019/03/09;1100 UTC;0;971,9;972;971,1;;21,8;20,7;21,8;21;21;20;97;93;93;;;;
2019/03/09;1200 UTC;,2;972,3;972,3;971,9;;23;21,8;23;21,7;21,9;20,5;94;91;93;;;;
2019/03/09;1300 UTC;0;972,2;972,4;972,2;;25,1;20,2;26,1;23;22,6;20,1;93;73;74;;;;
2019/03/09;1400 UTC;0;972,2;972,5;972,1;;25,7;20,5;25,7;24,6;21,5;19,9;80;73;73;;;;
2019/03/09;1500 UTC;0;972,6;972,6;972,2;;26;20,3;27,4;25,5;22,1;19,8;75;66;71;;;;
2019/03/09;1600 UTC;0;972;972,6;972;;27,1;20,4;27,5;26;21,5;19,6;73;65;67;;;;
2019/03/09;1700 UTC;0;970,8;972;970,8;;27,5;21,4;28,3;27,1;22,1;20,2;70;65;69;;;;
2019/03/09;1800 UTC;0;970;970,8;970;;26,9;21,6;27,5;26,3;21,8;20,5;74;68;73;;;;
2019/03/09;1900 UTC;0;970,1;970,4;970;;26,5;21,7;27,6;26,3;22,3;21;75;70;75;;;;
2019/03/09;2000 UTC;0;969,8;970,1;969,8;;26,9;21,6;27,9;26,5;22,2;21,3;75;69;73;;;;
2019/03/09;2100 UTC;0;969,4;969,8;969,3;;26,7;22,1;27,1;26,6;22,2;20,7;76;69;76;;;;
2019/03/09;2200 UTC;0;970,1;970,1;969,4;;25,3;21,3;26,7;25,2;22,4;21,1;78;75;78;;;;
2019/03/09;2300 UTC;0;971,1;971,1;970,1;;24,8;21,2;25,3;24,8;21,3;21,1;81;78;81;;;;
2019/03/10;0000 UTC;0;971,5;971,5;971,1;;24,2;21,5;24,8;24;21,5;21,2;85;81;85;;;;
2019/03/10;0100 UTC;0;971,5;971,6;971,4;;23,9;21,4;24,4;23,9;21,5;21,3;86;83;86;;;;
2019/03/10;0200 UTC;0;971,6;971,6;971,5;;23,7;21,6;23,9;23,4;21,8;21,3;90;86;88;;;;
2019/03/10;0300 UTC;0;971,4;971,6;971,3;;23,2;21,6;23,8;23,2;21,7;21,5;90;88;90;;;;
2019/03/10;0400 UTC;0;971,4;971,6;971,3;;22,9;21,5;23,2;22,9;21,7;21,5;92;90;92;;;;
2019/03/10;0500 UTC;0;970,8;971,4;970,8;;22,5;21,5;22,9;22,3;21,7;21,3;95;92;94;;;;
2019/03/10;0600 UTC;0;970,2;970,8;970,2;;21,9;21;22,7;21,9;21,7;20,9;95;93;95;;;;
2019/03/10;0700 UTC;0;970;970,2;969,9;;21,8;20,9;22,1;21,8;21,2;20,8;96;94;95;;;;
2019/03/10;0800 UTC;0;969,8;970;969,7;;21,9;20,7;22,1;21,7;21;20,6;95;92;93;;;;
2019/03/10;0900 UTC;0;970,3;970,3;969,8;;21,9;20,7;22;21,8;20,8;20,6;94;93;93;;;;
2019/03/10;1000 UTC;0;971,2;971,2;970,3;;21,4;20,5;22;21,4;20,9;20,4;95;93;95;;;;
2019/03/10;1100 UTC;0;972;972;971,2;;22,1;21,5;22,1;21,4;21,5;20,6;96;95;96;;;;
2019/03/10;1200 UTC;0;972,6;972,7;972;;24,1;22,4;24,1;22,1;22,6;21,6;96;90;90;;;;
2019/03/10;1300 UTC;0;972,8;972,8;972,6;;26,2;21,8;26,6;24;22,8;21,4;90;75;77;;;;
2019/03/10;1400 UTC;0;972,7;972,8;972,7;;28,4;21;28,9;26,1;22,7;20,9;79;64;64;;;;
2019/03/10;1500 UTC;0;972,1;972,7;972,1;;30,3;20,1;30,3;28,1;21,3;19;66;53;55;;;;
2019/03/10;1600 UTC;0;971,3;972,1;971,3;;30,2;20,8;31,3;29,5;21,4;18,9;58;51;57;;;;
2019/03/10;1700 UTC;0;970,7;971,3;970,7;;29;21,1;30,9;28,8;22,4;19,8;64;55;62;;;;
2019/03/10;1800 UTC;0;969,5;970,7;969,5;;30,9;21;31;28,7;22,4;20,4;66;53;55;;;;
2019/03/10;1900 UTC;0;968,8;969,5;968,7;;29,3;21,2;31,2;29,3;21,6;20,2;62;54;62;;;;
2019/03/10;2000 UTC;0;968,5;968,8;968,5;;28,6;20,7;29,6;28,5;21,4;20,4;64;60;63;;;;
2019/03/10;2100 UTC;0;968,7;968,7;968,3;;28,1;20,5;28,6;27,7;21,2;20,5;66;62;64;;;;
2019/03/10;2200 UTC;0;968,5;968,7;968,5;;26;20,3;28,1;25,9;20,7;20,1;71;63;71;;;;
2019/03/10;2300 UTC;0;969;969,1;968,4;;25,1;20,9;26;25;20,9;20,3;77;71;77;;;;
2019/03/11;0000 UTC;0;969,9;969,9;969;;24,8;21,2;25,1;24,4;21,3;20,8;81;77;80;;;;
2019/03/11;0100 UTC;0;970,2;970,2;969,9;;23,9;21,1;24,8;23,6;21,2;20,9;85;80;85;;;;
2019/03/11;0200 UTC;0;970,4;970,5;970,2;;23,6;21,2;23,9;23,2;21,2;21;88;85;86;;;;
2019/03/11;0300 UTC;0;970,1;970,4;970,1;;23,6;20,9;24;23,5;21,2;20,9;86;84;85;;;;
2019/03/11;0400 UTC;0;969,9;970,1;969,9;;23,3;21,1;23,7;23,2;21,2;20,8;87;85;87;;;;
2019/03/11;0500 UTC;0;969,7;969,9;969,6;;23,8;20,9;23,8;23,3;21,1;20,8;87;84;84;;;;
2019/03/11;0600 UTC;0;969,3;969,7;969,3;;23,7;21,1;23,8;23,6;21,1;20,9;85;84;85;;;;
2019/03/11;0700 UTC;0;969;969,3;969;;23,3;21,3;23,8;23,3;21,4;21,1;88;86;88;;;;
2019/03/11;0800 UTC;0;969,1;969,2;968,9;;23;21;23,3;22,9;21,3;21;89;88;88;;;;
2019/03/11;0900 UTC;0;969,6;969,6;969,1;;22,9;21,2;23,1;22,9;21,3;21;90;88;90;;;;
2019/03/11;1000 UTC;0;970,5;970,5;969,6;;22,8;21;22,9;22,7;21,2;21;91;90;90;;;;
2019/03/11;1100 UTC;0;971,4;971,4;970,5;;23,2;21,2;23,2;22,7;21,2;21;90;88;88;;;;
2019/03/11;1200 UTC;0;972,1;972,1;971,4;;24,8;20,5;24,8;23,2;21,1;20,3;88;77;77;;;;
2019/03/11;1300 UTC;0;972,1;972,2;972;;25,2;20;25,7;24,6;20,8;19,8;78;72;73;;;;
2019/03/11;1400 UTC;0;971,8;972,2;971,8;;27,8;20,9;27,9;25,2;21,2;19,9;74;65;66;;;;
2019/03/11;1500 UTC;0;971,4;971,8;971,4;;28,2;20,8;28,3;26,9;21,4;19,9;69;63;64;;;;
2019/03/11;1600 UTC;0;970,9;971,4;970,9;;27,8;20,6;29,4;27,5;21,5;20,1;66;60;65;;;;
2019/03/11;1700 UTC;5,2;970,1;970,9;970,1;;24,6;21,9;27,8;24,4;22,1;20,1;85;64;85;;;;
2019/03/11;1800 UTC;,8;969;970,1;969;;28,6;21,8;28,6;24,4;22,7;21,5;89;66;67;;;;
2019/03/11;1900 UTC;0;967,7;969;967,7;;28,6;20,6;29,5;28,1;22,1;20,4;67;60;62;;;;
2019/03/11;2000 UTC;0;967,9;967,9;967,6;;29;20,3;29,7;28;21,7;20;66;59;59;;;;
2019/03/11;2100 UTC;0;967,6;967,9;967,4;;27,7;20,6;29,1;27,7;20,9;19,7;65;58;65;;;;
2019/03/11;2200 UTC;0;967,8;967,8;967,5;;26,2;20,6;27,7;26,2;20,9;20,4;71;65;71;;;;
2019/03/11;2300 UTC;0;967,6;967,8;967,3;;25,5;20,5;26,2;25,5;20,7;20,5;74;71;74;;;;
2019/03/12;0000 UTC;0;968,1;968,1;967,6;;25,1;20,5;25,6;25,1;20,6;20,4;75;74;75;;;;
2019/03/12;0100 UTC;0;968,7;968,8;968,1;;24,9;20,4;25,2;24,8;20,5;20,4;77;75;76;;;;
2019/03/12;0200 UTC;0;969,6;969,7;968,6;;24,8;20,3;24,9;24,5;20,5;20,3;78;76;76;;;;
2019/03/12;0300 UTC;0;969,8;969,8;969,6;;24,8;20,1;24,8;24,5;20,4;20,1;77;75;75;;;;
2019/03/12;0400 UTC;0;969,6;969,8;969,5;;24,8;19,8;25;24,8;20,1;19,7;75;73;73;;;;
2019/03/12;0500 UTC;0;969,2;969,6;969,2;;24,2;19,7;24,8;24,1;19,8;19,7;76;73;76;;;;
2019/03/12;0600 UTC;0;968,9;969,2;968,9;;23,8;19,5;24,2;23,8;19,7;19,5;77;76;77;;;;
2019/03/12;0700 UTC;0;968,5;968,9;968,4;;23,3;19,3;23,8;23,3;19,5;19,3;79;77;79;;;;
2019/03/12;0800 UTC;0;968,2;968,5;968,2;;22,9;19,3;23,3;22,9;19,4;19,3;80;78;80;;;;
2019/03/12;0900 UTC;0;968,6;968,6;968,2;;22,7;19;22,9;22,6;19,3;19;81;80;80;;;;
2019/03/12;1000 UTC;0;969,3;969,3;968,5;;22,7;18,9;22,8;22,5;19;18,8;80;78;79;;;;
2019/03/12;1100 UTC;0;970,1;970,1;969,2;;23,2;18,9;23,2;22,7;18,9;18,7;79;77;77;;;;
2019/03/12;1200 UTC;0;970,7;970,7;970,1;;23,8;19,4;24;23,2;19,5;18,9;78;75;76;;;;
2019/03/12;1300 UTC;0;971;971,3;970,7;;23,7;19,8;23,8;23,5;19,9;19,2;79;76;79;;;;
2019/03/12;1400 UTC;0;971,1;971,4;971;;25,3;20,8;25,3;23,7;20,9;19,6;80;75;76;;;;
2019/03/12;1500 UTC;0;970,7;971,1;970,6;;26,4;21,2;26,4;24,8;21,2;20;77;71;73;;;;
2019/03/12;1600 UTC;0;969,9;970,7;969,9;;26;20,6;26,6;25,9;21,3;20,3;73;70;72;;;;
2019/03/12;1700 UTC;0;969,4;969,9;969,4;;25,8;21,2;26,4;25,7;21,4;20,4;76;71;76;;;;
2019/03/12;1800 UTC;0;967,7;969,4;967,7;;28,6;21,7;28,6;25,7;21,8;20,6;76;65;66;;;;
2019/03/12;1900 UTC;0;966,4;967,7;966,4;;29,2;21,6;30;28,2;21,9;20,7;67;59;64;;;;
2019/03/12;2000 UTC;0;965,8;966,4;965,8;;30;21,5;30,3;29;22,1;20,6;64;58;60;;;;
2019/03/12;2100 UTC;0;965,8;965,8;965,4;;28,6;21,3;30,2;28,6;21,7;20,7;66;59;65;;;;
2019/03/12;2200 UTC;0;966,9;966,9;965,8;;26,9;21,2;28,6;26,9;21,7;20,9;71;64;71;;;;
2019/03/12;2300 UTC;0;967,7;967,7;966,9;;26,2;21,7;27,1;26,2;21,7;21;76;70;76;;;;
2019/03/13;0000 UTC;0;968,5;968,6;967,7;;24,5;20,7;26,2;24,3;21,9;20,6;82;76;79;;;;
2019/03/13;0100 UTC;0;969,2;969,2;968,5;;23,6;20,8;24,5;23,4;20,9;20,7;86;79;84;;;;
2019/03/13;0200 UTC;0;969;969,2;968,9;;23,6;20,7;23,6;23,3;20,7;20,6;86;84;84;;;;
2019/03/13;0300 UTC;0;968,9;969,1;968,7;;22,9;20,8;23,6;22,8;20,8;20,6;88;84;88;;;;
2019/03/13;0400 UTC;0;968,8;968,9;968,7;;22,6;20,7;22,9;22,6;20,8;20,7;89;88;89;;;;
2019/03/13;0500 UTC;0;968,3;968,9;968,3;;22;20,7;22,6;22;20,8;20,6;92;89;92;;;;
2019/03/13;0600 UTC;0;967,7;968,3;967,7;;21,8;20,7;22;21,7;20,8;20,6;94;92;94;;;;
2019/03/13;0700 UTC;0;967,8;967,8;967,5;;21,5;20,8;21,8;21,5;20,8;20,6;96;94;96;;;;
2019/03/13;0800 UTC;0;967,8;968,1;967,6;;21,5;20,9;21,6;21,3;21,1;20,6;97;96;97;;;;
2019/03/13;0900 UTC;0;967,6;967,8;967,5;;21,4;20,9;21,8;21,4;21,3;20,9;97;97;97;;;;
2019/03/13;1000 UTC;0;968,4;968,4;967,6;;22,2;21,4;22,2;21,4;21,4;20,9;97;95;95;;;;
2019/03/13;1100 UTC;0;969,4;969,4;968,4;;23,5;21,6;23,5;22,2;21,8;21,1;95;88;89;;;;
2019/03/13;1200 UTC;0;969,5;969,6;969,4;;25;21,5;25,3;23,4;22,5;20,9;89;79;81;;;;
2019/03/13;1300 UTC;0;969,5;969,7;969,3;;26;21,7;26,1;24,8;22,1;21,1;82;76;78;;;;
2019/03/13;1400 UTC;18,4;969,9;970,8;969,5;;21,4;20,9;26,6;20,4;22,1;19,4;97;74;97;;;;
2019/03/13;1500 UTC;6,6;969,5;970,6;969,3;;23,6;23,3;23,7;21,3;23,7;21;100;97;98;;;;
2019/03/13;1600 UTC;,2;968,8;969,8;968,8;;22,5;21,5;25;22,5;23,7;21,3;99;85;94;;;;
2019/03/13;1700 UTC;1,8;968,7;969,3;968,5;;22,5;22;22,7;22,4;22;21,5;97;94;97;;;;
2019/03/13;1800 UTC;3,2;967,8;968,7;967,5;;22,6;22,6;22,7;22,4;22,7;21,9;100;97;100;;;;
2019/03/13;1900 UTC;4;967,1;967,9;966,9;;22,4;22,4;22,8;22,1;22,7;22,1;100;100;100;;;;
2019/03/13;2000 UTC;2,4;967,7;967,8;967,1;;21,9;21,8;22,6;21,9;22,6;21,6;100;98;99;;;;
2019/03/13;2100 UTC;1;967,1;967,7;966,9;;21,9;21,9;22;21,7;22;21,7;100;99;100;;;;
2019/03/13;2200 UTC;0;967,9;968,2;967,1;;22;21,9;22,3;21,9;22,2;21,9;100;99;100;;;;
2019/03/13;2300 UTC;0;967,7;968,1;967,7;;21,8;21,8;22;21,7;21,9;21,7;100;100;100;;;;
2019/03/14;0000 UTC;0;968;968;967,5;;21,7;21,7;21,8;21,6;21,8;21,6;100;100;100;;;;
2019/03/14;0100 UTC;0;968,6;968,7;968;;21,4;21,4;21,7;21,4;21,7;21,4;100;100;100;;;;
2019/03/14;0200 UTC;0;969;969;968,5;;21,3;21,3;21,4;21,2;21,4;21,2;100;100;100;;;;
2019/03/14;0300 UTC;0;969;969,1;968,9;;21,2;21,2;21,3;21,2;21,3;21,2;100;100;100;;;;
2019/03/14;0400 UTC;0;968,7;969;968,7;;21,2;21,2;21,3;21,1;21,3;21,1;100;100;100;;;;
2019/03/14;0500 UTC;0;968,8;968,9;968,7;;21,4;21,4;21,4;21,2;21,4;21,2;100;100;100;;;;
2019/03/14;0600 UTC;,2;968;968,8;968;;21,7;21,7;21,7;21,4;21,7;21,4;100;100;100;;;;
2019/03/14;0700 UTC;0;967,4;968;967,4;;21,8;21,8;21,9;21,7;21,9;21,7;100;100;100;;;;
2019/03/14;0800 UTC;0;967,4;967,5;967,2;;21,9;21,9;21,9;21,8;21,9;21,9;100;100;100;;;;
2019/03/14;0900 UTC;0;968;968;967,3;;22;22;22;21,9;22;21,9;100;100;100;;;;
2019/03/14;1000 UTC;0;969,2;969,2;967,9;;22,2;22,2;22,2;22;22,2;22;100;100;100;;;;
2019/03/14;1100 UTC;0;969,9;969,9;969,2;;23,8;23,7;23,8;22,2;23,7;22,2;100;99;99;;;;
2019/03/14;1200 UTC;0;970,6;970,6;969,9;;23,3;22,6;23,8;23,2;23,5;22,4;99;95;96;;;;
2019/03/14;1300 UTC;0;971;971,1;970,6;;24,4;22,9;24,4;23,3;23;22,3;96;89;92;;;;
2019/03/14;1400 UTC;0;971;971,1;971;;25,6;22,9;25,8;24,3;23,3;22,4;92;84;85;;;;
2019/03/14;1500 UTC;0;970,8;971,1;970,8;;27;22,8;27,5;25,6;24,2;22;87;75;78;;;;
2019/03/14;1600 UTC;0;969,7;970,8;969,7;;28,8;23,4;29,1;26,7;24,3;22,1;81;72;73;;;;
2019/03/14;1700 UTC;0;968,9;969,7;968,9;;27,3;22,8;28,8;27,1;23,3;21,9;78;69;77;;;;
2019/03/14;1800 UTC;0;967,9;968,9;967,8;;27,3;22,8;28,1;27;23,3;21,9;77;72;76;;;;
2019/03/14;1900 UTC;0;967,4;967,9;967,3;;26,7;22,3;28;26,7;23,5;21,8;78;71;77;;;;
2019/03/14;2000 UTC;0;967,6;967,6;967,2;;26,8;22,3;27,3;26,4;22,9;22;79;74;76;;;;
2019/03/14;2100 UTC;0;968;968,1;967,6;;25,9;22,4;26,8;25,9;22,4;22;81;76;81;;;;
2019/03/14;2200 UTC;,6;968,8;968,8;968;;24,7;23,1;26;24,7;23,2;22,4;91;81;91;;;;
2019/03/14;2300 UTC;,4;968,8;968,9;968,6;;24;23,4;24,7;24;23,4;23,1;97;91;97;;;;
2019/03/15;0000 UTC;0;969,5;969,5;968,8;;24;24;24;23,8;24;23,4;100;97;100;;;;
2019/03/15;0100 UTC;0;969,7;969,8;969,4;;23,5;23,5;24;23,5;24;23,5;100;100;100;;;;
2019/03/15;0200 UTC;0;969,6;969,9;969,6;;23,1;23,1;23,5;23,1;23,5;23,1;100;99;100;;;;
2019/03/15;0300 UTC;0;969,2;969,6;969,2;;23;23;23,1;22,9;23,1;22,9;100;100;100;;;;
2019/03/15;0400 UTC;0;968,9;969,2;968,9;;23;23;23;22,9;23;22,9;100;100;100;;;;
2019/03/15;0500 UTC;0;968,6;969;968,5;;22,8;22,8;23;22,8;23;22,8;100;100;100;;;;
2019/03/15;0600 UTC;0;969;969;968,5;;22,4;22,4;22,8;22,2;22,8;22,2;100;100;100;;;;
2019/03/15;0700 UTC;0;969,1;969,1;968,9;;22,3;22,3;22,4;22,3;22,4;22,3;100;100;100;;;;
2019/03/15;0800 UTC;0;969,2;969,2;969;;22,4;22,4;22,4;22,2;22,4;22,2;100;100;100;;;;
2019/03/15;0900 UTC;,2;969,5;969,5;969,1;;22,3;22,3;22,4;22,3;22,4;22,3;100;100;100;;;;
2019/03/15;1000 UTC;0;970;970;969,5;;22,4;22,4;22,4;22,2;22,4;22,2;100;100;100;;;;
2019/03/15;1100 UTC;0;970,5;970,5;970;;23,1;23,1;23,2;22,4;23,1;22,4;100;100;100;;;;
2019/03/15;1200 UTC;0;970,8;970,8;970,5;;24,4;22,6;24,4;23,1;23,3;22,2;100;88;89;;;;
2019/03/15;1300 UTC;0;971,3;971,3;970,8;;25,2;22,6;25,2;24,2;22,8;21,7;89;82;85;;;;
2019/03/15;1400 UTC;0;971,8;971,8;971,3;;26,3;22,3;26,5;25;23,1;21,5;86;75;78;;;;
2019/03/15;1500 UTC;0;971,3;971,8;971,3;;26,8;21,7;27,3;26;22,7;21,4;81;70;73;;;;
2019/03/15;1600 UTC;0;970,3;971,3;970,3;;27,5;21,1;27,6;26,8;22,3;20,8;76;68;68;;;;
2019/03/15;1700 UTC;0;969,6;970,3;969,6;;29,3;19,8;30,4;27,5;22,3;19,4;71;55;57;;;;
2019/03/15;1800 UTC;0;968,4;969,6;968,4;;29,3;21,4;29,6;28;22,7;20;68;57;62;;;;
2019/03/15;1900 UTC;0;968;968,4;967,9;;29,1;21,3;29,9;28,5;22,5;20,3;67;58;63;;;;
2019/03/15;2000 UTC;0;967,9;968;967,9;;27,2;21,4;29,5;27,2;21,8;20,3;71;59;70;;;;
2019/03/15;2100 UTC;0;968;968,1;967,8;;26,6;22,1;27,2;26,2;22,2;21,1;78;69;76;;;;
2019/03/15;2200 UTC;0;968,9;969;968;;25,9;21,4;26,7;25,8;22,1;21,4;78;74;76;;;;
2019/03/15;2300 UTC;0;969;969,1;968,9;;25,4;21,7;26;25,4;22;21,4;82;76;80;;;;
2019/03/16;0000 UTC;0;969,2;969,2;968,8;;24,6;21,8;25,5;24,6;21,8;21,4;85;79;85;;;;
2019/03/16;0100 UTC;0;970,2;970,2;969,2;;24;21,8;24,6;24;22,2;21,8;88;85;88;;;;
2019/03/16;0200 UTC;0;969,9;970,2;969,9;;23,5;21,8;24;23,5;22,1;21,8;91;88;90;;;;
2019/03/16;0300 UTC;0;969,5;969,9;969,5;;23,2;21,7;23,5;23;21,8;21,5;92;90;92;;;;
2019/03/16;0400 UTC;0;969,1;969,6;969,1;;22,9;22;23,3;22,9;22;21,7;94;91;94;;;;
2019/03/16;0500 UTC;0;968,6;969,1;968,6;;22,8;21,3;22,9;22,6;22;21,3;95;91;91;;;;
2019/03/16;0600 UTC;0;968,4;968,6;968,3;;22,5;21,2;22,8;22,5;21,2;21;92;90;92;;;;
2019/03/16;0700 UTC;0;968,5;968,5;968,2;;22,6;21,3;22,6;22,5;21,3;21,1;93;92;92;;;;
2019/03/16;0800 UTC;0;968,4;968,5;968,1;;22,5;21,2;22,6;22,4;21,3;21,1;92;92;92;;;;
2019/03/16;0900 UTC;0;968,4;968,4;968,1;;22,4;21,5;22,6;22,4;21,6;21,2;95;92;95;;;;
2019/03/16;1000 UTC;0;968,8;968,8;968,4;;22,4;21,6;22,4;22,2;21,6;21,4;95;95;95;;;;
2019/03/16;1100 UTC;0;969,3;969,3;968,7;;23,2;22,2;23,2;22,4;22,2;21,6;95;94;94;;;;
2019/03/16;1200 UTC;0;970,1;970,1;969,1;;24;22,4;24,1;23,2;22,6;22,1;94;91;91;;;;
2019/03/16;1300 UTC;0;970,5;970,5;970,1;;24,9;22,2;25;24;22,7;22;91;84;85;;;;
2019/03/16;1400 UTC;0;970,4;970,7;970,4;;26,5;22,1;27;24,7;23,2;21,7;85;76;77;;;;
2019/03/16;1500 UTC;0;970,4;970,6;970,4;;27,4;21,8;27,6;26,5;22,7;21,7;78;71;71;;;;
2019/03/16;1600 UTC;0;970,3;970,5;970,3;;27,1;22;27,7;27;22,4;21,3;74;70;74;;;;
2019/03/16;1700 UTC;0;969,5;970,3;969,5;;25,5;22,3;27,1;24,8;23,1;21,6;89;72;83;;;;
2019/03/16;1800 UTC;0;968,9;969,5;968,9;;27,5;22,5;27,6;25,5;23,4;22,2;84;74;74;;;;
2019/03/16;1900 UTC;0;968,3;968,9;968,3;;27,4;22,5;28;26,8;23,5;21,8;77;72;75;;;;
2019/03/16;2000 UTC;0;967,9;968,3;967,9;;26,6;22,4;27,9;26,6;23,3;21,6;78;72;78;;;;
2019/03/16;2100 UTC;0;967,7;967,9;967,4;;26;22,4;26,6;26;22,7;22,2;81;78;81;;;;
2019/03/16;2200 UTC;0;967,9;967,9;967,5;;24,9;22,1;26;24,7;22,4;22;86;79;85;;;;
2019/03/16;2300 UTC;0;968,3;968,3;967,7;;24,6;22,1;24,9;24,4;22,2;21,9;87;84;86;;;;
2019/03/17;0000 UTC;0;968,6;968,6;968,2;;24,1;22,5;24,6;24;22,5;22,1;90;86;90;;;;
2019/03/17;0100 UTC;0;969,3;969,3;968,6;;23,7;22,3;24,1;23,6;22,5;22,3;92;90;92;;;;
2019/03/17;0200 UTC;0;969,1;969,4;969,1;;23,4;21,7;23,7;23,4;22,3;21,7;92;90;90;;;;
2019/03/17;0300 UTC;0;969,1;969,2;969,1;;23,1;21,9;23,4;23,1;22;21,7;93;90;93;;;;
2019/03/17;0400 UTC;0;968,4;969,1;968,4;;23,1;21,3;23,3;23,1;21,9;21,3;93;90;90;;;;
2019/03/17;0500 UTC;0;968,3;968,5;968,1;;22,7;21,1;23,1;22,7;21,3;21,1;91;90;91;;;;
2019/03/17;0600 UTC;0;968,2;968,3;968;;22,4;21,2;22,7;22,3;21,2;21,1;93;91;93;;;;
2019/03/17;0700 UTC;0;967,9;968,2;967,9;;22,1;21,1;22,5;22,1;21,3;21,1;94;93;94;;;;
2019/03/17;0800 UTC;0;967,7;968;967,7;;22,2;21,2;22,3;22,1;21,3;21,1;95;94;94;;;;
2019/03/17;0900 UTC;0;967,2;967,7;967,2;;22,2;21,2;22,2;21,9;21,3;21,1;95;94;95;;;;
2019/03/17;1000 UTC;0;967,6;967,6;967;;22,3;21,3;22,3;22,2;21,3;21,2;95;94;94;;;;
2019/03/17;1100 UTC;0;968,4;968,4;967,6;;23,1;21,9;23,1;22,3;21,9;21,3;94;92;93;;;;
2019/03/17;1200 UTC;0;968,9;968,9;968,4;;25,4;22,2;25,7;23,1;22,5;21,8;93;81;83;;;;
2019/03/17;1300 UTC;0;969;969,2;968,9;;26;22,6;26;25,1;22,7;21,9;84;80;82;;;;
2019/03/17;1400 UTC;0;968,7;969;968,6;;28,1;22,3;28,5;25,9;24,1;22,3;83;71;71;;;;
2019/03/17;1500 UTC;,2;968,9;969,1;968,5;;22,5;21,2;29;22,5;23,2;20,8;92;69;92;;;;
2019/03/17;1600 UTC;22,4;969,1;969,9;968,9;;21,3;21,3;22,5;21,1;21,6;20,9;100;92;100;;;;
2019/03/17;1700 UTC;0;968,6;969,1;968,2;;23,7;20,9;24,5;21,3;24,4;20,8;100;84;84;;;;
2019/03/17;1800 UTC;1,4;968,6;968,7;968,5;;22,5;21,5;24;22,5;21,6;20,7;94;83;94;;;;
2019/03/17;1900 UTC;,4;967,4;968,6;967,4;;22,9;21,9;23,2;22,4;22,3;21,5;96;94;94;;;;
2019/03/17;2000 UTC;0;967,1;967,4;967,1;;23,1;21,7;23,2;22,8;22,2;21,5;95;91;92;;;;
2019/03/17;2100 UTC;0;966,4;967,1;966,4;;23,1;21,2;23,4;23;22,1;21,2;92;89;89;;;;
2019/03/17;2200 UTC;0;966,1;966,4;966;;22,2;20,9;23,1;22,2;21,4;20,9;93;89;93;;;;
2019/03/17;2300 UTC;0;966,9;966,9;966;;21,9;20,8;22,2;21,9;20,9;20,8;94;92;94;;;;
2019/03/18;0000 UTC;0;967,9;967,9;966,9;;21,9;21;21,9;21,8;21;20,8;95;94;94;;;;
2019/03/18;0100 UTC;0;968,2;968,4;967,9;;21,7;20,5;21,9;21,7;20,9;20,5;94;92;93;;;;
2019/03/18;0200 UTC;0;968,9;969,2;968,1;;21,7;20,8;21,7;21,5;20,8;20,4;95;93;95;;;;
2019/03/18;0300 UTC;0;968,2;968,9;968,2;;21,4;20,5;21,7;21,4;20,8;20,4;95;94;94;;;;
2019/03/18;0400 UTC;0;968,5;968,6;968,2;;21,2;20,4;21,4;21,2;20,5;20,4;96;94;95;;;;
2019/03/18;0500 UTC;0;968;968,5;968;;21;20,4;21,3;20,9;20,4;20,2;96;94;96;;;;
2019/03/18;0600 UTC;0;967,1;968,4;967,1;;21,2;20,5;21,2;21;20,5;20,4;96;96;96;;;;
2019/03/18;0700 UTC;0;966,7;967,1;966,6;;20,9;20,6;21,2;20,7;20,6;20,2;98;96;98;;;;
2019/03/18;0800 UTC;0;967,1;967,1;966,6;;21,3;20,9;21,3;20,9;20,9;20,6;98;97;97;;;;
2019/03/18;0900 UTC;0;968;968;967,1;;21,4;20,9;21,5;21,2;21;20,7;97;97;97;;;;
2019/03/18;1000 UTC;,2;968,3;968,3;968;;21,5;21,3;21,6;21,4;21,3;20,9;99;97;99;;;;
2019/03/18;1100 UTC;,4;968,9;968,9;968,3;;22;22;22;21,5;22;21,5;100;99;100;;;;
2019/03/18;1200 UTC;,4;969,4;969,6;968,9;;22,4;22,4;22,4;22;22,4;22;100;100;100;;;;
2019/03/18;1300 UTC;,2;969,3;969,4;968,5;;22,8;22,8;22,8;22,4;22,8;22,4;100;100;100;;;;
2019/03/18;1400 UTC;0;969,7;969,9;969,3;;23,7;23,1;23,7;22,8;23,4;22,8;100;96;97;;;;
2019/03/18;1500 UTC;0;969,5;970;969,5;;23,7;22,1;23,8;23,5;23,2;22,1;97;91;91;;;;
2019/03/18;1600 UTC;0;968,6;969,6;968,3;;24,4;21,5;24,5;23,7;22,2;21;91;82;84;;;;
2019/03/18;1700 UTC;0;967,2;968,6;967,2;;25,1;21;25,9;24,2;22,2;20,8;85;75;78;;;;
2019/03/18;1800 UTC;0;966,7;967,2;966,7;;27,1;22,6;27,2;25;22,8;20,8;80;74;76;;;;
2019/03/18;1900 UTC;0;965,8;966,7;965,7;;28,4;21,3;28,9;26,6;22,5;21,3;77;65;66;;;;
2019/03/18;2000 UTC;0;965,1;965,8;965,1;;28,5;21,9;29,1;27,4;22,3;20,6;69;64;67;;;;
2019/03/18;2100 UTC;0;965;965,1;964,6;;27;21,7;28,6;27;22;21,2;73;65;73;;;;
2019/03/18;2200 UTC;0;965,4;965,5;965;;25,4;21,8;27;25,4;21,9;21,7;80;73;80;;;;
2019/03/18;2300 UTC;0;965,6;965,6;965,4;;25;22;25,4;24,9;22;21,7;84;80;83;;;;
2019/03/19;0000 UTC;0;967,1;967,1;965,6;;23,5;22,3;25;23,5;22,3;22;93;83;93;;;;
2019/03/19;0100 UTC;0;967,7;967,7;967;;23,3;21,8;23,6;23,3;22,3;21,8;93;91;91;;;;
2019/03/19;0200 UTC;,2;968,1;968,1;967,7;;23,1;22,1;23,4;23,1;22,1;21,7;94;91;94;;;;
2019/03/19;0300 UTC;0;967,3;968,1;967,3;;22,9;22,1;23,1;22,8;22,2;22;96;94;96;;;;
2019/03/19;0400 UTC;0;966,7;967,4;966,7;;22,3;22;22,9;22,3;22,1;21,8;98;95;98;;;;
2019/03/19;0500 UTC;0;966,8;966,8;966,5;;22,2;22,2;22,4;22,2;22,4;22;100;98;100;;;;
2019/03/19;0600 UTC;0;966,3;966,8;966,3;;21,9;21,9;22,2;21,8;22,2;21,8;100;100;100;;;;
2019/03/19;0700 UTC;0;966;966,3;965,9;;22,2;22,2;22,2;21,9;22,2;21,9;100;100;100;;;;
2019/03/19;0800 UTC;0;966,1;966,1;965,8;;22,2;22,2;22,3;22,2;22,3;22,2;100;100;100;;;;
2019/03/19;0900 UTC;0;966,5;966,5;966,1;;22,2;22,2;22,3;22,2;22,3;22,2;100;100;100;;;;
2019/03/19;1000 UTC;0;966,8;966,8;966,5;;22,4;22,4;22,4;22,2;22,4;22,2;100;100;100;;;;
2019/03/19;1100 UTC;0;967,3;967,3;966,8;;22,8;22,8;22,8;22,4;22,8;22,4;100;100;100;;;;
2019/03/19;1200 UTC;0;967,9;967,9;967,3;;23,9;23,9;23,9;22,7;23,9;22,7;100;100;100;;;;
2019/03/19;1300 UTC;0;968,2;968,3;967,9;;25,2;23,8;25,2;23,9;24,7;23,6;100;92;92;;;;
2019/03/19;1400 UTC;0;968,4;968,5;968,2;;26,8;23,3;27,5;25,2;24,5;23,2;93;80;82;;;;
2019/03/19;1500 UTC;,2;968,1;968,4;968;;26,6;23,2;28,4;26,6;24,7;22,6;85;74;82;;;;
2019/03/19;1600 UTC;0;967,1;968,1;967,1;;28,4;23,9;28,5;26,6;24,2;22,6;82;76;77;;;;
2019/03/19;1700 UTC;1,4;967;967,2;966,8;;23;22,2;28,4;22,5;23,7;21,5;97;75;96;;;;
2019/03/19;1800 UTC;1;966,3;967;966,1;;23,9;22,2;24,3;22;23,3;21,1;97;89;90;;;;
2019/03/19;1900 UTC;0;965,9;966,3;965,9;;25,9;22,3;26,2;23,8;23,9;21,9;91;80;80;;;;
2019/03/19;2000 UTC;0;966,2;966,2;965,9;;24,6;22,1;25,9;24,6;22,5;21,5;86;80;86;;;;
2019/03/19;2100 UTC;,4;966,3;966,5;966,1;;23,6;22,4;24,6;23,6;22,4;21,9;93;85;93;;;;
2019/03/19;2200 UTC;0;966,7;966,7;966,3;;23,5;22,6;23,7;23,5;22,6;22,3;94;93;94;;;;
2019/03/19;2300 UTC;0;967,1;967,2;966,7;;23,4;22,7;23,6;23,4;22,7;22,5;96;94;95;;;;
2019/03/20;0000 UTC;0;967,5;967,5;967,1;;23;22,5;23,4;23;22,7;22,4;97;95;97;;;;
2019/03/20;0100 UTC;0;967,4;967,5;967;;22,6;22,5;23;22,6;22,6;22,3;99;97;99;;;;
2019/03/20;0200 UTC;0;967,4;967,7;967,4;;22,2;22,1;22,6;22,2;22,5;22,1;100;99;100;;;;
2019/03/20;0300 UTC;0;967,2;967,5;967,1;;21,9;21,9;22,2;21,9;22,1;21,9;100;100;100;;;;
2019/03/20;0400 UTC;0;967;967,4;967;;21,6;21,6;21,9;21,5;21,9;21,5;100;100;100;;;;
2019/03/20;0500 UTC;0;967,2;967,2;966,8;;21,5;21,5;21,6;21,5;21,6;21,5;100;100;100;;;;
2019/03/20;0600 UTC;,2;966,8;967,2;966,5;;21;21;21,6;21;21,6;21;100;100;100;;;;
2019/03/20;0700 UTC;0;966,5;966,7;966,4;;21;21;21,2;20,9;21,2;20,9;100;100;100;;;;
2019/03/20;0800 UTC;0;965,5;966,5;965,5;;20,9;20,9;21,2;20,9;21,2;20,9;100;100;100;;;;
2019/03/20;0900 UTC;0;965,9;966;965,4;;20,7;20,7;20,9;20,6;20,9;20,6;100;100;100;;;;
2019/03/20;1000 UTC;0;966,3;966,3;965,7;;21,2;21,2;21,3;20,7;21,3;20,8;100;100;100;;;;
2019/03/20;1100 UTC;0;967,2;967,2;966,3;;21,9;21,9;21,9;21,1;21,9;21,1;100;100;100;;;;
2019/03/20;1200 UTC;0;968;968,2;967,2;;22,6;22,6;22,8;21,9;22,7;21,9;100;100;100;;;;
2019/03/20;1300 UTC;,2;968,4;968,4;967,8;;23,3;23,3;23,3;22,5;23,3;22,5;100;100;100;;;;
2019/03/20;1400 UTC;,4;968,9;968,9;968,4;;23,2;23,2;23,5;23,2;23,5;23,2;100;100;100;;;;
2019/03/20;1500 UTC;1;969,2;969,3;968,7;;22,8;22,6;23,3;22,8;23,3;22,6;100;99;99;;;;
2019/03/20;1600 UTC;2,4;968,9;969,2;968,3;;22,2;22,1;22,8;22,2;22,7;22,1;100;98;100;;;;
2019/03/20;1700 UTC;4;968,7;969,3;968,7;;22,3;22,3;22,4;22,1;22,4;22,1;100;100;100;;;;
2019/03/20;1800 UTC;8,2;968,2;968,8;968,2;;20,9;20,9;22,3;20,9;22,3;20,9;100;100;100;;;;
2019/03/20;1900 UTC;2;965,4;968,2;965,4;;21,3;21,3;21,3;20,6;21,3;20,6;100;100;100;;;;
2019/03/20;2000 UTC;,2;964,5;965,4;963,8;;22,7;20,6;22,7;21,3;21,3;20,5;100;88;88;;;;
2019/03/20;2100 UTC;0;965,9;966;964,5;;21,9;20,2;22,8;21,6;20,8;19,9;94;87;90;;;;
2019/03/20;2200 UTC;0;966,7;966,7;965,9;;21;19,5;21,9;21;20,2;19,5;92;89;91;;;;
2019/03/20;2300 UTC;0;967;967,2;966,7;;20,4;19,3;21;20,4;19,6;19,2;93;91;93;;;;
2019/03/21;0000 UTC;0;968;968;967;;20,5;19,7;20,7;20,1;19,9;19,3;96;93;95;;;;
2019/03/21;0100 UTC;0;968,3;968,3;968;;20,4;19,6;20,6;20,3;19,9;19,6;96;95;96;;;;
2019/03/21;0200 UTC;0;968,6;968,7;968,2;;20;19,5;20,4;20;19,6;19,4;97;95;97;;;;
2019/03/21;0300 UTC;0;968,7;968,7;968,5;;19,7;19,6;20,1;19,7;19,8;19,5;99;97;99;;;;
2019/03/21;0400 UTC;0;968,1;968,7;968,1;;20;20;20;19,4;20;19,4;100;99;100;;;;
2019/03/21;0500 UTC;0;967,7;968,1;967,7;;19,9;19,9;20,1;19,8;20,1;19,8;100;100;100;;;;
2019/03/21;0600 UTC;0;967,5;967,7;967,5;;19,5;19,5;19,9;19,5;19,9;19,5;100;100;100;;;;
2019/03/21;0700 UTC;0;967,8;967,9;967,5;;19,3;19,2;19,5;19,3;19,5;19,2;100;99;99;;;;
2019/03/21;0800 UTC;0;967,5;967,9;967,5;;19,1;18,6;19,4;19,1;19,2;18,6;99;97;97;;;;
2019/03/21;0900 UTC;0;968,1;968,2;967,4;;18,6;18,2;19,2;18,6;18,6;18,2;98;96;98;;;;
2019/03/21;1000 UTC;0;968,6;968,6;968,1;;18,4;18,3;18,6;18,2;18,4;18;99;98;99;;;;
2019/03/21;1100 UTC;0;969,7;969,7;968,6;;19,8;19,5;19,8;18,4;19,5;18,2;100;98;98;;;;
2019/03/21;1200 UTC;0;970,5;970,5;969,7;;20,5;19,2;20,6;19,7;19,9;18,8;98;91;92;;;;
2019/03/21;1300 UTC;0;970,8;970,8;970,5;;22,4;19,9;22,6;20,5;20,3;18,9;94;85;86;;;;
2019/03/21;1400 UTC;0;970,7;970,9;970,7;;26,5;21,3;26,6;22,3;22;19,6;87;72;73;;;;
2019/03/21;1500 UTC;0;970,3;970,7;970,3;;26,9;20,4;27,6;25,9;21,9;19,6;74;65;68;;;;
2019/03/21;1600 UTC;0;969,6;970,3;969,6;;28,1;19,7;29,2;26,7;21,6;19,4;72;58;60;;;;
2019/03/21;1700 UTC;0;968,9;969,6;968,9;;27,3;21,2;28,3;26;21,4;19,2;74;59;69;;;;
2019/03/21;1800 UTC;0;968,3;968,9;968,3;;26,4;20,6;28,8;26,4;22,2;20,2;71;64;71;;;;
2019/03/21;1900 UTC;0;967,9;968,4;967,8;;26;21,3;29,4;25,7;22,5;20,2;76;61;75;;;;
2019/03/21;2000 UTC;0;967,7;967,9;967,7;;26,1;20,7;28,7;26;21,6;19,7;75;61;72;;;;
2019/03/21;2100 UTC;0;967,9;967,9;967,7;;25,7;19,9;26,2;25,3;21,1;19,9;75;70;70;;;;
2019/03/21;2200 UTC;0;968;968,2;967,9;;24,6;19,7;25,7;24,2;20,2;19,5;78;70;74;;;;
2019/03/21;2300 UTC;0;968,6;968,6;968;;23,4;20,3;24,9;23,1;20,3;19,6;83;73;83;;;;
2019/03/22;0000 UTC;,6;969,3;969,3;968,6;;22;19,7;23,9;22;20,3;19,5;86;80;86;;;;
2019/03/22;0100 UTC;,4;970;970;969,3;;22,6;20,9;22,7;21,7;21,3;19,7;94;87;90;;;;
2019/03/22;0200 UTC;3;969,9;970,1;969,9;;21,7;20,9;22,7;21,7;20,9;20,6;95;90;95;;;;
2019/03/22;0300 UTC;1,2;969,7;970;969,7;;21,7;20,8;21,8;21,6;20,9;20,7;95;94;95;;;;
2019/03/22;0400 UTC;0;969,8;970,1;969,8;;22,1;20,5;22,2;21,7;20,9;20,5;95;91;91;;;;
2019/03/22;0500 UTC;0;969,7;969,8;969,7;;21;19,5;22,1;20,9;20,5;19,5;91;88;91;;;;
2019/03/22;0600 UTC;0;970,2;970,2;969,7;;20,7;19,4;21;20,7;19,4;19,2;92;90;92;;;;
2019/03/22;0700 UTC;0;970,1;970,3;969,9;;20,7;18,8;20,8;20,6;19,5;18,8;93;89;89;;;;
2019/03/22;0800 UTC;0;970,4;970,4;970,1;;20,5;18,2;20,8;20,5;18,8;18,2;89;86;87;;;;
2019/03/22;0900 UTC;0;970,8;971;970,4;;20,1;17,7;20,5;20,1;18,4;17,7;90;86;86;;;;
2019/03/22;1000 UTC;0;971,2;971,2;970,7;;19,8;17,5;20,2;19,5;17,7;17,4;88;86;86;;;;
2019/03/22;1100 UTC;0;972,3;972,3;971,3;;21,1;17,8;21,1;19,8;18,1;17,5;88;80;81;;;;
2019/03/22;1200 UTC;0;973,3;973,3;972,3;;22,4;17,6;22,4;21,1;18,1;17,2;81;74;74;;;;
2019/03/22;1300 UTC;0;973,4;973,5;973,3;;24;17,4;24,1;22,4;18,4;16,9;77;66;66;;;;
2019/03/22;1400 UTC;0;973,3;973,6;973,3;;25;17,4;25,4;23,7;18,5;16,9;69;62;63;;;;
2019/03/22;1500 UTC;0;972,8;973,3;972,8;;26,5;17,5;26,8;25;18,6;16,9;65;56;58;;;;
2019/03/22;1600 UTC;0;972;972,8;972;;27,5;18;28,2;26,3;18,7;16,9;61;53;56;;;;
2019/03/22;1700 UTC;0;971,2;972;971,2;;26,9;17,3;29,1;26,9;18,7;16,8;57;50;56;;;;
2019/03/22;1800 UTC;0;970,6;971,2;970,6;;28,3;16,9;30,5;26,8;19,4;16,6;60;46;50;;;;
2019/03/22;1900 UTC;0;970,2;970,6;970,2;;28,4;17,1;30,3;27,4;18,8;16,4;56;46;50;;;;
2019/03/22;2000 UTC;0;970;970,2;970;;29,1;16,8;29,8;28;17,9;16;51;46;48;;;;
2019/03/22;2100 UTC;0;970,2;970,2;969,9;;27,6;17,4;29;27,6;17,8;16,3;54;47;54;;;;
2019/03/22;2200 UTC;0;970,4;970,4;970,2;;25,3;18,4;27,6;25;18,5;17,4;67;54;66;;;;
2019/03/22;2300 UTC;0;970,6;970,6;970,4;;24;18,4;25,2;23,5;18,6;18,1;72;66;71;;;;
2019/03/23;0000 UTC;0;970,7;970,7;970,6;;23,3;18,2;24;23,1;18,4;18;74;69;73;;;;
2019/03/23;0100 UTC;0;971,1;971,1;970,7;;23;18,6;23,5;22,9;18,6;18,2;77;73;76;;;;
2019/03/23;0200 UTC;0;971,5;971,5;971,1;;22,9;18,5;23,1;22,7;18,7;18,4;78;76;76;;;;
2019/03/23;0300 UTC;0;971,6;971,6;971,5;;23,3;18,2;23,4;22,7;18,5;18,1;77;73;73;;;;
2019/03/23;0400 UTC;0;971,4;971,7;971,4;;22,9;17,9;23,3;22,8;18,2;17,9;75;73;74;;;;
2019/03/23;0500 UTC;0;971,3;971,4;971,3;;22;18,1;23;22;18,2;17,9;79;73;79;;;;
2019/03/23;0600 UTC;0;971,4;971,4;971,3;;21,9;18;22,1;21,5;18,2;18;80;78;79;;;;
2019/03/23;0700 UTC;0;971,5;971,5;971,4;;21,3;18;22;21,2;18,1;17,9;82;78;82;;;;
2019/03/23;0800 UTC;0;971,6;971,6;971,4;;21;17,8;21,3;20,9;18;17,8;82;81;82;;;;
2019/03/23;0900 UTC;0;972;972;971,5;;20,4;17,5;21;20,4;17,8;17,5;84;82;84;;;;
2019/03/23;1000 UTC;0;972,7;972,7;972;;20,3;17,2;20,5;20,1;17,5;17,2;84;82;82;;;;
2019/03/23;1100 UTC;0;973,6;973,6;972,7;;21,7;17,5;22;20,3;18;17,2;83;77;77;;;;
2019/03/23;1200 UTC;0;974;974;973,6;;23,2;17,9;23,3;21,7;18;17,3;78;70;72;;;;
2019/03/23;1300 UTC;0;974,1;974,2;974;;25;18,1;25,2;23,3;18,9;17,6;72;65;66;;;;
2019/03/23;1400 UTC;0;973,7;974,1;973,7;;26,8;18,7;26,8;24,7;19,1;17,8;67;61;61;;;;
2019/03/23;1500 UTC;0;973,2;973,7;973,1;;27,7;18,8;28,1;26;19,7;17,8;64;55;58;;;;
2019/03/23;1600 UTC;0;972,3;973,1;972,3;;29,1;19;29,5;27,6;19,6;17,5;60;50;54;;;;
2019/03/23;1700 UTC;0;971,3;972,3;971,3;;28,9;18,1;30,1;28,5;20,2;17,5;58;48;52;;;;
2019/03/23;1800 UTC;0;970,5;971,3;970,5;;29,1;16,4;30,9;28,2;19,6;16,3;54;43;46;;;;
2019/03/23;1900 UTC;0;970;970,5;970;;30;17,1;31,3;29,1;18,3;16,4;48;42;46;;;;
2019/03/23;2000 UTC;0;969,8;970;969,8;;29,9;16,7;31;29,7;18,3;15,5;48;42;45;;;;
2019/03/23;2100 UTC;0;969,9;969,9;969,7;;28,5;17,3;29,9;28,5;17,7;15,6;51;43;51;;;;
2019/03/23;2200 UTC;0;970;970;969,8;;26,6;17,3;28,5;26,6;17,9;17,1;57;51;57;;;;
2019/03/23;2300 UTC;0;970,1;970,1;970;;25,4;17,5;26,6;25,3;17,9;17,3;62;57;62;;;;
2019/03/24;0000 UTC;0;970,4;970,4;970,1;;24,8;17,5;25,5;24,5;17,6;17,4;65;61;64;;;;
2019/03/24;0100 UTC;0;970,7;970,7;970,4;;24,7;17,4;25,1;24,5;17,6;17,4;65;63;64;;;;
2019/03/24;0200 UTC;0;971;971;970,7;;22,9;17,7;24,8;21,8;18,1;17,2;78;63;73;;;;
2019/03/24;0300 UTC;0;970,9;971;970,9;;23,7;18,1;23,7;22,7;18,1;17,6;73;71;71;;;;
2019/03/24;0400 UTC;0;970,7;970,9;970,7;;23,8;17,4;24;23,5;18,1;17,4;71;67;67;;;;
2019/03/24;0500 UTC;0;970,6;970,7;970,6;;22,3;17,6;24,1;21,9;17,9;17,2;76;66;75;;;;
2019/03/24;0600 UTC;0;970,5;970,7;970,5;;22,6;17,6;22,7;22,1;17,7;17,5;76;73;73;;;;
2019/03/24;0700 UTC;0;970,6;970,6;970,5;;21,9;17,5;22,7;21,9;17,7;17,5;76;73;76;;;;
2019/03/24;0800 UTC;0;970,6;970,6;970,6;;21,7;17,5;22,3;21,4;17,8;17,4;78;75;77;;;;
2019/03/24;0900 UTC;0;971,1;971,1;970,6;;21,3;17,5;21,8;20,8;17,9;17,2;82;77;79;;;;
2019/03/24;1000 UTC;0;971,8;971,8;971,1;;20,2;17,7;21,6;20;17,8;17;85;79;85;;;;
2019/03/24;1100 UTC;0;972,5;972,5;971,8;;22,5;19;22,6;20;19;17,5;86;79;80;;;;
2019/03/24;1200 UTC;0;973,1;973,1;972,6;;26,2;20,5;26,2;22,5;21,1;19;81;71;71;;;;
2019/03/24;1300 UTC;0;973,2;973,2;973;;27,9;19,2;28;25,8;20,9;19,1;74;59;59;;;;
2019/03/24;1400 UTC;0;973,1;973,2;973,1;;30,4;16,9;30,5;27,7;19,8;16,9;61;44;44;;;;
2019/03/24;1500 UTC;0;972,6;973,1;972,6;;30,4;15,7;31,7;30;17,4;15,3;46;39;41;;;;
2019/03/24;1600 UTC;0;971,9;972,6;971,9;;31,6;17,8;31,9;30,4;17,9;15,6;44;39;44;;;;
2019/03/24;1700 UTC;0;971,3;971,9;971,3;;30,3;19,4;32,4;30;20,8;16,3;54;39;52;;;;
2019/03/24;1800 UTC;0;970,5;971,3;970,5;;31,2;18,5;32,3;29,4;20,4;18;54;45;47;;;;
2019/03/24;1900 UTC;0;970;970,5;970;;31,2;16,3;32,2;30,7;20;15,8;51;39;41;;;;
2019/03/24;2000 UTC;0;969,9;970;969,9;;30,4;18,7;32;29,7;18,7;15,1;50;37;50;;;;
2019/03/24;2100 UTC;0;969,9;969,9;969,8;;29,6;18,5;31,3;29,6;18,8;17,2;52;43;51;;;;
2019/03/24;2200 UTC;0;969,7;969,9;969,7;;27,1;18,3;29,6;27,1;19;18;59;51;59;;;;
2019/03/24;2300 UTC;0;969,8;969,9;969,7;;27,4;16,2;27,7;26,8;18,4;16,1;59;50;50;;;;
2019/03/25;0000 UTC;0;970,1;970,1;969,8;;26,7;15,9;28;26,7;16,5;15,6;52;48;52;;;;
2019/03/25;0100 UTC;0;970,6;970,6;970,1;;26,3;17,2;26,7;26,1;17,2;16,1;57;52;57;;;;
2019/03/25;0200 UTC;0;970,6;970,8;970,6;;25;17,5;26,3;24,8;17,6;17;64;57;63;;;;
2019/03/25;0300 UTC;0;970,8;970,8;970,6;;24,1;17,7;25,1;24,1;17,9;17,5;68;63;68;;;;
2019/03/25;0400 UTC;0;970,5;970,8;970,5;;24;18,1;24,2;23,4;18,2;17,7;71;68;70;;;;
2019/03/25;0500 UTC;0;970;970,5;970;;22,7;18,4;24;22,7;18,5;18;76;70;76;;;;
2019/03/25;0600 UTC;0;969,5;970;969,5;;22,9;18,4;23;22,3;18,6;18,2;78;76;76;;;;
2019/03/25;0700 UTC;0;969;969,5;968,9;;22,8;18,5;22,9;22,5;18,6;18,3;78;76;77;;;;
2019/03/25;0800 UTC;0;969,3;969,3;969;;22,2;18,3;22,9;22,2;18,5;18,2;79;76;79;;;;
2019/03/25;0900 UTC;0;969,8;969,8;969,3;;22,3;18,1;22,7;22,1;18,5;18;79;76;77;;;;
2019/03/25;1000 UTC;0;970,2;970,2;969,8;;20;18,1;22,5;20;18,2;17,7;89;76;89;;;;
2019/03/25;1100 UTC;0;970,7;970,7;970,2;;22,6;19,6;22,6;19,7;19,8;17,9;92;83;83;;;;
2019/03/25;1200 UTC;0;971,1;971,1;970,7;;24,8;19,8;25;21,9;20,1;19;86;73;74;;;;
2019/03/25;1300 UTC;0;971,4;971,4;971,1;;27,8;20,3;27,8;24,9;21,2;19,6;75;62;64;;;;
2019/03/25;1400 UTC;0;971,3;971,4;971,2;;30,3;19,9;30,3;27,5;20,5;18,2;64;53;54;;;;
2019/03/25;1500 UTC;0;970,9;971,4;970,9;;31;19,2;31;29,2;20,1;17,9;56;47;50;;;;
2019/03/25;1600 UTC;0;970,4;970,9;970,4;;30,9;17,5;31,3;29;19,5;16,9;53;43;45;;;;
2019/03/25;1700 UTC;0;969,6;970,4;969,6;;32,1;18,2;32,1;30,3;18,8;16,6;48;42;44;;;;
2019/03/25;1800 UTC;0;968,8;969,6;968,8;;30,5;17,7;32,7;30,1;19,3;16,6;47;40;47;;;;
2019/03/25;1900 UTC;0;968,3;968,8;968,3;;31,9;17;32,3;30,5;18,2;16;47;39;41;;;;
2019/03/25;2000 UTC;0;968,2;968,3;968,2;;30,7;17,8;32,1;30,7;18,7;14,7;47;36;46;;;;
2019/03/25;2100 UTC;0;968,4;968,4;968,2;;29;18,2;30,7;29;18,7;16,9;53;44;52;;;;
2019/03/25;2200 UTC;0;968,6;968,6;968,3;;26,6;18,6;29;26,6;18,7;18,3;62;52;62;;;;
2019/03/25;2300 UTC;0;968,8;968,9;968,6;;25,5;19,2;26,6;25,3;19,4;18,7;69;62;68;;;;
2019/03/26;0000 UTC;0;969,5;969,5;968,8;;24,7;18,9;25,6;24,7;19,2;18,9;70;68;70;;;;
2019/03/26;0100 UTC;0;969,9;969,9;969,5;;24,2;18,5;24,8;24,1;19;18,5;71;70;71;;;;
2019/03/26;0200 UTC;0;970,2;970,4;969,9;;23,5;18,3;24,3;23,4;18,5;18,3;74;70;73;;;;
2019/03/26;0300 UTC;0;970,1;970,3;970,1;;22,7;18,1;23,6;22,7;18,3;17,9;75;72;75;;;;
2019/03/26;0400 UTC;0;969,9;970,1;969,9;;22,4;18,2;22,9;22,3;18,2;18;77;75;77;;;;
2019/03/26;0500 UTC;0;969,9;969,9;969,7;;21,8;18;22,5;21,8;18,3;18;79;77;79;;;;
2019/03/26;0600 UTC;0;969,8;969,9;969,7;;21,7;17,7;22;21,6;18,1;17,7;80;77;78;;;;
2019/03/26;0700 UTC;0;969,6;969,8;969,6;;21,6;17,6;21,9;21,3;17,8;17,6;80;78;78;;;;
2019/03/26;0800 UTC;0;969,5;969,6;969,3;;20,8;17,6;21,6;20,7;17,6;17,3;82;78;82;;;;
2019/03/26;0900 UTC;0;969,8;969,8;969,5;;19,4;17,2;20,8;19,4;17,7;17,2;87;82;87;;;;
2019/03/26;1000 UTC;0;970,3;970,3;969,8;;19,8;17,8;19,9;18,8;18;17,1;92;87;88;;;;
2019/03/26;1100 UTC;0;971,1;971,1;970,3;;21,5;18,2;21,5;19,5;18,3;17,5;90;80;81;;;;
2019/03/26;1200 UTC;0;971,7;971,7;971,1;;24,6;19,6;24,6;21,5;19,6;18;82;72;74;;;;
2019/03/26;1300 UTC;0;971,9;972;971,7;;27;19,2;27,1;24,3;19,8;18,6;74;62;63;;;;
2019/03/26;1400 UTC;0;971,9;972;971,8;;28,5;17,9;29;26,8;20;17,8;65;52;53;;;;
2019/03/26;1500 UTC;0;971,6;971,9;971,6;;30,4;18,7;30,4;28,5;19,7;17,9;55;49;49;;;;
2019/03/26;1600 UTC;0;970,9;971,6;970,9;;31,2;18,1;31,3;30,1;19,4;17,6;52;45;46;;;;
2019/03/26;1700 UTC;0;970,2;970,9;970,2;;31,3;16,4;32,4;30,5;18,2;16,1;46;39;41;;;;
2019/03/26;1800 UTC;0;969,6;970,2;969,6;;31,4;16,3;32,4;30,9;18,8;15,6;46;39;40;;;;
2019/03/26;1900 UTC;0;969,3;969,6;969,2;;31,2;17,2;32;31,1;18,7;15,7;46;39;43;;;;
2019/03/26;2000 UTC;0;969,2;969,3;969,1;;30,3;16,5;31,4;30,3;17,7;15,9;45;41;43;;;;
2019/03/26;2100 UTC;0;969,5;969,5;969,2;;28;17,7;30,3;28;17,7;15,9;53;42;53;;;;
2019/03/26;2200 UTC;0;969,6;969,7;969,4;;25,3;17,1;28;25,2;18;17,1;61;53;61;;;;
2019/03/26;2300 UTC;0;970;970;969,6;;23,8;16,9;25,3;23,7;17,1;16,6;65;60;65;;;;
2019/03/27;0000 UTC;0;970,6;970,6;970;;22,9;17,4;23,8;22,6;17,6;16,9;72;65;71;;;;
2019/03/27;0100 UTC;0;971,4;971,4;970,6;;22;17,9;23,2;21,8;17,9;17,5;78;71;78;;;;
2019/03/27;0200 UTC;0;971,5;971,6;971,4;;22,3;17,6;22,3;21,5;17,9;17,6;79;75;75;;;;
2019/03/27;0300 UTC;0;971,6;971,7;971,5;;22,1;16,7;22,5;21,9;17,6;16,7;75;71;71;;;;
2019/03/27;0400 UTC;0;971,6;971,7;971,5;;21,7;15,7;22,2;21,6;16,7;15,7;72;69;69;;;;
2019/03/27;0500 UTC;0;971,6;971,7;971,5;;21,3;15;21,8;21,1;15,7;15;69;67;67;;;;
2019/03/27;0600 UTC;0;971,4;971,6;971,4;;20,9;14,3;21,3;20,9;15;14,3;68;65;66;;;;
2019/03/27;0700 UTC;0;971,2;971,4;971,2;;19,6;14,7;20,9;19,6;14,7;14,2;73;66;73;;;;
2019/03/27;0800 UTC;0;971,6;971,6;971,2;;18,7;14,9;19,7;18,7;14,9;14,7;78;73;78;;;;
2019/03/27;0900 UTC;0;972,2;972,2;971,6;;18,3;14,9;18,9;18,1;15,3;14,7;83;77;80;;;;
2019/03/27;1000 UTC;0;972,8;972,8;972,2;;19,2;14,1;19,3;18,3;14,9;14,1;81;72;72;;;;
2019/03/27;1100 UTC;0;973,7;973,7;972,8;;18,8;14,6;19,6;18,3;14,8;14,1;80;72;77;;;;
2019/03/27;1200 UTC;0;974,2;974,2;973,7;;24,8;16,9;24,8;18,8;17,1;14,6;77;61;62;;;;
2019/03/27;1300 UTC;0;974,5;974,6;974,2;;26,6;18,4;27;24,4;18,7;16,4;63;59;61;;;;
2019/03/27;1400 UTC;0;974,3;974,5;974,3;;28,1;19,4;29;26,6;20,6;18,4;63;57;60;;;;
2019/03/27;1500 UTC;0;973,9;974,3;973,9;;30;20,3;30,1;28;20,8;19,6;61;56;56;;;;
2019/03/27;1600 UTC;0;973;973,9;973;;30,7;20,6;31,2;29,6;21,5;19,8;60;52;55;;;;
2019/03/27;1700 UTC;0;972,6;973;972,6;;32;19,1;32,6;30,7;20,9;18;56;43;46;;;;
2019/03/27;1800 UTC;0;972;972,6;972;;33,5;18,1;33,6;31,9;20;17,1;48;39;40;;;;
2019/03/27;1900 UTC;0;971,6;972;971,6;;32,7;19,7;34,1;31,6;20,2;17,9;49;40;46;;;;
2019/03/27;2000 UTC;0;971,4;971,6;971,3;;31,6;19,5;33,2;31,6;21,1;18,1;51;42;49;;;;
2019/03/27;2100 UTC;0;971,4;971,4;971,4;;29,5;20,6;31,7;29,5;21;18,4;59;46;59;;;;
2019/03/27;2200 UTC;0;971,5;971,5;971,3;;26,8;20,3;29,5;26,4;20,6;20,2;70;58;67;;;;
2019/03/27;2300 UTC;0;972;972;971,5;;25,6;19,6;26,8;25,4;20,3;19,6;72;67;70;;;;
2019/03/28;0000 UTC;0;972,5;972,5;972;;24,8;19,7;25,7;24,8;20;19,6;73;70;73;;;;
2019/03/28;0100 UTC;0;972,9;972,9;972,5;;24,2;19,7;24,9;24,2;19,8;19,6;76;73;76;;;;
2019/03/28;0200 UTC;0;972,9;973;972,8;;23,7;19,4;24,2;23,7;19,7;19,4;77;75;77;;;;
2019/03/28;0300 UTC;0;973;973;972,9;;23,4;19,5;23,9;23,4;19,6;19,4;79;77;79;;;;
2019/03/28;0400 UTC;0;973,3;973,3;972,9;;23,5;19,7;23,5;23,1;19,8;19,5;81;79;79;;;;
2019/03/28;0500 UTC;0;973,3;973,3;973,1;;23,9;19,3;24,4;23,5;19,7;19,3;79;74;75;;;;
2019/03/28;0600 UTC;0;972,9;973,3;972,9;;23,1;19,2;23,9;23,1;19,3;19,1;79;75;78;;;;
2019/03/28;0700 UTC;0;972,6;972,9;972,6;;22,5;18,9;23,2;22,5;19,2;18,9;80;78;80;;;;
2019/03/28;0800 UTC;0;973,1;973,1;972,6;;22,2;18,9;22,9;22,2;18,9;18,6;82;78;82;;;;
2019/03/28;0900 UTC;0;973,7;973,7;973,1;;22,4;18,6;22,4;22;18,9;18,6;82;79;79;;;;
2019/03/28;1000 UTC;0;974,4;974,4;973,7;;21,8;18,6;22,4;21,8;18,7;18,5;82;79;82;;;;
2019/03/28;1100 UTC;0;975,2;975,2;974,4;;23,1;18,7;23,1;21,8;18,7;18,5;82;76;76;;;;
2019/03/28;1200 UTC;0;975,7;975,7;975,1;;24,7;18,4;24,7;23,1;18,7;18;76;67;68;;;;
2019/03/28;1300 UTC;0;975,7;975,8;975,6;;26,4;17,9;27,1;24,8;18,9;17,9;68;58;59;;;;
2019/03/28;1400 UTC;0;975,7;975,8;975,6;;28;18,5;28,9;26,4;19,8;18;61;55;56;;;;
2019/03/28;1500 UTC;0;975,3;975,7;975,3;;29,1;19,4;29,2;27,8;19,6;18,5;60;55;56;;;;
2019/03/28;1600 UTC;0;974,9;975,4;974,9;;30,1;19,2;30,6;28,9;20,1;18,8;58;51;52;;;;
2019/03/28;1700 UTC;0;974,2;974,9;974,2;;31,5;19,5;32,1;30,1;21,3;19;55;49;49;;;;
2019/03/28;1800 UTC;0;973,6;974,2;973,6;;31,9;19,6;32,6;30,4;20,7;18,7;54;45;48;;;;
2019/03/28;1900 UTC;0;973,1;973,6;973,1;;32,3;19;33;30,8;20,4;17,2;51;43;45;;;;
2019/03/28;2000 UTC;0;972,8;973,1;972,8;;31,4;18,8;32,5;30,1;19,6;17,7;51;43;47;;;;
2019/03/28;2100 UTC;0;972,9;972,9;972,7;;29,7;18,7;31,4;29,7;19,2;18,1;52;46;52;;;;
2019/03/28;2200 UTC;0;973,1;973,2;972,8;;27,7;18,9;29,7;27,6;18,9;18,4;59;51;59;;;;
2019/03/28;2300 UTC;0;973,5;973,5;973,1;;27,4;18,7;27,9;27,3;18,9;18,6;59;58;59;;;;
2019/03/29;0000 UTC;0;973,9;973,9;973,5;;26,9;18,9;27,5;26,9;19,1;18,7;62;59;61;;;;
2019/03/29;0100 UTC;0;974,4;974,4;973,9;;26,2;19;27,2;26,2;19;18,8;65;60;65;;;;
2019/03/29;0200 UTC;0;974,5;974,5;974,3;;25,6;19;26,2;25,5;19,1;18,9;67;65;67;;;;
2019/03/29;0300 UTC;0;974,2;974,6;974,2;;24,6;19;25,6;24,5;19,1;18,9;71;67;71;;;;
2019/03/29;0400 UTC;0;974,4;974,4;974,2;;23,8;18,7;24,6;23,8;19;18,7;73;71;73;;;;
2019/03/29;0500 UTC;0;974,1;974,4;974,1;;23,3;18,3;23,8;23,1;18,6;18,3;75;73;74;;;;
2019/03/29;0600 UTC;0;974,1;974,1;974;;23;18,1;23,6;22,9;18,3;18,1;74;72;74;;;;
2019/03/29;0700 UTC;0;974,1;974,2;974;;22,4;18;23;22,3;18,1;17,9;76;74;76;;;;
2019/03/29;0800 UTC;0;974,7;974,8;974,1;;21,5;17,7;22,4;21,4;18;17,6;79;76;79;;;;
2019/03/29;0900 UTC;0;975,2;975,2;974,7;;21,1;17,5;21,6;21;17,7;17,5;80;79;80;;;;
2019/03/29;1000 UTC;0;975,4;975,4;975,2;;20,9;17,2;21,1;20,7;17,4;17,2;81;79;79;;;;
2019/03/29;1100 UTC;0;976,3;976,3;975,4;;22,3;17,4;22,4;20,9;17,5;17,1;79;73;73;;;;
2019/03/29;1200 UTC;0;976,5;976,5;976,3;;23,9;16,8;23,9;22,3;17,6;16,6;74;64;64;;;;
2019/03/29;1300 UTC;0;976,7;976,8;976,5;;25,9;17;25,9;23,9;17,7;16,7;65;58;58;;;;
2019/03/29;1400 UTC;0;976,2;976,8;976,2;;27;16,8;27,5;25,9;17,8;16,4;58;53;54;;;;
2019/03/29;1500 UTC;0;975,5;976,2;975,5;;28;17,7;28,2;27;17,9;16,9;55;51;54;;;;
2019/03/29;1600 UTC;0;974,5;975,5;974,5;;29,5;18;29,6;27,7;18,7;17,1;55;50;50;;;;
2019/03/29;1700 UTC;0;973,4;974,5;973,4;;30,2;17,9;30,3;28,8;18,8;17,5;52;46;48;;;;
2019/03/29;1800 UTC;0;972,3;973,4;972,3;;31,3;17,4;31,6;30,2;18,6;16,5;49;43;43;;;;
2019/03/29;1900 UTC;0;971,7;972,3;971,7;;31,4;17;32;30,7;18,5;16,2;47;40;42;;;;
2019/03/29;2000 UTC;0;971,5;971,7;971,4;;31,1;16,3;31,6;30,7;18,1;15,9;46;40;41;;;;
2019/03/29;2100 UTC;0;971,5;971,5;971,5;;29;16,8;31;29;17,4;15,8;48;40;48;;;;
2019/03/29;2200 UTC;0;971,7;971,7;971,5;;27;17,1;29;27;17,2;16,8;55;48;55;;;;
2019/03/29;2300 UTC;0;972;972;971,7;;26,5;16,9;27;26,5;17,2;16,9;56;55;56;;;;
2019/03/30;0000 UTC;0;972,5;972,5;972;;26,1;17;26,7;26;17,1;16,9;57;56;57;;;;
2019/03/30;0100 UTC;0;973;973;972,5;;24,9;17,4;26,4;24,9;17,4;16,9;63;56;63;;;;
2019/03/30;0200 UTC;0;973,2;973,2;973;;23,9;17,5;24,9;23,8;17,5;17,4;68;63;67;;;;
2019/03/30;0300 UTC;0;973;973,2;973;;23,5;17,5;24;23,2;17,7;17,5;71;67;69;;;;
2019/03/30;0400 UTC;0;973,1;973,1;973;;22,7;17,7;23,5;22,7;17,7;17,4;74;69;74;;;;
2019/03/30;0500 UTC;0;973;973,1;972,9;;22,5;17,7;22,7;22,4;17,9;17,7;76;74;74;;;;
2019/03/30;0600 UTC;0;973,2;973,2;973;;21,4;17,3;22,5;21,4;17,7;17,3;78;74;78;;;;
2019/03/30;0700 UTC;0;973,1;973,3;973,1;;21;17,1;21,4;20,8;17,3;17;79;78;78;;;;
2019/03/30;0800 UTC;0;973;973,1;973;;20,9;16,7;21;20,7;17,1;16,6;79;77;77;;;;
2019/03/30;0900 UTC;0;973,5;973,5;973;;20,3;16,1;20,9;20,3;16,6;16,1;78;76;77;;;;
2019/03/30;1000 UTC;0;974,3;974,3;973,5;;20,2;15,8;20,3;20;16,1;15,7;77;75;76;;;;
2019/03/30;1100 UTC;0;974,9;974,9;974,2;;21,5;15,5;21,5;20,1;15,7;15,3;76;68;69;;;;
2019/03/30;1200 UTC;0;975,4;975,5;974,9;;23,6;15,8;23,6;21,5;16,2;15,4;69;61;62;;;;
2019/03/30;1300 UTC;0;975,4;975,5;975,3;;25,7;16,3;25,8;23,5;16,7;15,5;62;55;56;;;;
2019/03/30;1400 UTC;0;975;975,4;975;;27,2;17,2;27,2;25,4;17,3;15,8;57;53;54;;;;
2019/03/30;1500 UTC;0;974,7;975;974,7;;28,2;16,8;29,1;26,9;18,5;16,4;56;49;50;;;;
2019/03/30;1600 UTC;0;973,6;974,7;973,6;;29,3;17,9;29,7;27,7;19;16,9;54;49;50;;;;
2019/03/30;1700 UTC;0;972,7;973,6;972,7;;30,7;17,2;30,9;28,8;19;17,2;53;44;45;;;;
2019/03/30;1800 UTC;0;971,6;972,7;971,6;;31,1;16,6;31,5;30;18,8;16,6;49;42;42;;;;
2019/03/30;1900 UTC;0;971,2;971,6;971,2;;31,1;17;32,1;30,9;18,4;15,3;46;38;43;;;;
2019/03/30;2000 UTC;0;971,1;971,2;971;;30,7;16,5;31,4;30,6;17,9;14,8;45;38;42;;;;
2019/03/30;2100 UTC;0;970,9;971,1;970,9;;28,6;15,9;30,9;28,6;16,5;13,9;46;37;46;;;;
2019/03/30;2200 UTC;0;970,9;971;970,9;;26,8;16;28,6;26,7;16;15,4;52;45;52;;;;
2019/03/30;2300 UTC;0;971,1;971,2;970,9;;26,2;15,8;27;26;16,1;15,8;54;51;53;;;;
2019/03/31;0000 UTC;0;971,4;971,4;971,1;;26,3;15,5;26,5;26,1;15,8;15,4;53;50;52;;;;
2019/03/31;0100 UTC;0;971,4;971,4;971,2;;25,4;15,6;26,3;25,4;15,7;15,4;55;52;55;;;;
2019/03/31;0200 UTC;0;971,4;971,5;971,4;;24,4;15,8;25,4;24,4;15,8;15,6;59;55;59;;;;
2019/03/31;0300 UTC;0;971,3;971,5;971,3;;23,4;15,9;24,4;23,4;15,9;15,8;63;59;63;;;;
2019/03/31;0400 UTC;0;971,1;971,3;971,1;;22,9;16;23,6;22,8;16;15,9;65;62;65;;;;
2019/03/31;0500 UTC;0;971,1;971,2;971,1;;22,5;15,8;23,3;22,5;15,9;15,8;66;64;66;;;;
2019/03/31;0600 UTC;0;970,2;971,1;970,2;;21,7;15,7;22,6;21,7;15,9;15,7;69;66;69;;;;
2019/03/31;0700 UTC;0;970,1;970,2;969,9;;21,5;15,5;22,1;21,5;15,8;15,4;69;67;69;;;;
2019/03/31;0800 UTC;0;970,2;970,3;970;;21,6;15,5;21,8;21,2;15,6;15,5;70;68;68;;;;
2019/03/31;0900 UTC;0;970,7;970,8;970,2;;21,4;15,5;21,6;21,2;15,5;15,5;70;68;69;;;;
2019/03/31;1000 UTC;0;971,3;971,4;970,7;;21;15,7;21,5;20,8;15,7;15,5;72;69;72;;;;
2019/03/31;1100 UTC;0;971,9;971,9;971,3;;22;16,3;22;21;16,3;15,7;72;69;70;;;;
2019/03/31;1200 UTC;0;972,4;972,4;971,9;;23,9;16,9;23,9;22;17,3;16,3;70;65;65;;;;
2019/03/31;1300 UTC;0;972,9;972,9;972,4;;24,9;17,4;25,4;23,8;17,9;16,9;66;61;63;;;;
2019/03/31;1400 UTC;0;972,5;972,8;972,5;;25,4;17,7;26,1;24,9;18,2;17,1;64;59;62;;;;
2019/03/31;1500 UTC;0;971,7;972,6;971,7;;26,4;18,2;26,7;25,4;18,7;17,7;64;59;61;;;;
2019/03/31;1600 UTC;0;971;971,7;971;;27,1;18,5;27,8;26,1;19,3;18;62;57;60;;;;
2019/03/31;1700 UTC;0;970,4;971,1;970,4;;28,7;18,5;28,9;27,1;19,7;17,9;61;53;54;;;;
2019/03/31;1800 UTC;0;969,8;970,5;969,8;;27,8;18,1;28,7;27,7;19;17,7;58;52;55;;;;
2019/03/31;1900 UTC;0;969,6;969,9;969,4;;28;18,6;29,8;27,5;19,9;17,8;59;52;57;;;;
2019/03/31;2000 UTC;0;969,7;969,7;969,3;;27,2;18,5;28,3;27,1;19,2;18,1;61;55;59;;;;
2019/03/31;2100 UTC;0;969,5;969,8;969,2;;25,8;19,2;27,3;25,8;19,5;18,9;67;59;67;;;;
2019/03/31;2200 UTC;0;969,8;969,9;969,5;;25,4;18,4;25,9;25,4;19,4;18,2;69;63;65;;;;
2019/03/31;2300 UTC;0;969,9;970;969,6;;25,4;17,8;25,7;25,1;18,6;17,7;67;62;63;;;;
2019/04/01;0000 UTC;0;970,5;970,5;969,8;;24,4;18,5;25,5;24;18,6;17,5;70;62;69;;;;
2019/04/01;0100 UTC;0;970,7;970,7;970,5;;23,6;18,3;24,7;23,4;18,7;18,1;73;67;72;;;;
2019/04/01;0200 UTC;0;970,8;970,9;970,6;;23,7;18,3;24,3;23,6;18,3;17,9;72;68;72;;;;
2019/04/01;0300 UTC;0;971,1;971,1;970,7;;22,8;19;23,9;22,8;20,4;18,4;82;72;79;;;;
2019/04/01;0400 UTC;0;970,6;971,2;970,6;;22,6;18,4;23,2;22,6;19;18,3;79;76;77;;;;
2019/04/01;0500 UTC;0;969,6;970,6;969,6;;23,1;18,3;23,3;22,6;18,5;18,1;77;73;74;;;;
2019/04/01;0600 UTC;0;969,1;969,6;968,8;;23,1;17,9;23,2;23;18,3;17,9;74;73;73;;;;
2019/04/01;0700 UTC;0;968,9;969,1;968,9;;22,8;17,6;23,2;22,2;18;17,5;76;71;72;;;;
2019/04/01;0800 UTC;0;969,1;969,2;968,9;;22,4;17,8;22,8;21,6;18,1;17,6;79;72;75;;;;
2019/04/01;0900 UTC;0;969,5;969,5;969,1;;22,4;17,5;22,8;22,4;17,7;17,5;75;72;74;;;;
2019/04/01;1000 UTC;0;969,7;969,9;969,5;;22,6;17,3;22,8;22,2;17,6;17,2;74;72;72;;;;
2019/04/01;1100 UTC;0;970;970;969,6;;22,6;17,6;22,6;22,3;17,6;17,2;74;72;74;;;;
2019/04/01;1200 UTC;0;970,5;970,6;970;;23,3;18,1;23,4;22,6;18,4;17,5;74;72;73;;;;
2019/04/01;1300 UTC;0;970,5;970,6;970,3;;24,5;17,6;24,6;23,3;18,8;17,5;74;65;65;;;;
2019/04/01;1400 UTC;0;970,4;970,6;970,3;;27;17,2;27,8;24,5;18,5;17,1;66;53;55;;;;
2019/04/01;1500 UTC;0;970,5;970,7;970,3;;28,2;17,4;28,2;26,9;18;16,8;57;52;52;;;;
2019/04/01;1600 UTC;0;970,6;970,8;970,5;;28;17,1;28,4;27,7;18,2;16,9;55;51;52;;;;
2019/04/01;1700 UTC;0;969,7;970,6;969,6;;29,2;17,8;30,2;27,9;19,2;17,4;55;48;50;;;;
2019/04/01;1800 UTC;0;969,3;969,7;969,3;;29,1;17,9;29,6;28,7;19;17,3;54;49;51;;;;
2019/04/01;1900 UTC;0;968,7;969,3;968,7;;28,9;18,4;29,2;28,6;18,8;17,5;55;50;53;;;;
2019/04/01;2000 UTC;0;968,1;968,7;968;;27,7;18,3;28,9;27,7;19,1;18;58;52;57;;;;
2019/04/01;2100 UTC;0;967,9;968,2;967,9;;26,8;18,2;27,9;26,8;19,6;18;61;57;59;;;;
2019/04/01;2200 UTC;0;968,3;968,3;967,9;;26;18,1;26,8;26;18,2;17,9;62;58;61;;;;
2019/04/01;2300 UTC;0;968,5;968,6;968,3;;25,2;18,2;26;25,1;18,2;18;66;61;65;;;;
2019/04/02;0000 UTC;0;969,3;969,3;968,5;;25,2;18;25,2;24,9;18,3;18;66;65;65;;;;
2019/04/02;0100 UTC;0;969,2;969,4;969,2;;25,4;17,3;25,6;25,2;18;17,3;64;61;61;;;;
2019/04/02;0200 UTC;0;969,2;969,4;969,2;;26;17;26;24,7;17,5;17;64;58;58;;;;
2019/04/02;0300 UTC;0;969,1;969,3;969,1;;24,6;17,7;26;24,6;17,7;16,9;65;58;65;;;;
2019/04/02;0400 UTC;0;969,3;969,4;969;;23,1;18,5;24,6;23;18,5;17,6;76;65;75;;;;
2019/04/02;0500 UTC;0;968,6;969,3;968,6;;24,9;17,4;24,9;23;18,6;17,3;76;63;63;;;;
2019/04/02;0600 UTC;0;968;968,6;968;;23,7;17,9;24,9;23,4;17,9;17,4;71;63;70;;;;
2019/04/02;0700 UTC;0;967,6;968;967,5;;24;17,3;24,1;23,6;17,9;17,2;70;65;67;;;;
2019/04/02;0800 UTC;0;968;968;967,6;;23,5;17,3;24;23,5;17,5;17,3;69;67;68;;;;
2019/04/02;0900 UTC;0;968,9;969;968;;23,4;17,3;23,7;22,7;18;17,1;75;67;68;;;;
2019/04/02;1000 UTC;0;969,4;969,4;968,8;;23,3;17,5;23,7;23,1;17,6;17,1;71;67;70;;;;
2019/04/02;1100 UTC;0;970,3;970,3;969,4;;23,6;17,7;23,6;23,3;17,7;17,5;70;69;70;;;;
2019/04/02;1200 UTC;0;970,6;970,6;970,2;;24,2;17,6;24,2;23,6;17,7;17,4;70;66;66;;;;
2019/04/02;1300 UTC;0;971;971;970,6;;25,4;17,7;25,5;24,2;18;17,4;67;63;63;;;;
2019/04/02;1400 UTC;0;971,3;971,3;971;;25,3;18,2;26,2;25,2;19;17,7;65;62;65;;;;
2019/04/02;1500 UTC;0;971,3;971,9;971,3;;24,3;18,7;25,4;24,2;19;18;73;65;71;;;;
2019/04/02;1600 UTC;0;970,3;971,3;970,3;;25,5;19,6;25,5;24,2;19,6;18,6;72;68;70;;;;
2019/04/02;1700 UTC;0;969,9;970,3;969,8;;25,6;18,9;26,5;25,5;19,9;18,7;70;64;66;;;;
2019/04/02;1800 UTC;0;969,9;970;969,9;;25,7;18,9;25,9;25,4;19,5;18,7;69;65;66;;;;
2019/04/02;1900 UTC;,6;969,8;970;969,7;;23,7;20,9;25,7;23,5;21,2;18,9;86;66;85;;;;
2019/04/02;2000 UTC;0;969,9;970;969,8;;22,9;21,1;23,7;22,9;21,1;20,5;89;84;89;;;;
2019/04/02;2100 UTC;,2;969,1;969,9;969;;22,9;20,6;22,9;22,6;21,3;20,6;93;87;87;;;;
2019/04/02;2200 UTC;0;969,1;969,2;968,9;;22,7;20,3;22,9;22,7;20,8;20,1;89;85;86;;;;
2019/04/02;2300 UTC;0;969;969,1;968,9;;22,6;18,9;22,9;22,6;20,7;18,9;89;79;80;;;;
2019/04/03;0000 UTC;0;969,7;969,7;969;;23;18,1;23;22,5;18,8;18,1;80;74;74;;;;
2019/04/03;0100 UTC;0;969,6;969,8;969,5;;22,8;18,1;23,1;22,7;18,1;18;75;73;75;;;;
2019/04/03;0200 UTC;0;969,4;969,6;969,3;;22,7;17,7;22,9;22,5;18,2;17,7;76;73;73;;;;
2019/04/03;0300 UTC;0;969,6;969,6;969,4;;22,6;17,7;22,8;22,6;17,7;17,5;74;72;74;;;;
2019/04/03;0400 UTC;0;969,4;969,6;969,4;;21,5;18,6;22,6;21,5;18,6;17,7;84;74;84;;;;
2019/04/03;0500 UTC;0;969,1;969,5;969,1;;21,6;19;21,7;21,2;19,2;18,6;88;82;85;;;;
2019/04/03;0600 UTC;0;968,8;969,1;968,8;;20,9;19,4;21,8;20,9;19,4;18,8;91;83;91;;;;
2019/04/03;0700 UTC;0;968,3;968,8;968,3;;21,5;18,3;21,5;20,9;19,4;18,3;91;82;82;;;;
2019/04/03;0800 UTC;0;968,7;968,7;968,1;;21,3;18,6;21,6;21,2;18,6;18,2;85;81;85;;;;
2019/04/03;0900 UTC;1,6;968,8;969;968,5;;20,7;19;21,3;20,5;19,1;18,6;92;85;90;;;;
2019/04/03;1000 UTC;0;969,2;969,2;968,8;;20,9;19,2;21;20,7;19,3;19;91;89;90;;;;
2019/04/03;1100 UTC;0;969,5;969,5;969,2;;21,3;19,6;21,3;20,7;19,7;19,2;92;90;90;;;;
2019/04/03;1200 UTC;0;970;970;969,5;;22,5;20;22,5;21,3;20,2;19,6;90;86;86;;;;
2019/04/03;1300 UTC;0;970,2;970,2;970;;22,7;20,6;22,9;22,3;20,7;19,9;89;86;88;;;;
2019/04/03;1400 UTC;0;969,8;970,2;969,8;;23,1;20,5;23,1;22,5;20,8;20,1;89;85;85;;;;
2019/04/03;1500 UTC;0;969,5;969,8;969,5;;24,8;21,1;24,8;23,1;21,7;20,5;87;79;80;;;;
2019/04/03;1600 UTC;0;968,8;969,5;968,7;;26,9;21,3;27,2;24,6;22,2;20,9;81;71;71;;;;
2019/04/03;1700 UTC;0;967,9;968,8;967,9;;27,8;20,9;28,4;26,4;21,9;19,7;73;64;66;;;;
2019/04/03;1800 UTC;0;966,8;967,9;966,8;;28,5;21,1;29;27,6;22,4;20,2;69;63;64;;;;
2019/04/03;1900 UTC;0;966,3;966,8;966,3;;27,8;20,1;29,5;27,8;22;20,1;66;61;63;;;;
2019/04/03;2000 UTC;0;966,1;966,3;966;;27,6;20,7;28,3;27,6;21,4;20,4;68;63;66;;;;
2019/04/03;2100 UTC;0;966;966,1;966;;26,3;20,9;27,6;26,3;21;20,5;72;66;72;;;;
2019/04/03;2200 UTC;0;965,9;966;965,8;;25,3;21,1;26,3;25,2;21,1;20,9;78;72;78;;;;
2019/04/03;2300 UTC;0;966;966;965,7;;24,7;20,7;25,3;24,7;21,1;20,7;79;77;79;;;;
2019/04/04;0000 UTC;0;966,3;966,3;965,9;;24,3;20,3;24,7;24,2;20,7;20,3;79;78;78;;;;
2019/04/04;0100 UTC;0;966,6;966,6;966,2;;24,3;20,4;24,3;24,1;20,4;20,1;79;78;79;;;;
2019/04/04;0200 UTC;0;966,6;966,7;966,5;;23,9;20,1;24,4;23,9;20,4;20,1;79;78;79;;;;
2019/04/04;0300 UTC;0;966,2;966,6;966,2;;23,5;20,4;24;23,2;20,4;20;84;79;83;;;;
2019/04/04;0400 UTC;0;965,8;966,2;965,8;;23,2;20,6;23,6;23,1;20,6;20,3;85;83;85;;;;
2019/04/04;0500 UTC;0;965,5;965,8;965,4;;23,3;20,6;23,4;23,1;20,6;20,4;86;84;85;;;;
2019/04/04;0600 UTC;0;965,2;965,5;965,1;;22,9;20,5;23,4;22,9;20,6;20,3;87;83;87;;;;
2019/04/04;0700 UTC;0;964,6;965,2;964,6;;22,6;20,1;22,9;22,6;20,6;20,1;87;86;86;;;;
2019/04/04;0800 UTC;0;964,4;964,6;964,3;;21,8;20,1;22,6;21,8;20,2;20;90;86;90;;;;
2019/04/04;0900 UTC;0;964,8;964,8;964,4;;22,1;20,5;22,1;21,8;20,5;20,1;91;90;91;;;;
2019/04/04;1000 UTC;0;965,1;965,1;964,7;;22,3;20,8;22,4;22,1;20,8;20,5;91;90;91;;;;
2019/04/04;1100 UTC;0;965,5;965,5;965,1;;23,6;21,9;23,6;22,3;21,9;20,8;92;89;90;;;;
2019/04/04;1200 UTC;0;966,2;966,2;965,5;;24,7;21,7;24,9;23,7;22,2;21,5;90;84;84;;;;
2019/04/04;1300 UTC;0;966,4;966,5;966,2;;25,4;21,8;25,7;24,7;22,3;21,8;85;80;80;;;;
2019/04/04;1400 UTC;0;965,9;966,4;965,9;;27,2;21,5;27,3;25,3;22,6;21;82;70;71;;;;
2019/04/04;1500 UTC;0;965,4;965,9;965,4;;27,9;19,6;29,8;26,8;22,1;19,6;73;58;61;;;;
2019/04/04;1600 UTC;0;964,6;965,4;964,6;;29,1;21;29,9;27,9;21,3;20,2;63;59;62;;;;
2019/04/04;1700 UTC;0;964,2;964,6;964,2;;29,5;21,5;30,2;28,9;22,1;20,6;64;60;62;;;;
2019/04/04;1800 UTC;0;963,3;964,3;963,3;;30,9;23,1;30,9;28,5;23,1;21,1;67;60;63;;;;
2019/04/04;1900 UTC;0;963;963,3;962,7;;29,1;21,4;31,3;28,3;22,9;20,9;66;59;63;;;;
2019/04/04;2000 UTC;,6;963;963,2;962,8;;27,4;22;29,1;26,6;23,3;21,2;78;63;73;;;;
2019/04/04;2100 UTC;2,4;963,4;963,4;962,9;;26,1;22,8;27,4;25,2;23,4;21,8;87;73;82;;;;
2019/04/04;2200 UTC;0;964,1;964,1;963,4;;25,6;22,5;26,1;25,6;22,8;22,5;84;82;83;;;;
2019/04/04;2300 UTC;0;964,8;964,8;964,1;;25,7;22,6;25,7;24,9;22,8;22,3;88;82;83;;;;
2019/04/05;0000 UTC;0;965,1;965,1;964,8;;25,4;22,4;25,7;25,4;22,6;22,2;83;82;83;;;;
2019/04/05;0100 UTC;0;965,4;965,5;965,1;;25,1;22,3;25,5;25;22,4;22,2;85;83;84;;;;
2019/04/05;0200 UTC;0;965,7;965,7;965,4;;24,3;21,5;25,1;24,3;22,2;21,5;86;83;84;;;;
2019/04/05;0300 UTC;0;965,2;965,7;965,2;;24,6;21,5;24,6;24,3;21,6;21,5;85;83;83;;;;
2019/04/05;0400 UTC;0;964,9;965,2;964,9;;23,8;21,3;24,7;23,8;21,5;21,3;86;82;86;;;;
2019/04/05;0500 UTC;0;964,1;964,9;963,9;;23,5;21,3;24;23,4;21,4;21,2;88;85;88;;;;
2019/04/05;0600 UTC;0;964,1;964,2;963,9;;24;21,6;24;23,5;21,6;21,3;88;86;87;;;;
2019/04/05;0700 UTC;0;963,3;964,4;963,1;;23,7;21,8;24,6;23,4;22;21,5;90;85;89;;;;
2019/04/05;0800 UTC;0;963,4;963,5;963,1;;23,6;21,9;23,9;23,6;22;21,8;91;89;91;;;;
2019/04/05;0900 UTC;0;963,9;963,9;963,2;;23,3;22;23,8;23,3;22;21,9;92;90;92;;;;
2019/04/05;1000 UTC;0;964,3;964,4;963,9;;23,3;22;23,4;23,2;22,1;22;93;92;92;;;;
2019/04/05;1100 UTC;0;965,1;965,1;964,3;;24;22,3;24;23,2;22,3;21,9;93;90;90;;;;
2019/04/05;1200 UTC;0;966,1;966,1;965,1;;25,2;22;25,3;24;22,4;21,8;90;82;83;;;;
2019/04/05;1300 UTC;,6;967,1;967,1;966,1;;24,4;22,6;25,3;24,4;22,6;22;90;83;90;;;;
2019/04/05;1400 UTC;2;967,8;968,1;967,1;;20,3;19,6;24,4;19,9;22,6;19,1;96;85;96;;;;
2019/04/05;1500 UTC;1,6;967,6;967,9;967,4;;20,3;19,5;20,5;20,1;19,8;19,3;96;95;95;;;;
2019/04/05;1600 UTC;,8;966,7;967,6;966,7;;21,4;20,3;21,6;20,3;20,6;19,4;95;93;93;;;;
2019/04/05;1700 UTC;,4;965,7;966,7;965,7;;21,2;20,3;21,5;20,9;20,5;19,8;95;92;95;;;;
2019/04/05;1800 UTC;,4;965,7;966;965,7;;22,4;21,2;22,4;21,2;21,2;20,2;95;92;93;;;;
2019/04/05;1900 UTC;,2;965,1;965,7;965,1;;23,5;21,6;23,5;21,8;21,8;20,4;94;88;89;;;;
2019/04/05;2000 UTC;,2;965,6;965,6;965,1;;22,5;20,8;24;22,5;22,2;20,6;91;86;90;;;;
2019/04/05;2100 UTC;0;966,2;966,2;965,6;;22;21,1;22,5;22;21,1;20,7;94;90;94;;;;
2019/04/05;2200 UTC;,2;966,9;966,9;966;;21,8;21,1;22;21,8;21,2;21,1;96;94;95;;;;
2019/04/05;2300 UTC;0;967,9;967,9;966,9;;21,5;20,7;21,9;21,4;21,1;20,6;95;94;95;;;;
2019/04/06;0000 UTC;0;968,4;968,4;967,8;;21,5;20,6;21,7;21,5;20,7;20,6;95;93;95;;;;
2019/04/06;0100 UTC;0;968,5;968,6;968,3;;21,3;20,4;21,5;21,3;20,7;20,4;95;94;95;;;;
2019/04/06;0200 UTC;0;969,1;969,1;968,5;;21,3;20,5;21,4;21,1;20,5;20,3;95;94;95;;;;
2019/04/06;0300 UTC;0;968,9;969,1;968,9;;20,7;19,7;21,3;20,7;20,5;19,6;95;93;94;;;;
2019/04/06;0400 UTC;0;969;969,1;968,9;;20,4;19,7;20,8;20,4;19,8;19,6;96;94;96;;;;
2019/04/06;0500 UTC;0;968,8;969,1;968,8;;20,1;19,4;20,5;20,1;19,7;19,4;96;94;95;;;;
2019/04/06;0600 UTC;0;968,7;968,8;968,5;;19,7;19;20,1;19,7;19,4;19;96;95;96;;;;
2019/04/06;0700 UTC;,2;968,4;968,8;968,4;;19,4;18,7;19,7;19,4;19;18,7;96;96;96;;;;
2019/04/06;0800 UTC;0;968,7;968,7;968,4;;19,1;18,6;19,4;19,1;18,7;18,6;97;96;97;;;;
2019/04/06;0900 UTC;0;969,3;969,3;968,7;;19,1;18,5;19,2;19,1;18,6;18,4;97;96;96;;;;
2019/04/06;1000 UTC;0;969,9;969,9;969,1;;19,2;18,6;19,2;19,1;18,6;18,5;96;96;96;;;;
2019/04/06;1100 UTC;0;970,4;970,4;969,8;;18,9;18,4;19,2;18,9;18,6;18,4;97;96;97;;;;
2019/04/06;1200 UTC;0;971,4;971,4;970,4;;19,1;18,7;19,1;18,7;18,8;18,4;98;97;98;;;;
2019/04/06;1300 UTC;0;971,6;971,8;971,4;;19,5;18,8;19,7;18,7;19,1;18,3;98;96;96;;;;
2019/04/06;1400 UTC;0;972;972;971,6;;19,7;18,8;19,8;19,5;19,2;18,7;96;94;94;;;;
2019/04/06;1500 UTC;0;972;972,2;971,9;;19,8;18,8;20;19,6;19,1;18,6;95;93;94;;;;
2019/04/06;1600 UTC;0;971,2;972;971,2;;20,2;19,6;20,2;19,6;19,6;18,7;96;94;96;;;;
2019/04/06;1700 UTC;0;970,6;971,2;970,6;;20,9;19,4;21,1;20,2;20,3;19,2;97;92;92;;;;
2019/04/06;1800 UTC;0;969,8;970,6;969,8;;21,2;20,2;21,2;20,6;20,2;19,2;94;91;94;;;;
2019/04/06;1900 UTC;0;969,6;969,8;969,6;;21,2;20,2;21,8;21,2;20,5;19,9;94;90;94;;;;
2019/04/06;2000 UTC;,2;969,8;969,8;969,5;;21,2;20,7;21,3;21;20,7;20,3;97;94;97;;;;
2019/04/06;2100 UTC;0;970,2;970,2;969,6;;20,1;19;21,7;20,1;20,9;18,9;97;92;93;;;;
2019/04/06;2200 UTC;0;970,4;970,6;970,2;;19,6;19;20,1;19,6;19,2;19;96;93;96;;;;
2019/04/06;2300 UTC;0;971,1;971,1;970,4;;19,7;18,9;19,7;19,6;19;18,9;96;96;96;;;;
2019/04/07;0000 UTC;0;972;972;971,1;;19,6;18,8;19,7;19,5;18,9;18,8;96;95;95;;;;
2019/04/07;0100 UTC;0;972,6;972,7;972;;19,5;18,4;19,7;19,5;18,8;18,4;95;93;93;;;;
2019/04/07;0200 UTC;0;972,3;972,6;972,3;;19,2;18,4;19,5;19,2;18,4;18,3;95;93;95;;;;
2019/04/07;0300 UTC;0;972,3;972,5;972,3;;19,3;18,3;19,4;19,2;18,4;18,2;95;93;94;;;;
2019/04/07;0400 UTC;0;972,1;972,3;972,1;;19,3;18,4;19,4;19,3;18,4;18,3;94;93;94;;;;
2019/04/07;0500 UTC;0;971,4;972,1;971,4;;19,3;18,5;19,4;19,2;18,5;18,4;96;94;95;;;;
2019/04/07;0600 UTC;,2;971,1;971,4;971,1;;19;18,4;19,3;19;18,7;18,4;97;95;97;;;;
2019/04/07;0700 UTC;0;970,9;971,1;970,9;;18,8;18,5;19;18,8;18,5;18,4;98;97;98;;;;
2019/04/07;0800 UTC;0;970,9;971;970,8;;18,6;18,3;18,8;18,6;18,5;18,3;98;98;98;;;;
2019/04/07;0900 UTC;0;971,2;971,2;970,8;;18,6;18,6;18,6;18,6;18,6;18,3;100;98;100;;;;
2019/04/07;1000 UTC;0;971,5;971,5;971,2;;18,6;18,6;18,6;18,5;18,6;18,5;100;100;100;;;;
2019/04/07;1100 UTC;0;972,1;972,1;971,5;;18,9;18,9;18,9;18,6;18,9;18,6;100;100;100;;;;
2019/04/07;1200 UTC;0;972,8;972,8;972,1;;20;20;20,1;18,9;20,1;18,9;100;100;100;;;;
2019/04/07;1300 UTC;0;973,4;973,4;972,8;;20,6;19,6;20,6;20;20,1;19,2;100;93;94;;;;
2019/04/07;1400 UTC;0;973,5;973,6;973,4;;21,1;19,3;21,2;20,5;19,8;18,8;94;88;89;;;;
2019/04/07;1500 UTC;0;973,4;973,6;973,4;;20,7;18,8;21,6;20,7;19,6;18,6;89;85;89;;;;
2019/04/07;1600 UTC;0;972,8;973,4;972,8;;21,7;18,8;21,8;20,7;19,3;18,5;89;84;84;;;;
2019/04/07;1700 UTC;0;972,4;972,9;972,4;;22,5;18,9;22,5;21,3;19,3;18,4;85;80;80;;;;
2019/04/07;1800 UTC;0;971,8;972,4;971,8;;22,1;19,1;23,6;21,7;19,4;18,4;84;75;83;;;;
2019/04/07;1900 UTC;0;971,6;971,8;971,5;;21,4;18,5;23,1;21,4;19,6;18,1;84;76;83;;;;
2019/04/07;2000 UTC;0;971,4;971,6;971,3;;22,3;18,5;22,7;21,4;19,1;18,2;84;77;79;;;;
2019/04/07;2100 UTC;0;971,2;971,5;971,2;;21,5;18,1;22,3;21,5;18,6;17,9;81;78;81;;;;
2019/04/07;2200 UTC;0;971,5;971,5;971,2;;21,1;18,4;21,5;21,1;18,4;18;85;81;84;;;;
2019/04/07;2300 UTC;0;972;972;971,5;;20;18,2;21,2;20;18,5;18,1;89;84;89;;;;
2019/04/08;0000 UTC;0;972,4;972,4;972;;19,5;18,3;20;19,1;18,3;17,8;93;89;93;;;;
2019/04/08;0100 UTC;0;972,6;972,7;972,4;;18,8;17,8;19,5;18,7;18,2;17,7;94;92;94;;;;
2019/04/08;0200 UTC;,2;972,4;972,6;972,4;;18,2;17,4;19;18,2;17,9;17,2;95;93;95;;;;
2019/04/08;0300 UTC;0;972,1;972,5;972,1;;18,2;17,5;18,4;18;17,9;17,3;97;95;96;;;;
2019/04/08;0400 UTC;0;971,9;972,1;971,9;;18,1;17,5;18,3;18;17,7;17,3;97;96;97;;;;
2019/04/08;0500 UTC;0;971,5;971,9;971,5;;17,1;16,9;18;17;17,4;16,6;99;96;99;;;;
2019/04/08;0600 UTC;0;971,1;971,5;971,1;;16,8;16,8;17,3;16,8;17,3;16,8;100;99;100;;;;
2019/04/08;0700 UTC;0;970,8;971,1;970,8;;17;17;17;16,7;17;16,7;100;100;100;;;;
2019/04/08;0800 UTC;0;970,5;970,9;970,5;;17;17;17,1;17;17,1;17;100;100;100;;;;
2019/04/08;0900 UTC;0;970,9;970,9;970,5;;17,4;17,4;17,4;16,9;17,4;16,9;100;100;100;;;;
2019/04/08;1000 UTC;0;971,3;971,3;970,9;;17,9;;17,9;17,4;17,9;17,5;100;100;;;;;
2019/04/08;1100 UTC;0;972,1;972,1;971,3;;18;;18,1;17,8;;;;;;;;;
2019/04/08;1200 UTC;0;972,6;972,6;972,1;;18,5;;18,5;18;;;;;;;;;
2019/04/08;1300 UTC;0;972,8;972,9;972,6;;20,5;20,3;20,6;18,5;;;;;99;;;;
2019/04/08;1400 UTC;0;972,9;972,9;972,8;;21,6;17,8;21,7;20,4;20,1;17,4;99;78;79;;;;
2019/04/08;1500 UTC;0;972,4;972,9;972,4;;22,9;17,4;23,8;21,6;19,1;17,4;80;70;71;;;;
2019/04/08;1600 UTC;0;971,7;972,4;971,7;;25,2;17,3;25,5;22,9;19,3;17;74;61;62;;;;
2019/04/08;1700 UTC;0;970,9;971,7;970,9;;26,9;18,8;26,9;24,8;19;16,7;65;55;61;;;;
2019/04/08;1800 UTC;0;970,2;970,9;970,2;;27;17,2;27,2;25,1;18,8;16,3;62;55;55;;;;
2019/04/08;1900 UTC;0;969,9;970,2;969,9;;25,4;17,2;27,5;25,3;18,6;15,9;61;53;61;;;;
2019/04/08;2000 UTC;0;970;970;969,8;;25,3;16,3;27;25;18,4;16,3;62;54;57;;;;
2019/04/08;2100 UTC;0;970,2;970,2;970;;23,9;16,5;25,3;23,9;17;16;64;57;63;;;;
2019/04/08;2200 UTC;0;970,3;970,3;970,2;;21,1;16,3;23,9;21,1;16,6;16,3;74;63;74;;;;
2019/04/08;2300 UTC;0;971;971;970,3;;19,8;16,7;21,1;19,8;16,8;16,3;82;74;82;;;;
2019/04/09;0000 UTC;0;971,5;971,5;971;;20,1;17,3;20,4;19,8;17,4;16,7;84;82;84;;;;
2019/04/09;0100 UTC;0;971,6;971,6;971,5;;20,1;17,7;20,2;19,6;17,8;17,1;87;84;86;;;;
2019/04/09;0200 UTC;0;971,6;971,6;971,5;;20;17,6;20,3;19,9;17,8;17,4;86;85;86;;;;
2019/04/09;0300 UTC;0;971,4;971,6;971,4;;19,3;17,5;20;19,2;17,8;17,4;90;86;90;;;;
2019/04/09;0400 UTC;0;971,1;971,4;971,1;;18,9;17,6;19,3;18,6;17,8;17,2;93;90;93;;;;
2019/04/09;0500 UTC;0;970,6;971,1;970,6;;18,5;17,5;18,9;18,4;17,8;17,3;94;92;94;;;;
2019/04/09;0600 UTC;0;970,1;970,6;970,1;;18,1;17,5;18,5;18,1;17,8;17,3;96;94;96;;;;
2019/04/09;0700 UTC;0;970,1;970,3;970;;18;17,7;18,3;17,7;17,9;17,1;98;96;98;;;;
2019/04/09;0800 UTC;0;970,1;970,1;970;;18,2;17,8;18,2;17,9;17,9;17,5;98;98;98;;;;
2019/04/09;0900 UTC;0;970,6;970,6;970,1;;17,9;17,2;18,4;17,9;17,9;17,2;98;96;96;;;;
2019/04/09;1000 UTC;0;971;971,1;970,6;;18,5;17,5;18,6;17,9;17,9;17,2;96;94;94;;;;
2019/04/09;1100 UTC;0;971,6;971,6;971;;19,8;18,4;19,8;18,5;18,5;17,5;94;91;92;;;;
2019/04/09;1200 UTC;0;972,3;972,3;971,6;;21,8;18,8;22,3;19,7;19,8;18,2;92;82;83;;;;
2019/04/09;1300 UTC;0;972,4;972,5;972,3;;23,9;18,9;23,9;21,5;19,4;18,4;85;74;74;;;;
2019/04/09;1400 UTC;0;972,3;972,5;972,3;;25;19,3;25,7;23,6;20;18,2;74;68;70;;;;
2019/04/09;1500 UTC;0;971,9;972,4;971,9;;26,3;19,4;27;24,4;20,4;18,4;72;64;66;;;;
2019/04/09;1600 UTC;0;971,1;971,9;971,1;;28,5;19;28,8;25,5;20,8;18,6;68;56;56;;;;
2019/04/09;1700 UTC;0;970,3;971,1;970,3;;29,3;18,5;30;27,3;20,7;17,4;60;52;52;;;;
2019/04/09;1800 UTC;0;969,5;970,3;969,5;;29,1;17,2;30,2;27,3;19,3;16,2;57;47;49;;;;
2019/04/09;1900 UTC;0;969;969,5;969;;27,9;18,3;29,5;27,4;19,1;16,2;56;47;56;;;;
2019/04/09;2000 UTC;0;968,9;969;968,9;;28,2;18;29,9;27,9;19;17,6;57;49;54;;;;
2019/04/09;2100 UTC;0;969;969;968,9;;27,1;18;28,7;27,1;19,2;17,8;59;53;58;;;;
2019/04/09;2200 UTC;0;969,1;969,1;969;;25,1;16,6;27,1;25;17,7;16,5;60;57;59;;;;
2019/04/09;2300 UTC;0;969,6;969,6;969,1;;25,4;16,3;25,4;24,8;16,7;16,2;60;57;57;;;;
2019/04/10;0000 UTC;0;970,3;970,3;969,6;;23,3;16,9;25,4;23,3;16,9;15,5;67;55;67;;;;
2019/04/10;0100 UTC;0;970,7;970,7;970,3;;24,4;17,9;24,6;23,3;18;16,9;67;63;67;;;;
2019/04/10;0200 UTC;0;970,8;970,9;970,7;;22,7;18;24,6;22,7;18,2;17,8;75;67;75;;;;
2019/04/10;0300 UTC;0;970,7;970,8;970,6;;21,9;17,8;22,7;21,9;18,1;17,8;78;75;78;;;;
2019/04/10;0400 UTC;0;970,7;970,7;970,6;;21,4;17,7;21,9;21,3;17,9;17,7;80;78;80;;;;
2019/04/10;0500 UTC;0;970,5;970,7;970,5;;21,1;17,4;21,6;21,1;17,7;17,4;80;78;80;;;;
2019/04/10;0600 UTC;0;970,4;970,5;970,4;;20,3;17,3;21,1;20,3;17,5;17,3;83;80;83;;;;
2019/04/10;0700 UTC;0;970,2;970,4;970,2;;19,9;17,3;20,4;19,8;17,5;17,2;85;83;85;;;;
2019/04/10;0800 UTC;0;970,4;970,4;970,2;;19,6;17,1;19,9;19,5;17,3;17;86;85;86;;;;
2019/04/10;0900 UTC;0;970,8;970,8;970,3;;19;16,8;19,7;19;17,1;16,7;87;85;87;;;;
2019/04/10;1000 UTC;0;971,3;971,3;970,7;;18,8;16,7;19,1;18,6;16,8;16,5;88;86;88;;;;
2019/04/10;1100 UTC;0;972;972;971,3;;20,3;16,8;20,3;18,7;17;16,7;88;81;81;;;;
2019/04/10;1200 UTC;0;972,4;972,4;972;;21,7;16,5;22,3;20,3;17,3;16,4;81;72;72;;;;
2019/04/10;1300 UTC;0;972,8;972,8;972,4;;23,6;17;23,8;21,7;17,6;16,5;73;66;66;;;;
2019/04/10;1400 UTC;0;972,9;973;972,8;;25,1;17,2;25,4;23,6;18,2;16,4;67;62;62;;;;
2019/04/10;1500 UTC;0;972,5;973;972,5;;25,7;17,5;25,8;24,3;17,9;16,7;64;60;61;;;;
2019/04/10;1600 UTC;0;971,9;972,5;971,9;;27,5;18;27,8;25,7;18,8;17,4;62;55;56;;;;
2019/04/10;1700 UTC;0;971,2;971,9;971,2;;28;17,7;28,5;26,6;18,4;16,8;58;51;54;;;;
2019/04/10;1800 UTC;0;970,6;971,2;970,6;;28,7;17,2;29,7;27,6;18,8;16,8;55;49;50;;;;
2019/04/10;1900 UTC;0;970,1;970,6;970,1;;27,5;16,1;30,1;27,5;18,1;15,7;52;46;50;;;;
2019/04/10;2000 UTC;0;970;970,2;970;;26,5;16,7;27,5;26,4;17,2;15,7;56;49;55;;;;
2019/04/10;2100 UTC;0;970,2;970,2;969,9;;26,8;16,5;28,9;26,2;18,2;15,6;59;48;53;;;;
2019/04/10;2200 UTC;0;970,2;970,3;970,1;;25;15,9;27;24,9;16,5;15,5;57;51;57;;;;
2019/04/10;2300 UTC;0;970,6;970,6;970,2;;24,4;16;25;24,3;16,3;15,9;60;57;60;;;;
2019/04/11;0000 UTC;0;971,1;971,1;970,6;;23,9;16,4;24,4;23,6;16,5;16;63;59;63;;;;
2019/04/11;0100 UTC;0;971,5;971,5;971,1;;22,7;16,8;23,9;22,7;16,8;16,4;69;63;69;;;;
2019/04/11;0200 UTC;0;971,5;971,6;971,5;;22,1;16,8;22,9;22,1;17;16,8;72;69;72;;;;
2019/04/11;0300 UTC;0;971,7;971,7;971,4;;21,8;16,7;22,4;21,8;17;16,7;73;71;73;;;;
2019/04/11;0400 UTC;0;971,6;971,8;971,6;;21,1;16,7;21,9;21,1;17;16,7;76;73;76;;;;
2019/04/11;0500 UTC;0;971,2;971,6;971,2;;20,9;17;21,1;20,5;17;16,7;79;76;79;;;;
2019/04/11;0600 UTC;0;970,9;971,2;970,9;;20,3;16,8;20,9;20,3;17;16,7;80;78;80;;;;
2019/04/11;0700 UTC;0;970,8;970,9;970,8;;20,1;16,6;20,4;20;16,8;16,5;81;80;80;;;;
2019/04/11;0800 UTC;0;971;971,1;970,8;;19,7;16,5;20,4;19,7;16,8;16,4;82;79;82;;;;
2019/04/11;0900 UTC;0;971,6;971,6;971;;19,6;16,5;19,8;19,5;16,6;16,4;83;82;83;;;;
2019/04/11;1000 UTC;0;972,2;972,2;971,6;;19,2;16,6;19,6;18,9;16,7;16,2;86;83;85;;;;
2019/04/11;1100 UTC;0;973;973;972,2;;20,9;17,1;20,9;19,1;17,4;16,5;85;79;79;;;;
2019/04/11;1200 UTC;0;973,4;973,4;973,1;;22,3;16,8;22,4;20,9;17,5;16,5;79;70;71;;;;
2019/04/11;1300 UTC;0;973,5;973,6;973,4;;24,1;16,4;24,6;22,3;17,6;16,2;72;61;62;;;;
2019/04/11;1400 UTC;0;973,3;973,6;973,3;;26,4;16,4;26,5;24,1;17,5;15,9;64;54;54;;;;
2019/04/11;1500 UTC;0;972,8;973,3;972,8;;27,7;16,8;28;26,1;18,3;16,1;58;50;51;;;;
2019/04/11;1600 UTC;0;971,8;972,8;971,8;;28,8;15,6;29,5;27,4;18,1;15,6;54;45;45;;;;
2019/04/11;1700 UTC;0;970,9;971,8;970,9;;29,5;16,4;30;28,4;17,3;15,1;48;42;45;;;;
2019/04/11;1800 UTC;0;970,5;971;970,5;;30,1;16,1;31;28,9;17,5;15,1;47;42;43;;;;
2019/04/11;1900 UTC;0;970,3;970,5;970,3;;29;17,1;30,2;28,5;18,2;15,3;50;41;49;;;;
2019/04/11;2000 UTC;0;970,3;970,3;970,2;;27,5;16,8;29,2;27,5;17,8;16,2;53;47;52;;;;
2019/04/11;2100 UTC;0;970,2;970,3;970,1;;26,2;17,2;28,5;26,2;17,9;16,4;58;49;58;;;;
2019/04/11;2200 UTC;0;970,3;970,3;970,1;;24,3;17,3;26,2;24,2;17,4;16,9;65;58;65;;;;
2019/04/11;2300 UTC;0;970,6;970,6;970,3;;23,7;16,9;24,3;23,7;17,3;16,9;66;65;66;;;;
2019/04/12;0000 UTC;0;971,1;971,1;970,6;;22,5;16,9;23,9;22,5;17,1;16,7;70;65;70;;;;
2019/04/12;0100 UTC;0;971,2;971,3;971,1;;22,9;17,4;23,2;22,5;17,4;16,9;71;69;71;;;;
2019/04/12;0200 UTC;0;971;971,3;971;;22,6;17,8;22,9;21,9;17,9;17,2;76;71;74;;;;
2019/04/12;0300 UTC;0;970,7;971,1;970,6;;22,2;17,4;22,7;22,1;17,8;17,2;74;73;74;;;;
2019/04/12;0400 UTC;0;970,3;970,7;970,3;;21,5;17,5;22,3;21,4;17,7;17,3;78;74;78;;;;
2019/04/12;0500 UTC;0;970,2;970,4;970,2;;21,7;17,4;21,7;21,4;17,6;17,2;78;77;77;;;;
2019/04/12;0600 UTC;0;970;970,2;970;;21,2;17,2;21,8;20,9;17,4;16,8;78;75;78;;;;
2019/04/12;0700 UTC;0;969,6;970;969,6;;20,9;17,4;21,2;20,8;17,6;17;80;78;80;;;;
2019/04/12;0800 UTC;0;969,8;969,8;969,6;;19,6;17,1;21;19,4;17,5;16,5;86;80;86;;;;
2019/04/12;0900 UTC;0;970,2;970,2;969,8;;18,1;16,9;19,6;17,9;17;16,1;93;85;93;;;;
2019/04/12;1000 UTC;0;970,8;970,8;970,2;;19,7;17,8;19,7;18,1;17,8;17;93;89;89;;;;
2019/04/12;1100 UTC;0;971,6;971,6;970,8;;21,8;18,9;21,9;19,7;19,1;17,7;89;83;84;;;;
2019/04/12;1200 UTC;0;972,1;972,1;971,6;;22,4;19,1;22,4;20,9;19,1;17,8;85;80;81;;;;
2019/04/12;1300 UTC;0;972,6;972,6;972,1;;25,7;18,7;26,1;22,4;19,9;18,6;82;65;65;;;;
2019/04/12;1400 UTC;0;972;972,6;972;;27,8;17;28,7;25,7;20,2;17;67;52;52;;;;
2019/04/12;1500 UTC;0;971,2;972,1;971,2;;29,4;16,9;30,1;27,8;18,4;16,2;55;44;47;;;;
2019/04/12;1600 UTC;0;970,4;971,2;970,4;;29,7;15,7;30,8;29,1;17,6;15,3;49;41;43;;;;
2019/04/12;1700 UTC;0;969,7;970,4;969,7;;30,8;15,7;31,1;29,7;17;13,7;44;36;40;;;;
2019/04/12;1800 UTC;0;968,9;969,7;968,9;;31;16,2;31,6;30,1;17;13,3;44;35;41;;;;
2019/04/12;1900 UTC;0;968,6;968,9;968,6;;31,3;16,2;31,3;30;16,8;14,9;44;38;40;;;;
2019/04/12;2000 UTC;0;968,3;968,6;968,3;;29;16,4;31,7;28,6;17,4;15,7;49;39;46;;;;
2019/04/12;2100 UTC;0;968,3;968,3;968,2;;27;16,9;29,1;26,9;17,7;16,3;56;46;54;;;;
2019/04/12;2200 UTC;0;968,2;968,3;968,2;;26,1;16,8;27;25,7;17,2;16,5;58;53;57;;;;
2019/04/12;2300 UTC;0;968,5;968,5;968,1;;26,1;16,7;26,4;25,6;17;16,5;58;56;56;;;;
2019/04/13;0000 UTC;0;969,1;969,1;968,5;;26,1;16;26,1;25,8;16,6;15,9;56;54;54;;;;
2019/04/13;0100 UTC;0;969,3;969,4;969,1;;25,4;16,1;26,1;24,8;16,2;15,7;58;54;56;;;;
2019/04/13;0200 UTC;0;969,4;969,5;969,3;;23,9;16,2;25,5;23,9;16,4;15,6;62;55;62;;;;
2019/04/13;0300 UTC;0;969,2;969,4;969,2;;23,5;16,9;24,2;23,4;16,9;16,2;66;62;66;;;;
2019/04/13;0400 UTC;0;969;969,2;969;;22;16,7;23,6;22;17,1;16,3;72;66;72;;;;
2019/04/13;0500 UTC;0;968,6;969;968,6;;21,9;16,9;22;20,7;17,3;16,4;78;72;73;;;;
2019/04/13;0600 UTC;0;968,6;968,8;968,6;;22,1;16,2;22,1;21,4;16,9;16,2;74;69;69;;;;
2019/04/13;0700 UTC;0;968,3;968,6;968,3;;21,8;16,1;22,3;21,7;16,2;15,9;70;67;70;;;;
2019/04/13;0800 UTC;0;968,3;968,5;968,3;;21,4;16,5;22;21,3;16,5;16,1;74;70;74;;;;
2019/04/13;0900 UTC;0;968,7;968,7;968,3;;21,2;16,6;21,4;21;16,6;16,4;76;73;75;;;;
2019/04/13;1000 UTC;0;969,1;969,1;968,7;;21;16,8;21,3;20,6;16,8;16,4;77;75;77;;;;
2019/04/13;1100 UTC;0;969,7;969,7;969,1;;22,7;17,5;22,7;20,9;17,7;16,7;77;72;72;;;;
2019/04/13;1200 UTC;0;969,9;970;969,7;;24,7;17,5;24,7;22,7;17,9;17,1;72;64;64;;;;
2019/04/13;1300 UTC;0;970,4;970,4;969,9;;26,7;16,8;26,7;24,5;17,7;16,7;65;54;54;;;;
2019/04/13;1400 UTC;0;970,3;970,5;970,3;;28,1;17,1;28,5;26,5;17,8;16,3;57;49;51;;;;
2019/04/13;1500 UTC;0;969,7;970,3;969,7;;29,7;17,4;30,4;27,9;19,3;16,7;53;48;48;;;;
2019/04/13;1600 UTC;0;969,1;969,7;969,1;;30,3;18,2;30,5;29,1;18,7;17,1;51;47;48;;;;
2019/04/13;1700 UTC;0;968,3;969,1;968,3;;30,1;18,3;31,7;29,9;19,2;17,6;50;44;49;;;;
2019/04/13;1800 UTC;0;967,5;968,3;967,5;;30,1;19;30,7;29,6;19,6;17,9;52;48;51;;;;
2019/04/13;1900 UTC;0;967;967,6;967;;30;19,2;30,9;29,6;20,3;18,2;54;49;52;;;;
2019/04/13;2000 UTC;0;966,8;967;966,7;;26,9;20,7;30,5;26,8;20,8;19,2;70;53;69;;;;
2019/04/13;2100 UTC;,2;966,8;966,9;966,7;;26,6;21,1;26,9;26,4;22,2;20,9;77;69;72;;;;
2019/04/13;2200 UTC;0;967,2;967,2;966,8;;26,7;20,7;26,7;26,2;21,3;20,3;74;68;70;;;;
2019/04/13;2300 UTC;0;967,7;967,7;967,2;;26,2;20,4;26,7;25,8;20,9;20,4;73;70;71;;;;
2019/04/14;0000 UTC;0;968,3;968,3;967,7;;25,1;19,9;26,3;25,1;20,4;19,7;73;68;73;;;;
2019/04/14;0100 UTC;0;969,2;969,2;968,3;;24,7;19,7;25,1;24,7;19,9;19,5;74;72;74;;;;
2019/04/14;0200 UTC;0;969,2;969,3;969,2;;24,2;19,3;24,7;24,2;19,7;19,3;75;73;74;;;;
2019/04/14;0300 UTC;0;969,2;969,4;969,1;;23,1;19,1;24,2;23,1;19,4;19,1;78;74;78;;;;
2019/04/14;0400 UTC;0;968,9;969,2;968,8;;22,4;19,4;23,1;22,4;19,7;19,1;83;78;83;;;;
2019/04/14;0500 UTC;0;968,7;969;968,7;;22,4;19,9;22,6;22,3;19,9;19,4;86;83;86;;;;
2019/04/14;0600 UTC;0;968,3;968,8;968,3;;22;20,4;22,4;21,9;20,4;19,9;91;86;91;;;;
2019/04/14;0700 UTC;0;968,1;968,3;968,1;;22,4;21;22,5;21,8;21,1;20,4;93;91;92;;;;
2019/04/14;0800 UTC;0;968;968,1;967,9;;21,9;20,7;22,4;21,9;21;20,6;92;91;92;;;;
2019/04/14;0900 UTC;0;969,1;969,1;968;;22,3;20,3;22,3;21,8;20,8;20,3;93;89;89;;;;
2019/04/14;1000 UTC;0;969,4;969,5;969,1;;22,2;20,1;22,4;22,2;20,3;20,1;89;87;88;;;;
2019/04/14;1100 UTC;0;970,1;970,1;969,4;;22,6;20,4;22,6;22,2;20,5;20,1;88;87;88;;;;
2019/04/14;1200 UTC;0;970,6;970,6;970,1;;23,5;21;23,5;22,6;21;20,4;88;86;86;;;;
2019/04/14;1300 UTC;0;971,3;971,3;970,6;;25,2;21,2;25,2;23,5;21,3;20,4;86;78;78;;;;
2019/04/14;1400 UTC;0;971,3;971,4;971,3;;26,8;21,4;27,5;25;22,5;20,6;78;70;73;;;;
2019/04/14;1500 UTC;0;970,7;971,3;970,7;;27,7;21,4;28,1;26,2;22;20,7;73;67;68;;;;
2019/04/14;1600 UTC;0;970,1;970,7;970,1;;27,6;21,2;28,7;27,3;22,1;20,7;69;65;68;;;;
2019/04/14;1700 UTC;0;969,4;970,1;969,4;;28,6;21,1;29,6;27,6;22,3;20,8;69;62;64;;;;
2019/04/14;1800 UTC;0;969;969,4;969;;29,6;21,8;30,2;28,5;22,7;20,4;65;60;63;;;;
2019/04/14;1900 UTC;0;968,4;969;968,3;;26,9;23,2;29,6;25,1;23,7;20,9;85;62;80;;;;
2019/04/14;2000 UTC;0;968,2;968,4;968,1;;27,8;21;29,2;27;23,4;20,6;80;62;67;;;;
2019/04/14;2100 UTC;0;968,5;968,5;968,2;;26;20,8;27,8;26;21,4;20,7;73;66;73;;;;
2019/04/14;2200 UTC;0;969;969;968,5;;24,9;19,6;26;24,8;20,8;19,5;74;71;73;;;;
2019/04/14;2300 UTC;0;969,8;969,8;969;;24,3;20,6;24,9;24,2;20,6;19,7;80;73;80;;;;
2019/04/15;0000 UTC;0;970,4;970,4;969,8;;23,6;20,1;24,3;23,5;20,6;20,1;83;80;81;;;;
2019/04/15;0100 UTC;0;970,7;970,7;970,4;;23,5;19,5;23,8;23,4;20,1;19,5;81;78;78;;;;
2019/04/15;0200 UTC;0;970,7;970,9;970,6;;23,8;20,1;23,9;23,5;20,2;19,5;80;78;80;;;;
2019/04/15;0300 UTC;0;970,8;970,8;970,6;;23,3;20,1;23,8;23,3;20,3;20;82;80;82;;;;
2019/04/15;0400 UTC;0;970,9;970,9;970,8;;22,9;20,1;23,3;22,9;20,3;19,9;84;82;84;;;;
2019/04/15;0500 UTC;0;970,8;971;970,7;;23,3;20,2;23,6;22,9;20,5;20,1;85;83;83;;;;
2019/04/15;0600 UTC;0;970,8;970,8;970,7;;23,2;20,5;23,3;22,9;20,6;20;85;83;85;;;;
2019/04/15;0700 UTC;0;970,6;970,8;970,5;;22,9;20,4;23,3;22,9;20,5;20,3;86;84;86;;;;
2019/04/15;0800 UTC;0;970,8;970,8;970,5;;22,7;20,4;23;22,6;20,4;20,3;87;86;87;;;;
2019/04/15;0900 UTC;0;970,9;970,9;970,7;;22,1;20,3;22,7;22;20,4;20,2;90;87;90;;;;
2019/04/15;1000 UTC;0;971,3;971,3;970,9;;21,9;20,3;22,1;21,9;20,3;20,2;91;90;91;;;;
2019/04/15;1100 UTC;0;972,1;972,1;971,3;;23,7;20,7;23,7;21,9;21;20,3;91;84;84;;;;
2019/04/15;1200 UTC;0;972,8;972,9;972,1;;25,8;21,1;26;23,7;21,7;20,5;84;75;75;;;;
2019/04/15;1300 UTC;0;972,9;973;972,8;;27,4;20,1;27,4;25,5;21,2;19,2;75;64;64;;;;
2019/04/15;1400 UTC;0;972,5;973;972,5;;28,7;19,9;28,7;27;20,3;18,9;64;58;59;;;;
2019/04/15;1500 UTC;0;971,9;972,5;971,9;;29,3;19,7;30,1;28,4;20,9;18,8;60;55;56;;;;
2019/04/15;1600 UTC;0;971,2;972;971,2;;29;19,3;31;28,3;21,7;19,1;61;53;56;;;;
2019/04/15;1700 UTC;0;970,3;971,2;970,3;;31,1;20,8;32;29;21,3;18,9;58;50;54;;;;
2019/04/15;1800 UTC;0;969,6;970,3;969,6;;31,3;19,1;33;30,8;21,3;19;54;46;48;;;;
2019/04/15;1900 UTC;0;969,3;969,6;969,2;;31,5;19,2;32;30,9;20,6;18,4;52;46;48;;;;
2019/04/15;2000 UTC;0;968,9;969,3;968,9;;30,8;19,9;31,7;30,4;20,8;18,6;54;47;52;;;;
2019/04/15;2100 UTC;0;969;969;968,9;;29,6;19,3;31,3;29,4;20,7;18,8;56;52;54;;;;
2019/04/15;2200 UTC;0;969,4;969,4;969;;27,7;19,5;29,6;27,4;19,6;18,8;61;53;61;;;;
2019/04/15;2300 UTC;0;970,4;970,4;969,4;;27,2;19,6;27,8;27,1;19,7;19,1;63;61;63;;;;
2019/04/16;0000 UTC;0;971;971,1;970,4;;26,3;19,1;27,2;25,7;19,8;18,5;67;63;65;;;;
2019/04/16;0100 UTC;0;971,3;971,3;971;;24,9;19,7;26,5;24,4;19,8;18,7;74;65;73;;;;
2019/04/16;0200 UTC;0;971,6;971,7;971,3;;24,6;19,6;25,4;23,7;19,8;18,8;75;70;74;;;;
2019/04/16;0300 UTC;0;971,7;971,8;971,5;;24,8;18,9;25,1;24,6;19,7;18,9;74;70;70;;;;
2019/04/16;0400 UTC;0;971,5;971,8;971,5;;24,5;18,6;25,2;24,3;18,9;18,3;70;67;69;;;;
2019/04/16;0500 UTC;0;971,2;971,5;971;;24;18,3;24,6;23,9;18,6;18,2;71;69;70;;;;
2019/04/16;0600 UTC;0;971;971,3;970,9;;23,9;18,7;24,2;22,9;18,8;18,1;75;70;73;;;;
2019/04/16;0700 UTC;0;970,7;971;970,6;;24,4;18,8;24,5;22,7;19,1;18;75;71;71;;;;
2019/04/16;0800 UTC;0;970,3;970,9;970,2;;22,7;19;24,4;22,6;19,1;18,4;80;71;80;;;;
2019/04/16;0900 UTC;0;970,2;970,4;970;;22,7;19,2;22,7;22,1;19,3;18,8;83;80;81;;;;
2019/04/16;1000 UTC;0;970,8;970,9;970,2;;22,3;19,5;22,7;21,5;19,5;18,7;87;81;84;;;;
2019/04/16;1100 UTC;0;971,6;971,6;970,8;;23,1;19,5;23,1;22,2;19,6;19,3;84;80;80;;;;
2019/04/16;1200 UTC;0;971,9;972;971,6;;25;19,8;25;23,1;19,9;19,4;80;72;73;;;;
2019/04/16;1300 UTC;0;972,2;972,2;971,9;;27,5;20,6;27,6;24,9;21,3;19,4;73;66;66;;;;
2019/04/16;1400 UTC;0;972,1;972,2;971,9;;27,8;20,7;28,5;27;21;19,7;67;61;65;;;;
2019/04/16;1500 UTC;0;972;972,2;972;;28,8;21,1;29,4;27,8;21,6;19,8;65;59;63;;;;
2019/04/16;1600 UTC;0;971;972;970,9;;30,8;20,6;30,8;28,5;21,6;19,9;64;54;55;;;;
2019/04/16;1700 UTC;0;969,9;971;969,9;;30;19,4;31,2;29;21;18,6;57;51;53;;;;
2019/04/16;1800 UTC;0;968,9;969,9;968,9;;30,1;19,8;31,8;29,7;20,5;18,6;55;48;54;;;;
2019/04/16;1900 UTC;0;968,2;968,9;968,2;;28,4;19,8;30,1;28,4;20;18,9;60;52;60;;;;
2019/04/16;2000 UTC;0;968;968,2;967,9;;28,2;20,5;28,7;28,2;20,7;19,6;63;59;63;;;;
2019/04/16;2100 UTC;0;968;968;967,9;;26,5;21,1;28,3;26,5;21,2;20,4;72;63;72;;;;
2019/04/16;2200 UTC;0;968,1;968,1;968;;24,4;21;26,5;24,4;21,1;20,6;81;72;81;;;;
2019/04/16;2300 UTC;0;968,5;968,5;968,1;;24,3;21,4;24,4;23,8;21,4;20,8;85;81;84;;;;
2019/04/17;0000 UTC;0;969,1;969,1;968,5;;24,5;20,9;24,5;23,8;21,4;20,8;84;81;81;;;;
2019/04/17;0100 UTC;0;969,6;969,6;969,1;;23,2;20,5;24,5;23,2;20,9;20,4;84;80;84;;;;
2019/04/17;0200 UTC;0;970;970;969,6;;22,6;20;23,2;22,5;20,5;19,9;85;84;85;;;;
2019/04/17;0300 UTC;0;969,9;970;969,9;;21,9;20;22,6;21,6;20;19,6;89;85;89;;;;
2019/04/17;0400 UTC;0;969,3;969,9;969,3;;21,2;19,7;22;20,7;20,1;19,2;92;88;91;;;;
2019/04/17;0500 UTC;0;969;969,3;968,8;;20;18,8;21,3;20;19,7;18,8;93;90;93;;;;
2019/04/17;0600 UTC;0;968,8;969;968,8;;19,5;18,8;20;19,3;19;18,4;96;93;96;;;;
2019/04/17;0700 UTC;0;968,6;968,8;968,6;;19,4;18,7;19,7;19,4;19;18,7;96;95;96;;;;
2019/04/17;0800 UTC;0;968,4;968,6;968,4;;19,6;19,2;19,6;18,8;19,2;18;98;95;98;;;;
2019/04/17;0900 UTC;0;968,5;968,6;968,3;;19,3;19;19,6;19,3;19,2;19;98;98;98;;;;
2019/04/17;1000 UTC;,2;969,3;969,3;968,5;;18,8;18,8;19,3;18,8;19,3;18,8;100;98;100;;;;
2019/04/17;1100 UTC;0;969,9;969,9;969,3;;19,1;19,1;19,3;18,8;19,3;18,8;100;100;100;;;;
2019/04/17;1200 UTC;0;970,8;970,8;969,9;;20,3;20,3;20,5;19;20,5;19;100;100;100;;;;
2019/04/17;1300 UTC;0;971,2;971,2;970,7;;23,4;20,4;23,5;20,3;22,6;20,1;100;83;84;;;;
2019/04/17;1400 UTC;0;971,2;971,4;971,2;;26,5;19,1;26,6;23,4;20,9;18,7;84;64;64;;;;
2019/04/17;1500 UTC;0;970,6;971,2;970,6;;27,8;17;28,6;26,5;20,1;16,9;64;51;52;;;;
2019/04/17;1600 UTC;0;969,8;970,6;969,8;;29,1;17,1;30;27,8;18,5;16,2;54;45;48;;;;
2019/04/17;1700 UTC;0;968,9;969,8;968,9;;29,7;15,7;30,5;28,7;19,1;15,3;55;41;43;;;;
2019/04/17;1800 UTC;0;968,3;968,9;968,3;;30,1;16,2;30,7;29,4;19,6;15,8;53;42;43;;;;
2019/04/17;1900 UTC;0;967,8;968,3;967,8;;29,7;10,3;30,4;29,5;16,5;10,3;44;30;30;;;;
2019/04/17;2000 UTC;0;967,7;967,8;967,6;;28,4;11,5;29,7;28,4;14,5;9,2;40;29;35;;;;
2019/04/17;2100 UTC;0;968,1;968,1;967,7;;25,2;15;28,5;25,2;15;11,8;53;35;53;;;;
2019/04/17;2200 UTC;0;968,4;968,4;968,1;;23,1;13,8;25,2;23,1;15,2;13,8;57;53;56;;;;
2019/04/17;2300 UTC;0;968,9;968,9;968,4;;23,2;13,5;23,3;22,7;13,9;12,9;57;53;54;;;;
2019/04/18;0000 UTC;0;969,4;969,4;968,8;;22,7;15;23,2;22,6;15;13,4;62;54;62;;;;
2019/04/18;0100 UTC;0;969,6;969,6;969,4;;22,3;14,1;22,8;22,3;15,3;14,1;63;59;60;;;;
2019/04/18;0200 UTC;0;969,7;969,9;969,6;;21,5;14,2;22,4;21,3;14,2;13,5;63;59;63;;;;
2019/04/18;0300 UTC;0;969,7;969,7;969,6;;20,4;14;21,5;20,3;14,3;13,9;67;63;67;;;;
2019/04/18;0400 UTC;0;969,6;969,7;969,5;;19,9;13,9;20,5;19,8;14,1;13,8;68;67;68;;;;
2019/04/18;0500 UTC;0;969;969,6;969;;19,7;14,2;20,1;19;14,2;13,8;73;68;71;;;;
2019/04/18;0600 UTC;0;968,7;969;968,7;;18,9;13,8;19,7;18,5;14,2;13,3;72;69;72;;;;
2019/04/18;0700 UTC;0;968,5;968,7;968,4;;17,7;14;18,8;17;14,1;13,3;80;72;79;;;;
2019/04/18;0800 UTC;0;968,6;968,7;968,5;;16,6;13,8;17,8;16,5;14,1;13,6;84;79;84;;;;
2019/04/18;0900 UTC;0;968,9;968,9;968,6;;17,4;14,4;17,6;16,6;14,7;13,9;84;83;83;;;;
2019/04/18;1000 UTC;0;969,5;969,5;968,9;;17;14,2;17,5;17;14,5;14;83;82;83;;;;
2019/04/18;1100 UTC;0;970,1;970,1;969,5;;20;15,5;20;17;15,6;14,3;84;75;75;;;;
2019/04/18;1200 UTC;0;970,8;970,8;970,1;;23,8;15,2;23,9;20;16,5;14,8;76;58;58;;;;
2019/04/18;1300 UTC;0;971,1;971,1;970,8;;25,7;15,1;26,2;23,7;16,4;14,5;59;52;52;;;;
2019/04/18;1400 UTC;0;971,3;971,4;971,1;;28,6;15,5;28,6;25,5;16,4;13,7;53;43;45;;;;
2019/04/18;1500 UTC;0;970,7;971,3;970,7;;29,4;12,8;29,9;28,4;15,3;10,9;45;32;36;;;;
2019/04/18;1600 UTC;0;969,5;970,7;969,5;;30,2;14,7;30,5;28,9;15,3;12,2;41;33;39;;;;
2019/04/18;1700 UTC;0;968,5;969,5;968,5;;31,2;15,2;31,6;30,1;16,2;14;42;35;38;;;;
2019/04/18;1800 UTC;0;967,8;968,5;967,8;;32,1;15,9;32,2;31;16,5;14,9;40;37;38;;;;
2019/04/18;1900 UTC;0;967,3;967,8;967,2;;30,9;14,3;32,5;30,9;16,2;14,1;39;35;37;;;;
2019/04/18;2000 UTC;0;967,4;967,5;967,3;;30,3;14,4;31,5;30,3;15,3;13,2;38;34;38;;;;
2019/04/18;2100 UTC;0;967,5;967,6;967,4;;27,4;14,8;30,4;27,3;14,9;12,7;46;34;46;;;;
2019/04/18;2200 UTC;0;968;968;967,5;;25,6;15,5;27,4;25,6;16,2;14,6;55;46;54;;;;
2019/04/18;2300 UTC;0;968,3;968,3;967,9;;24,8;13,7;25,6;24,7;15,5;13,7;54;50;50;;;;
2019/04/19;0000 UTC;0;968,8;968,8;968,3;;25,1;12,7;25,2;24,1;13,6;11,7;50;44;46;;;;
2019/04/19;0100 UTC;0;969;969;968,8;;24,7;13;25,3;24,6;13,2;12,7;48;46;48;;;;
2019/04/19;0200 UTC;0;968,8;969;968,8;;25,7;11,5;25,7;24,7;13,2;11,5;48;41;41;;;;
2019/04/19;0300 UTC;0;968,7;968,8;968,7;;24,6;11,4;25,7;24,6;11,5;11;44;41;44;;;;
2019/04/19;0400 UTC;0;968,6;968,8;968,6;;24,2;12,6;24,6;24;12,8;11,5;49;44;48;;;;
2019/04/19;0500 UTC;0;968,5;968,6;968,4;;24;12,6;24,5;23,8;12,7;12;50;46;49;;;;
2019/04/19;0600 UTC;0;968,5;968,6;968,4;;22,7;13,9;24;22,7;13,9;12,6;58;49;57;;;;
2019/04/19;0700 UTC;0;968,3;968,5;968,3;;22,2;14,2;22,8;22,1;14,5;13,8;61;57;61;;;;
2019/04/19;0800 UTC;0;968,6;968,7;968,3;;21,2;14,3;22,4;21,1;14,3;13,7;65;60;65;;;;
2019/04/19;0900 UTC;0;968,9;968,9;968,6;;20,9;13,7;21,4;20,9;14,4;13,6;66;62;63;;;;
2019/04/19;1000 UTC;0;969,8;969,8;968,9;;20,8;14,3;21,2;20,7;14,4;13,6;66;62;66;;;;
2019/04/19;1100 UTC;0;970,7;970,7;969,8;;22,5;14,8;22,5;20,8;15,4;14;67;61;62;;;;
2019/04/19;1200 UTC;0;971,3;971,3;970,7;;24,6;15,2;25,7;22,2;16,7;14,7;69;54;56;;;;
2019/04/19;1300 UTC;0;971,6;971,6;971,3;;27,2;16,5;27,4;24,1;16,9;14,8;58;50;52;;;;
2019/04/19;1400 UTC;0;971,5;971,6;971,5;;29,6;15,3;30;27,1;16,8;14,3;52;40;42;;;;
2019/04/19;1500 UTC;0;970,8;971,5;970,8;;30,9;14,5;31,1;29,3;16,1;13,9;45;36;37;;;;
2019/04/19;1600 UTC;0;969,9;970,8;969,9;;31,4;15,7;32,4;30,8;16;13,3;40;33;39;;;;
2019/04/19;1700 UTC;0;969,1;969,9;969,1;;32,2;16,7;33;31,4;17,9;15,4;41;37;40;;;;
2019/04/19;1800 UTC;0;968,6;969,1;968,5;;31,6;16,1;33,6;31,6;18,5;16,1;43;37;39;;;;
2019/04/19;1900 UTC;0;967,9;968,6;967,9;;31,8;16,4;32,7;31,3;17,4;15,7;43;37;40;;;;
2019/04/19;2000 UTC;0;967,7;968;967,6;;32,1;16,8;32,3;30,9;17,9;16;44;39;40;;;;
2019/04/19;2100 UTC;0;967,8;967,8;967,6;;30;17;32,1;30;18,9;16,5;48;40;46;;;;
2019/04/19;2200 UTC;0;968;968;967,6;;28,8;16,6;30;28,7;17,5;16,5;49;46;48;;;;
2019/04/19;2300 UTC;0;968;968,1;968;;27,5;16,9;28,8;27,5;17;16,5;53;48;53;;;;
2019/04/20;0000 UTC;0;968,5;968,5;968;;27;17;27,5;26,8;17,2;16,8;55;52;55;;;;
2019/04/20;0100 UTC;0;968,6;968,6;968,4;;26,3;16,9;27,1;26,3;17,1;16,8;57;54;56;;;;
2019/04/20;0200 UTC;0;969,1;969,1;968,6;;26,4;17,1;26,4;26,1;17,1;16,9;57;56;57;;;;
2019/04/20;0300 UTC;0;969,2;969,2;969;;24,8;17,1;26,4;24,8;17,4;16,9;62;56;62;;;;
2019/04/20;0400 UTC;0;969;969,2;968,9;;23,9;17,6;24,8;23,8;17,7;17,1;68;62;68;;;;
2019/04/20;0500 UTC;0;969;969;968,9;;24;17,5;24,2;23,8;17,8;17,4;68;67;67;;;;
2019/04/20;0600 UTC;0;968,9;969,1;968,9;;23,8;17,2;24,2;23,7;17,5;17,1;67;65;67;;;;
2019/04/20;0700 UTC;0;968,5;968,9;968,5;;23;17,2;23,9;23;17,4;17,2;70;66;70;;;;
2019/04/20;0800 UTC;0;968,7;968,7;968,4;;22,4;17;23,1;22,4;17,3;16,9;72;70;72;;;;
2019/04/20;0900 UTC;0;969,1;969,1;968,7;;22;17;22,4;21,9;17,1;17;74;72;73;;;;
2019/04/20;1000 UTC;0;970;970;969,1;;21,7;16,8;22,1;21,6;17,1;16,8;74;72;74;;;;
2019/04/20;1100 UTC;0;970,8;970,8;970;;23,9;17,9;23,9;21,5;18,1;16,8;75;69;69;;;;
2019/04/20;1200 UTC;0;971,1;971,1;970,8;;25,2;17,8;25,7;23,9;18,3;17,3;69;62;64;;;;
2019/04/20;1300 UTC;0;970,9;971,1;970,9;;28;17,3;28,1;25,2;18,9;16,9;64;52;52;;;;
2019/04/20;1400 UTC;0;970,8;971;970,6;;29,1;18,1;29,5;27,9;19,2;16,7;55;49;52;;;;
2019/04/20;1500 UTC;0;970,3;971;970,3;;29,8;17,2;30,7;28,6;19,3;17,1;54;45;47;;;;
2019/04/20;1600 UTC;0;969,3;970,3;969,3;;31;17,7;31,7;29,9;18,8;17;49;43;45;;;;
2019/04/20;1700 UTC;0;968,2;969,3;968,2;;32,3;19,2;32,9;30,9;19,3;17,6;47;42;46;;;;
2019/04/20;1800 UTC;0;967,1;968,2;967,1;;32,5;18,7;33,3;31,8;20;18;47;43;44;;;;
2019/04/20;1900 UTC;0;966,8;967,2;966,8;;31,9;18,4;32,8;31,9;19,4;18,3;46;43;45;;;;
2019/04/20;2000 UTC;0;966,5;966,8;966,5;;31,5;19,1;32,1;31,5;19,5;18,5;48;45;48;;;;
2019/04/20;2100 UTC;0;966,6;966,8;966,5;;29,3;19,7;31,5;29,3;19,8;18,8;56;47;56;;;;
2019/04/20;2200 UTC;0;967,4;967,4;966,6;;28,9;18,9;29,3;28,8;19,7;18,8;57;54;55;;;;
2019/04/20;2300 UTC;0;967,5;967,6;967;;28,9;18,8;29,1;28,7;19;18,7;55;54;54;;;;
2019/04/21;0000 UTC;0;967,8;967,8;967,4;;28,4;19;28,9;28,1;19,1;18,7;58;54;57;;;;
2019/04/21;0100 UTC;0;969,1;969,1;967,8;;26,3;20,3;28,4;25,9;20,3;18,9;70;56;70;;;;
2019/04/21;0200 UTC;0;968,4;969,1;968,3;;24,9;21,2;26,4;24,3;21,3;20,3;81;70;80;;;;
2019/04/21;0300 UTC;0;968,9;969;968,4;;24,2;21,2;24,9;23,5;21,6;20,4;86;80;84;;;;
2019/04/21;0400 UTC;0;969,2;969,3;968,6;;23,3;19,2;24,4;23,3;21,2;19,2;86;78;78;;;;
2019/04/21;0500 UTC;0;968,7;969,3;968,6;;23;19;23,4;22,9;19,2;19;79;77;78;;;;
2019/04/21;0600 UTC;0;967,9;968,7;967,8;;23,4;18,2;23,4;22,7;19;18,1;78;72;72;;;;
2019/04/21;0700 UTC;0;967,4;968,1;967,3;;22,6;18,1;23,5;22,4;18,2;17,9;76;72;76;;;;
2019/04/21;0800 UTC;0;965,9;967,4;965,9;;22,2;18,4;22,8;21,5;18,6;17,6;81;75;79;;;;
2019/04/21;0900 UTC;0;966,2;966,2;965,5;;22,6;18,8;22,6;21,6;18,8;18,3;83;79;79;;;;
2019/04/21;1000 UTC;0;967,1;967,1;966,2;;22,5;19;22,8;22,4;19;18,7;81;78;81;;;;
2019/04/21;1100 UTC;0;968,2;968,2;967,1;;23,4;19,3;23,4;22,4;19,4;19;81;78;78;;;;
2019/04/21;1200 UTC;0;968,2;968,3;968,1;;24,9;19,8;24,9;23,4;19,9;19,3;79;73;73;;;;
2019/04/21;1300 UTC;0;968,6;968,6;968,2;;27;19,5;27;24,9;19,9;19,2;73;63;63;;;;
2019/04/21;1400 UTC;0;968,9;969,3;968,6;;28,2;19,4;28,2;27;20,2;19;64;58;59;;;;
2019/04/21;1500 UTC;0;968,1;968,9;968;;28,4;20,1;28,9;28;20,9;19;63;57;61;;;;
2019/04/21;1600 UTC;0;968,6;968,6;967,8;;24,3;17,4;29,3;24,3;21,3;16,9;66;59;65;;;;
2019/04/21;1700 UTC;,4;968,4;969,1;968,4;;22,1;19,9;24,3;20,4;20,1;17,5;92;65;87;;;;
2019/04/21;1800 UTC;0;968,1;968,6;968,1;;23,2;18,9;23,4;22,1;20;18,8;87;76;77;;;;
2019/04/21;1900 UTC;0;967,7;968,1;967,6;;23,4;18,9;23,6;23,2;19,4;18,6;78;75;76;;;;
2019/04/21;2000 UTC;0;966,9;967,7;966,9;;23,2;18,9;23,4;23;19,2;18,3;78;74;77;;;;
2019/04/21;2100 UTC;0;967,6;967,6;966,9;;22,4;18,8;23,2;22,4;19,1;18,6;80;77;80;;;;
2019/04/21;2200 UTC;0;967,7;968;967,6;;22,2;18,4;22,4;22,1;19;18,4;82;78;79;;;;
2019/04/21;2300 UTC;0;967,2;967,7;966,6;;21,7;19;22,2;21,5;19,1;18,5;85;79;84;;;;
2019/04/22;0000 UTC;0;968,3;968,3;967,2;;21,1;19,5;21,9;20,8;19,5;18,9;91;84;91;;;;
2019/04/22;0100 UTC;,2;969,4;969,4;967,8;;21,1;19,4;21,6;20,9;19,5;19,2;91;87;90;;;;
2019/04/22;0200 UTC;0;969,1;969,5;969;;20,6;19,5;21,2;20,4;19,5;19,2;93;89;93;;;;
2019/04/22;0300 UTC;0;968;969,3;967,9;;20,4;19,6;20,6;20,4;19,8;19,5;96;94;95;;;;
2019/04/22;0400 UTC;0;968,3;968,8;968;;20,3;19,7;20,5;20,3;19,7;19,5;96;95;96;;;;
2019/04/22;0500 UTC;0;967,6;968,5;967,6;;20,4;20;20,4;20,3;20;19,7;98;96;98;;;;
2019/04/22;0600 UTC;0;968,1;968,9;967,6;;20,3;20;20,4;20,3;20,1;20;98;98;98;;;;
2019/04/22;0700 UTC;0;967,6;968,2;967,4;;20,1;19,8;20,3;20,1;20;19,8;98;98;98;;;;
2019/04/22;0800 UTC;0;967,2;967,6;967,1;;20,2;19,8;20,2;20;20;19,8;99;98;98;;;;
2019/04/22;0900 UTC;0;967,1;967,2;967,1;;20,3;19,5;20,6;19,9;20;19;98;94;95;;;;
2019/04/22;1000 UTC;0;968,2;968,2;967,1;;20,4;19,5;20,6;20,3;19,5;19,2;95;92;94;;;;
2019/04/22;1100 UTC;0;969,2;969,2;968,2;;20,6;20,1;20,6;20,4;20,2;19,5;97;94;97;;;;
2019/04/22;1200 UTC;0;969,4;969,7;969,2;;21,3;20,7;21,3;20,6;20,8;20,1;98;96;96;;;;
2019/04/22;1300 UTC;0;970,1;970,1;969,4;;22,5;20,1;23;21,3;21,5;20;96;86;86;;;;
2019/04/22;1400 UTC;0;970,4;970,4;970,1;;23,9;20,7;23,9;22,5;21,4;20,1;90;83;83;;;;
2019/04/22;1500 UTC;0;970,1;970,5;970,1;;23,8;20,3;24,3;23,5;20,9;20;83;80;81;;;;
2019/04/22;1600 UTC;0;969,6;970,2;969,6;;24,8;20,3;25,7;23,7;22,2;20;82;76;76;;;;
2019/04/22;1700 UTC;0;968,3;969,6;968,3;;27,4;21,6;27,4;24,6;22,1;20,2;79;69;71;;;;
2019/04/22;1800 UTC;0;967,9;968,3;967,9;;27,3;19,9;27,7;26,2;21,2;19,4;71;63;64;;;;
2019/04/22;1900 UTC;0;967,5;967,9;967,5;;28,2;19,9;28,6;26,6;20,9;18,2;65;57;61;;;;
2019/04/22;2000 UTC;0;967,2;967,5;967,1;;27,4;19,2;28,5;27,3;20,4;18,7;63;58;61;;;;
2019/04/22;2100 UTC;0;967,5;967,5;967,1;;25,5;18,9;27,4;25,5;19,3;18,4;67;60;67;;;;
2019/04/22;2200 UTC;0;967,5;967,6;967,5;;24,4;18,5;25,5;24,4;18,9;18,3;70;66;70;;;;
2019/04/22;2300 UTC;0;968,3;968,3;967,5;;23;19;24,4;22,9;19;18,5;78;70;78;;;;
2019/04/23;0000 UTC;0;969,4;969,4;968,3;;23,6;19,2;23,6;22,9;19,3;18,9;78;76;77;;;;
2019/04/23;0100 UTC;0;969,8;969,8;969,4;;23,3;19,3;23,7;23,3;19,4;19,1;78;76;78;;;;
2019/04/23;0200 UTC;0;970,1;970,1;969,7;;22,4;19,9;23,3;22,3;19,9;19,2;86;78;86;;;;
2019/04/23;0300 UTC;0;970;970,2;970;;21,8;19,9;22,4;21,8;20,2;19,9;89;86;89;;;;
2019/04/23;0400 UTC;0;970,3;970,3;970;;21,7;20,1;21,9;21,5;20,1;19,9;91;89;91;;;;
2019/04/23;0500 UTC;0;969,9;970,3;969,9;;21,3;20;21,8;21,2;20,2;19,8;92;91;92;;;;
2019/04/23;0600 UTC;0;969,8;970;969,7;;21,1;19,9;21,3;20,8;20;19,6;93;92;93;;;;
2019/04/23;0700 UTC;0;970,1;970,1;969,8;;20,6;19,5;21,1;20,6;19,9;19,5;94;93;94;;;;
2019/04/23;0800 UTC;0;970,5;970,5;970,1;;20,7;19,6;20,8;20,5;19,7;19,5;94;93;93;;;;
2019/04/23;0900 UTC;0;970,9;970,9;970,5;;20,5;19,4;20,7;20,3;19,6;19,2;94;93;94;;;;
2019/04/23;1000 UTC;0;971,7;971,7;970,9;;20,4;19,3;20,5;20,3;19,5;19,3;94;93;94;;;;
2019/04/23;1100 UTC;0;972,4;972,4;971,7;;22,2;20,3;22,2;20,3;20,3;19,3;94;89;89;;;;
2019/04/23;1200 UTC;0;973;973;972,4;;23,3;20,7;23,6;22,2;21,3;20,1;89;84;85;;;;
2019/04/23;1300 UTC;0;973,6;973,6;973;;24,1;20,5;24,1;23,2;20,9;20,2;85;80;80;;;;
2019/04/23;1400 UTC;0;973,4;973,6;973,3;;27,3;19,9;27,4;24,2;22;19,4;81;63;64;;;;
2019/04/23;1500 UTC;0;972,7;973,4;972,7;;28,3;19,2;29,3;27,2;21,2;19;65;56;58;;;;
2019/04/23;1600 UTC;0;972,1;972,8;972;;28,3;20,4;29,6;27,6;20,8;19;63;55;62;;;;
2019/04/23;1700 UTC;0;971,3;972;971,3;;29,4;19,4;30,3;27,7;21,4;19,1;64;54;55;;;;
2019/04/23;1800 UTC;0;970,6;971,3;970,6;;30,3;19,7;30,7;28,5;20,7;18,7;60;51;53;;;;
2019/04/23;1900 UTC;0;970,2;970,6;970,2;;30,2;18,5;31,4;30;20,1;17,8;54;47;49;;;;
2019/04/23;2000 UTC;0;970;970,2;970;;27,9;18,9;30,7;27,9;20,2;18,4;61;49;58;;;;
2019/04/23;2100 UTC;0;970;970;969,7;;28,1;19,3;28,5;27,7;20,2;18,9;62;58;59;;;;
2019/04/23;2200 UTC;0;970,2;970,2;970;;26,1;18,9;28,1;26,1;19,4;18,7;64;58;64;;;;
2019/04/23;2300 UTC;0;970,6;970,6;970,2;;25,8;18,1;26,2;25,7;19;18,1;65;62;62;;;;
2019/04/24;0000 UTC;0;971,4;971,4;970,6;;25,3;18,6;25,9;25,2;18,6;17,8;66;62;66;;;;
2019/04/24;0100 UTC;0;972;972;971,4;;24,5;18,8;25,4;24,4;18,8;18,6;71;66;71;;;;
2019/04/24;0200 UTC;0;972,3;972,3;972;;23,8;19,1;24,5;23,7;19,1;18,8;75;71;75;;;;
2019/04/24;0300 UTC;0;972,6;972,6;972,3;;23,4;19,1;23,8;23,4;19,2;19;77;75;77;;;;
2019/04/24;0400 UTC;0;972,8;972,8;972,6;;23,2;19,2;23,5;23,1;19,2;19;78;77;78;;;;
2019/04/24;0500 UTC;0;972,9;973;972,8;;22,6;19,3;23,3;22,5;19,3;19,1;82;78;82;;;;
2019/04/24;0600 UTC;0;973,1;973,1;972,9;;21,9;19,4;22,6;21,9;19,4;19,1;85;82;85;;;;
2019/04/24;0700 UTC;0;973;973,2;973;;21,6;19,5;21,9;21,6;19,7;19,3;88;85;88;;;;
2019/04/24;0800 UTC;0;972,6;973;972,6;;21,6;19,4;21,7;21,5;19,6;19,4;89;87;87;;;;
2019/04/24;0900 UTC;0;972,9;972,9;972,5;;21,1;19,1;21,6;21;19,4;19;89;87;89;;;;
2019/04/24;1000 UTC;0;973,6;973,6;972,9;;21,1;19,1;21,2;21;19,2;19;89;88;88;;;;
2019/04/24;1100 UTC;0;974,6;974,6;973,6;;22,6;19,4;22,6;21,1;19,4;19;88;82;82;;;;
2019/04/24;1200 UTC;0;975,3;975,3;974,6;;24,8;19;25,2;22,6;20,1;19;82;70;70;;;;
2019/04/24;1300 UTC;0;975,4;975,5;975,3;;26,6;19,9;26,6;24,3;20;18,8;73;66;67;;;;
2019/04/24;1400 UTC;0;975,2;975,4;975,2;;28,5;20,3;28,5;26,2;20,7;19,2;68;60;61;;;;
2019/04/24;1500 UTC;0;974,1;975,2;974,1;;29,2;19,7;29,7;27,6;21,1;19,2;63;56;57;;;;
2019/04/24;1600 UTC;0;973,2;974,1;973,2;;30,4;19,9;31,1;29,1;21;19,3;58;53;53;;;;
2019/04/24;1700 UTC;0;972,5;973,2;972,5;;31,8;20,8;31,8;28,7;21,1;18,8;57;50;52;;;;
2019/04/24;1800 UTC;0;971,7;972,5;971,7;;31,6;19;32,5;30,9;20,5;18;53;44;47;;;;
2019/04/24;1900 UTC;0;971,3;971,8;971,3;;31,3;18,6;32,3;30,8;19,6;18;49;44;47;;;;
2019/04/24;2000 UTC;0;971,4;971,4;971,3;;29,4;18,3;31,8;29,3;18,9;17,5;51;45;51;;;;
2019/04/24;2100 UTC;0;971,3;971,4;971,3;;28,5;18,7;29,4;28,5;19;18,2;55;51;55;;;;
2019/04/24;2200 UTC;0;971,5;971,6;971,3;;27,5;18,4;28,6;27,5;18,8;18,3;58;55;58;;;;
2019/04/24;2300 UTC;0;971,8;971,8;971,5;;27;18,4;27,5;26,8;18,7;18,3;60;58;59;;;;
2019/04/25;0000 UTC;0;971,8;971,8;971,7;;26,3;18,6;27;26,2;18,6;18,2;63;59;63;;;;
2019/04/25;0100 UTC;0;971,9;971,9;971,8;;25,2;18,9;26,3;25,1;18,9;18,6;68;63;68;;;;
2019/04/25;0200 UTC;0;972,3;972,3;971,9;;24,2;18,7;25,2;24,2;18,9;18,7;72;68;72;;;;
2019/04/25;0300 UTC;0;972,3;972,4;972,3;;23,9;18,8;24,3;23,9;18,9;18,7;73;72;73;;;;
2019/04/25;0400 UTC;0;972,1;972,3;972,1;;23,9;18,7;24;23,6;18,9;18,6;74;73;73;;;;
2019/04/25;0500 UTC;0;971,6;972,1;971,6;;23,4;18,5;23,9;23,4;18,7;18,4;74;72;74;;;;
2019/04/25;0600 UTC;0;971,3;971,6;971,3;;22,4;18,5;23,5;22,4;18,5;18,4;79;74;79;;;;
2019/04/25;0700 UTC;0;971,3;971,3;971,2;;21,8;18,6;22,4;21,8;18,7;18,4;82;79;82;;;;
2019/04/25;0800 UTC;0;970,9;971,3;970,9;;21,4;18,6;22,1;21,4;18,9;18,6;84;81;84;;;;
2019/04/25;0900 UTC;0;970,9;971;970,9;;21,7;18,9;22;21,4;19,1;18,6;85;83;84;;;;
2019/04/25;1000 UTC;0;971,8;971,8;970,9;;21,4;18,9;21,7;21,4;19;18,8;86;84;86;;;;
2019/04/25;1100 UTC;0;972,9;972,9;971,8;;23,4;19,6;23,4;21,4;19,6;18,9;86;79;79;;;;
2019/04/25;1200 UTC;0;973,6;973,6;972,9;;25,5;20,2;25,6;23,4;20,4;19,3;79;72;73;;;;
2019/04/25;1300 UTC;0;973,8;973,8;973,6;;27;20,5;27,1;25;20,8;19,7;74;67;68;;;;
2019/04/25;1400 UTC;0;973,9;974;973,8;;28,8;21;29;27;21,4;20,2;69;62;63;;;;
2019/04/25;1500 UTC;0;973,7;974;973,7;;30,4;21,4;30,4;28,8;22,2;20,6;64;58;59;;;;
2019/04/25;1600 UTC;0;973;973,7;973;;31,8;21;32,3;29,6;22,1;20,4;61;52;53;;;;
2019/04/25;1700 UTC;0;972,5;973;972,5;;33,1;21;33,4;30,7;21,8;19,1;55;47;49;;;;
2019/04/25;1800 UTC;0;971,4;972,5;971,4;;32,6;20,2;33,3;31,5;21,1;19,4;51;46;48;;;;
2019/04/25;1900 UTC;0;971,3;971,4;971,2;;32,2;20,1;33;31,9;21,2;19;52;46;49;;;;
2019/04/25;2000 UTC;0;970,9;971,5;970,9;;30,7;17;33,1;28,8;20,7;15,7;53;41;44;;;;
2019/04/25;2100 UTC;0;970,8;970,9;970,7;;28,7;17,5;30,8;28,5;18,1;16,7;52;43;51;;;;
2019/04/25;2200 UTC;0;970,9;970,9;970,6;;27,2;18,6;28,8;27,2;18,7;16,6;59;48;59;;;;
2019/04/25;2300 UTC;0;971,5;971,6;970,9;;26;19,4;27,2;26;19,4;18,6;67;59;67;;;;
2019/04/26;0000 UTC;0;971,8;971,8;971,3;;25,8;19,6;26,2;25,7;19,7;19,3;69;67;69;;;;
2019/04/26;0100 UTC;0;972,4;972,5;971,8;;25,6;19,2;26,1;25,5;19,6;19,2;69;66;68;;;;
2019/04/26;0200 UTC;0;972,6;972,6;972,4;;25,8;19,1;25,9;25,4;19,3;18,9;68;66;66;;;;
2019/04/26;0300 UTC;0;972,4;972,7;972,4;;25,4;19;26;25,4;19,1;18,8;68;65;68;;;;
2019/04/26;0400 UTC;0;972,1;972,4;972,1;;25,2;19,4;25,6;25,1;19,4;19,1;71;68;71;;;;
2019/04/26;0500 UTC;0;972;972,1;971,9;;25;19,7;25,3;25;19,8;19,3;73;71;73;;;;
2019/04/26;0600 UTC;0;971,8;972;971,7;;24,3;19,7;25,1;24,3;19,9;19,7;76;73;76;;;;
2019/04/26;0700 UTC;0;971,2;971,8;971,2;;23,9;19,5;24,5;23,8;19,7;19,5;77;75;76;;;;
2019/04/26;0800 UTC;0;971,3;971,3;971,1;;23,6;19,4;24,1;23,6;19,6;19,4;77;76;77;;;;
2019/04/26;0900 UTC;0;971,5;971,5;971,2;;22,8;19,3;23,6;22,8;19,5;19,2;81;77;81;;;;
2019/04/26;1000 UTC;0;972,4;972,4;971,5;;22,7;19,6;22,9;22,5;19,7;19,3;83;81;83;;;;
2019/04/26;1100 UTC;0;973,2;973,2;972,4;;23,7;19,8;23,7;22,7;19,8;19,6;83;78;79;;;;
2019/04/26;1200 UTC;0;973,1;973,2;973;;26,4;20,5;26,4;23,7;20,7;19,7;79;70;70;;;;
2019/04/26;1300 UTC;0;973,6;973,6;973,1;;27,5;20,6;28;26,1;21,1;20;70;64;66;;;;
2019/04/26;1400 UTC;0;973,6;973,7;973,6;;29,4;21,1;29,7;27,6;21,5;20,5;67;60;61;;;;
2019/04/26;1500 UTC;0;972,8;973,6;972,7;;30,4;21,6;30,8;29,1;21,9;20,6;62;57;59;;;;
2019/04/26;1600 UTC;0;971,9;972,8;971,9;;31,2;21,5;32,6;30,2;22,9;20,1;60;53;57;;;;
2019/04/26;1700 UTC;0;970,8;971,9;970,8;;31,6;19,9;33,3;30,7;22;18,9;58;47;50;;;;
2019/04/26;1800 UTC;0;969,6;970,8;969,6;;33,1;20,6;33,7;31,2;21,1;18,3;52;41;48;;;;
2019/04/26;1900 UTC;0;968,8;969,6;968,8;;32,6;20,6;33,2;31,7;21,3;19;51;45;49;;;;
2019/04/26;2000 UTC;0;968,5;968,8;968,5;;30,7;19,9;32,8;30,7;21;19,7;53;48;53;;;;
2019/04/26;2100 UTC;0;969;969;968,5;;28,8;20,4;30,7;28,7;20,4;19,7;61;52;61;;;;
2019/04/26;2200 UTC;0;969,1;969,3;968,9;;28,3;20,1;28,8;28,1;20,4;20,1;62;60;61;;;;
2019/04/26;2300 UTC;0;969,6;969,6;969,1;;27,2;20,4;28,5;27,2;20,5;20,1;66;61;66;;;;
2019/04/27;0000 UTC;0;970,6;970,6;969,6;;28;20,5;28,1;27,1;20,7;20,4;67;64;64;;;;
2019/04/27;0100 UTC;0;971;971;970,2;;25;20,8;28;25;20,8;19,8;77;63;77;;;;
2019/04/27;0200 UTC;0;971;971,2;970,6;;23,9;21,7;25;23,9;21,7;20,7;88;77;88;;;;
2019/04/27;0300 UTC;0;971,3;971,5;971;;22,9;21,9;23,9;22,9;22,2;21,8;95;88;94;;;;
2019/04/27;0400 UTC;0;970,5;971,4;970,5;;22,4;21,8;22,9;22,4;21,9;21,7;96;94;96;;;;
2019/04/27;0500 UTC;0;969,9;970,7;969,9;;22,6;22,2;22,6;22,3;22,2;21,7;97;96;97;;;;
2019/04/27;0600 UTC;0;969,9;970,1;969,8;;22,9;22,2;23;22,6;22,4;22,1;97;96;96;;;;
2019/04/27;0700 UTC;0;969,4;970;969,3;;22,8;22,2;23,2;22,7;22,3;22;96;94;96;;;;
2019/04/27;0800 UTC;0;969,5;969,5;969,1;;22,4;21,9;22,8;22,4;22,2;21,9;97;96;97;;;;
2019/04/27;0900 UTC;0;969,8;969,9;969,5;;22,8;22,2;22,8;22,4;22,4;21,9;97;97;97;;;;
2019/04/27;1000 UTC;0;970,1;970,1;969,8;;22,9;22,1;23;22,8;22,3;22;97;95;95;;;;
2019/04/27;1100 UTC;,2;970,4;970,4;970;;24,1;22,8;24,1;22,9;22,8;22;95;92;92;;;;
2019/04/27;1200 UTC;0;970,6;970,7;970,4;;25,9;23;25,9;24,1;23,3;22,5;93;84;84;;;;
2019/04/27;1300 UTC;0;970,7;970,7;970,5;;27,9;22,4;27,9;25,9;23,4;21,7;85;72;72;;;;
2019/04/27;1400 UTC;0;970,3;970,7;970,3;;29,1;21,8;29,3;27,5;23,1;21,1;74;63;65;;;;
2019/04/27;1500 UTC;0;969,7;970,3;969,7;;30,2;21,7;30,3;28,9;22,3;20,6;66;59;61;;;;
2019/04/27;1600 UTC;0;968,7;969,7;968,7;;30,7;21,3;31,3;30,1;22,5;20,2;63;54;57;;;;
2019/04/27;1700 UTC;0;967,8;968,7;967,8;;30,7;22,1;31,3;30;22,5;20,5;61;56;60;;;;
2019/04/27;1800 UTC;0;967;967,8;966,9;;26,9;23;30,9;25,9;23,3;20,6;81;57;79;;;;
2019/04/27;1900 UTC;0;966,6;967,2;966,5;;26,6;21,3;27,1;25,4;23,2;20,3;80;71;73;;;;
2019/04/27;2000 UTC;0;966,7;966,7;966,4;;27,5;22,4;27,6;26,6;22,4;21,2;74;70;74;;;;
2019/04/27;2100 UTC;0;966,9;967,2;966,7;;25,6;22,2;27,5;25,6;22,5;21,7;82;73;82;;;;
2019/04/27;2200 UTC;0;968,3;968,6;966,9;;21,7;21,1;25,6;20,1;22,9;18,2;96;77;96;;;;
2019/04/27;2300 UTC;0;968,6;968,6;968,3;;21,3;20,5;21,7;21,2;21,1;20,5;96;95;96;;;;
2019/04/28;0000 UTC;0;969;969;968,3;;21,1;20,2;21,3;21,1;20,5;20,2;96;94;94;;;;
2019/04/28;0100 UTC;0;969,3;969,4;969;;20,9;20;21,1;20,9;20,2;19,9;95;94;94;;;;
2019/04/28;0200 UTC;0;969,1;969,4;969,1;;21;19,9;21,1;20,9;20,1;19,9;95;94;94;;;;
2019/04/28;0300 UTC;0;968,9;969,4;968,9;;20,7;20,1;21;20,7;20,1;19,9;96;94;96;;;;
2019/04/28;0400 UTC;0;968,2;969;968,2;;21;20,3;21;20,7;20,4;20,1;97;96;96;;;;
2019/04/28;0500 UTC;0;967,8;968,3;967,7;;20,8;20,2;21,2;20,8;20,4;20,1;96;95;96;;;;
2019/04/28;0600 UTC;0;967,2;967,9;967,2;;20,6;20,1;20,8;20,6;20,2;20,1;97;96;97;;;;
2019/04/28;0700 UTC;0;967,3;967,5;967,2;;20,8;20,4;20,8;20,6;20,4;20,2;98;97;98;;;;
2019/04/28;0800 UTC;0;967;967,5;967;;20,5;20,2;20,8;20,5;20,5;20,2;98;98;98;;;;
2019/04/28;0900 UTC;0;967,5;967,5;966,9;;20,6;20,3;20,6;20,5;20,4;20,2;98;98;98;;;;
2019/04/28;1000 UTC;0;968,2;968,2;967,5;;20,7;20,4;20,7;20,6;20,4;20,3;98;98;98;;;;
2019/04/28;1100 UTC;0;968,8;968,8;968,2;;20,5;20,5;20,7;20,5;20,6;20,4;100;98;100;;;;
2019/04/28;1200 UTC;0;969,4;969,4;968,7;;21,2;21,2;21,2;20,5;21,2;20,6;100;100;100;;;;
2019/04/28;1300 UTC;0;969,6;969,7;969,4;;21,8;21,8;22,2;21,2;22,2;21,2;100;100;100;;;;
2019/04/28;1400 UTC;0;969,4;969,8;969,3;;23,2;21,9;23,6;21,7;23,1;21,8;100;92;92;;;;
2019/04/28;1500 UTC;0;969,1;969,4;969;;22,6;22,2;24;21,8;23,1;20,7;99;88;97;;;;
2019/04/28;1600 UTC;0;968,6;969,1;968,6;;23,4;21,9;23,9;22,1;23,2;20,9;98;91;91;;;;
2019/04/28;1700 UTC;0;968;968,7;968;;24,9;20,9;25,1;23,4;22,2;20,5;92;79;79;;;;
2019/04/28;1800 UTC;0;967,2;968;967,2;;24;20,3;25,8;23,9;21,1;19,8;80;73;80;;;;
2019/04/28;1900 UTC;0;966,5;967,2;966,5;;25,2;19,4;25,6;24;21;19,3;80;70;70;;;;
2019/04/28;2000 UTC;0;967;967;966,5;;24,9;19,8;25,4;24,2;20,2;19;76;70;73;;;;
2019/04/28;2100 UTC;0;967,7;967,7;967;;23,2;19,5;24,9;23,2;19,7;18,9;80;70;80;;;;
2019/04/28;2200 UTC;0;968;968;967,7;;22;19,3;23,2;21,9;19,5;19,1;85;80;85;;;;
2019/04/28;2300 UTC;0;968,7;968,7;968;;21,1;19;22;21;19,4;18,9;88;85;88;;;;
2019/04/29;0000 UTC;0;969,3;969,3;968,7;;20,7;18,7;21,1;20,6;19,1;18,7;89;88;89;;;;
2019/04/29;0100 UTC;0;969,5;969,5;969,2;;19,8;18,1;20,8;19,8;18,9;18,1;90;88;90;;;;
2019/04/29;0200 UTC;0;969,4;969,5;969,4;;19,6;18,1;19,9;19,5;18,2;17,9;91;90;91;;;;
2019/04/29;0300 UTC;0;969,2;969,4;969,2;;18,3;17,4;19,6;18,3;18,1;17,3;94;91;94;;;;
2019/04/29;0400 UTC;0;968,7;969,3;968,7;;18,5;17,6;18,7;18,3;17,9;17,3;95;94;94;;;;
2019/04/29;0500 UTC;0;968,2;968,7;968,2;;18,1;17,1;18,6;18,1;17,7;17,1;95;94;94;;;;
2019/04/29;0600 UTC;0;967,9;968,2;967,9;;18,3;17,4;18,5;17,9;17,6;17,1;95;94;94;;;;
2019/04/29;0700 UTC;0;967,6;967,9;967,6;;18;17,3;18,4;17,8;17,5;16,9;96;94;96;;;;
2019/04/29;0800 UTC;0;967,5;967,6;967,4;;17,6;17,1;18;17,5;17,3;16,9;97;95;97;;;;
2019/04/29;0900 UTC;0;968,1;968,1;967,5;;17,2;16,9;17,7;17;17,2;16,6;99;97;99;;;;
2019/04/29;1000 UTC;0;969;969;968,1;;17,2;17,2;17,6;17,1;17,6;16,9;100;99;100;;;;
2019/04/29;1100 UTC;0;969,8;969,8;969;;17,2;17,2;17,6;16,5;17,6;16,5;100;100;100;;;;
2019/04/29;1200 UTC;0;970,2;970,2;969,8;;18,6;18,6;18,6;17,1;18,6;17,1;100;100;100;;;;
2019/04/29;1300 UTC;0;971;971;970,2;;19,1;19,1;19,3;18,2;19,3;18,2;100;100;100;;;;
2019/04/29;1400 UTC;0;971,1;971,2;971;;22,8;19,8;22,8;19;21,1;19,1;100;83;83;;;;
2019/04/29;1500 UTC;0;970,6;971,1;970,6;;23,8;17,1;24,1;22,6;20,2;17,1;83;66;66;;;;
2019/04/29;1600 UTC;0;969,9;970,6;969,9;;24,7;16,6;25,8;23,4;18,6;16;69;59;61;;;;
2019/04/29;1700 UTC;0;969,1;969,9;969,1;;26,7;17,7;27,2;24,6;19,2;15,9;64;54;58;;;;
2019/04/29;1800 UTC;0;968,9;969,2;968,8;;25,9;16,3;27,5;25,2;18,5;16,3;62;54;56;;;;
2019/04/29;1900 UTC;0;968,6;968,9;968,6;;26,6;17,1;27,1;25;18;16,1;60;54;56;;;;
2019/04/29;2000 UTC;0;968,6;968,6;968,4;;25,8;17,2;27,1;25,6;18;16,6;59;55;59;;;;
2019/04/29;2100 UTC;0;968,7;968,7;968,5;;23,9;17,1;26;23,9;17,7;16,9;66;58;66;;;;
2019/04/29;2200 UTC;0;968,9;968,9;968,7;;23,2;17,1;23,9;23;17,2;16,9;70;66;69;;;;
2019/04/29;2300 UTC;0;969,1;969,1;969;;22,6;16,7;23,2;22,6;17,1;16,7;70;69;69;;;;
2019/04/30;0000 UTC;0;969,5;969,6;969,1;;22,5;16,8;23;21,9;17,1;16,4;72;69;70;;;;
2019/04/30;0100 UTC;0;970;970;969,5;;22,3;16,8;22,5;22;16,8;16,5;71;70;71;;;;
2019/04/30;0200 UTC;0;970,2;970,2;970;;21,7;16,9;22,3;21,7;16,9;16,6;74;71;74;;;;
2019/04/30;0300 UTC;0;970,2;970,2;970;;21,1;16,8;21,7;21,1;16,9;16,7;76;74;76;;;;
2019/04/30;0400 UTC;0;970;970,2;970;;20,8;16,7;21,4;20,8;16,9;16,6;77;75;77;;;;
2019/04/30;0500 UTC;0;970,1;970,2;970;;20,4;16,9;20,9;20,3;17;16,6;80;77;80;;;;
2019/04/30;0600 UTC;0;970;970,1;969,9;;20,1;17,2;20,4;19,9;17,2;16,9;84;80;83;;;;
2019/04/30;0700 UTC;0;970;970,1;969,9;;19,6;17,3;20,4;19,2;17,3;16,3;87;81;87;;;;
2019/04/30;0800 UTC;0;970,2;970,2;970;;20,2;17,4;20,2;19,4;17,5;17;86;84;84;;;;
2019/04/30;0900 UTC;0;970,6;970,6;970,2;;20,2;17,1;20,5;20,2;17,5;17,1;84;82;82;;;;
2019/04/30;1000 UTC;0;971,2;971,2;970,6;;19,9;17,1;20,4;19,9;17,3;17;84;82;84;;;;
2019/04/30;1100 UTC;0;971,8;971,8;971,2;;20,9;17,7;21,2;19,8;18,4;17,1;86;82;82;;;;
2019/04/30;1200 UTC;0;972;972;971,8;;21,5;18,5;21,5;20,8;18,8;17,7;85;82;83;;;;
2019/04/30;1300 UTC;0;972,1;972,1;972;;23,7;19,4;23,7;21,5;19,7;18,2;84;76;77;;;;
2019/04/30;1400 UTC;0;972;972,2;972;;24,4;19,2;25,1;23,7;20;18,8;77;70;73;;;;
2019/04/30;1500 UTC;0;971,1;972;971,1;;27,8;19,9;27,8;24,4;20,2;18,7;73;62;62;;;;
2019/04/30;1600 UTC;0;970,3;971,1;970,3;;27,6;20,7;28,3;26,5;21;19,2;67;61;66;;;;
2019/04/30;1700 UTC;0;969,5;970,3;969,5;;27,5;19,4;28,5;27,4;20,9;19,2;66;60;61;;;;
2019/04/30;1800 UTC;0;968,6;969,5;968,6;;27,9;19,5;28;27,3;20,1;18,9;64;60;60;;;;
2019/04/30;1900 UTC;0;968,2;968,7;968,2;;27,5;19,4;27,9;27,5;19,7;18,7;62;58;61;;;;
2019/04/30;2000 UTC;0;968;968,3;967,9;;26,9;19,5;28;26,9;19,6;18,6;64;57;64;;;;
2019/04/30;2100 UTC;0;967,7;968,3;967,7;;25,6;19,4;26,9;25,6;19,7;19,1;68;63;68;;;;
2019/04/30;2200 UTC;0;968,2;968,2;967,6;;24,7;19,4;25,8;24,7;19,5;19,1;73;67;73;;;;
2019/04/30;2300 UTC;0;968,8;968,8;968,2;;24,6;19,2;24,8;24,5;19,5;19,2;73;71;72;;;;
2019/05/01;0000 UTC;;969,8;969,9;968,8;;24,4;19,2;24,7;24,3;19,3;19,1;73;71;73;;;;
2019/05/01;0100 UTC;;970,4;970,5;969,8;;24;19;24,6;24;19,2;18,9;74;72;74;;;;
2019/05/01;0200 UTC;;970,9;971;970,2;;22,2;19,9;24,2;22,2;19,9;19;87;74;87;;;;
2019/05/01;0300 UTC;;970,7;970,9;970,1;;21,6;20,3;22,2;21,4;20,3;19,9;92;87;92;;;;
2019/05/01;0400 UTC;;970,9;971,4;970,5;;21,2;20,3;21,6;21,1;20,3;20;95;92;95;;;;
2019/05/01;0500 UTC;;970,1;970,9;970,1;;21,4;20,5;21,5;21,2;20,6;20,3;95;94;95;;;;
2019/05/01;0600 UTC;;970,2;970,5;970,1;;21,3;20,1;21,9;21,3;20,6;20,1;95;92;93;;;;
2019/05/01;0700 UTC;;969,5;970,2;969,5;;21;20,1;21,6;21;20,4;20;95;93;95;;;;
2019/05/01;0800 UTC;;969,2;969,7;969,1;;20,9;19,6;21,2;20,9;20,1;19,6;95;91;92;;;;
2019/05/01;0900 UTC;;969,9;969,9;969,1;;20,7;19,5;20,9;20,6;19,6;19,4;93;92;93;;;;
2019/05/01;1000 UTC;;970,4;970,4;969,9;;20,9;19,6;21;20,7;19,8;19,5;93;92;93;;;;
2019/05/01;1100 UTC;;971,5;971,7;970,4;;21,2;20,1;21,2;20,8;20,1;19,6;94;93;94;;;;
2019/05/01;1200 UTC;;971,9;972,1;971,5;;21,6;20,5;21,6;21,2;20,6;20,1;94;93;93;;;;
2019/05/01;1300 UTC;;972,4;972,5;971,7;;22,1;20,7;22,1;21,6;20,8;20,5;94;92;92;;;;
2019/05/01;1400 UTC;;972,4;972,5;972,2;;22,9;20,7;22,9;22,1;21;20,4;92;87;87;;;;
2019/05/01;1500 UTC;;971,8;972,5;971,8;;23,5;20;23,5;22,9;21;19,5;89;79;81;;;;
2019/05/01;1600 UTC;;970,9;971,8;970,9;;23,9;20,3;24;23,1;20,6;19,3;83;79;80;;;;
2019/05/01;1700 UTC;;970,4;970,9;970,4;;24;20,4;24,1;23,5;20,7;19,6;82;78;80;;;;
2019/05/01;1800 UTC;;970,1;970,4;969,9;;24,3;20,4;24,3;23,8;20,5;19,5;81;76;79;;;;
2019/05/01;1900 UTC;;970;970,1;969,9;;24,8;20,4;25,3;24,1;20,8;19,1;79;72;77;;;;
2019/05/01;2000 UTC;;969,3;970;969,3;;24;19,1;25,3;23,9;20,5;18,9;77;72;74;;;;
2019/05/01;2100 UTC;;968,9;969,3;968,9;;22,7;19,6;24,2;22,7;20;19,1;82;74;82;;;;
2019/05/01;2200 UTC;;969,1;969,1;968,8;;21,9;19,9;22,7;21,9;19,9;19,5;88;82;88;;;;
2019/05/01;2300 UTC;;969,6;969,6;969,1;;21,7;19,9;22,1;21,7;20,3;19,7;90;88;90;;;;
2019/05/02;0000 UTC;;969,9;969,9;969,6;;21,3;20;21,7;21,1;20;19,7;93;90;93;;;;
2019/05/02;0100 UTC;;970,1;970,2;969,9;;20,9;19,9;21,3;20,8;20,1;19,8;94;93;94;;;;
2019/05/02;0200 UTC;;970;970,1;969,9;;21,2;19,7;21,2;20,7;20;19,7;94;91;91;;;;
2019/05/02;0300 UTC;;970;970,1;969,8;;21;19,6;21,2;20,9;19,7;19,6;92;91;92;;;;
2019/05/02;0400 UTC;;969,7;970,1;969,6;;20,6;19,6;21;20,6;19,6;19,6;94;92;94;;;;
2019/05/02;0500 UTC;;969,4;969,7;969,4;;20,3;19,4;20,6;20,3;19,6;19,4;95;94;95;;;;
2019/05/02;0600 UTC;;968,9;969,4;968,9;;19,6;18,9;20,3;19,6;19,4;18,9;96;95;96;;;;
2019/05/02;0700 UTC;;968,5;968,9;968,4;;19,3;18,9;19,6;19,2;18,9;18,8;98;96;98;;;;
2019/05/02;0800 UTC;;968,5;968,5;968,3;;19,4;19,1;19,4;19,3;19,1;18,9;98;98;98;;;;
2019/05/02;0900 UTC;;968,6;968,6;968,4;;19,6;19,3;19,6;19,4;19,3;19,1;98;98;98;;;;
2019/05/02;1000 UTC;;968,8;968,8;968,6;;19,3;19;19,6;19,3;19,3;19;98;98;98;;;;
2019/05/02;1100 UTC;;969,5;969,5;968,8;;20,1;19,9;20,1;19,3;19,9;19;98;98;98;;;;
2019/05/02;1200 UTC;;970,1;970,1;969,5;;21,6;19,3;22,1;20,1;20,9;19,3;100;87;87;;;;
2019/05/02;1300 UTC;;970,6;970,6;970,1;;23,3;19,2;23,8;21,6;20,2;18,6;88;75;78;;;;
2019/05/02;1400 UTC;;970,2;970,8;970,2;;24,5;20,3;25,3;23,3;20,6;19;79;73;78;;;;
2019/05/02;1500 UTC;;969,7;970,2;969,7;;24,4;19,3;25,5;24,4;20,6;18,8;78;70;73;;;;
2019/05/02;1600 UTC;;969,1;969,7;969,1;;24,8;19,2;25,1;24,2;20,1;19;75;71;71;;;;
2019/05/02;1700 UTC;;968,3;969,1;968,3;;25;19,6;25,5;24,5;20,2;18,8;74;69;72;;;;
2019/05/02;1800 UTC;;967,5;968,3;967,5;;25,2;19,6;26,1;24,8;20,9;19,2;74;70;71;;;;
2019/05/02;1900 UTC;;967,4;967,6;967,4;;25,4;20,1;26,1;25,1;20,8;19,6;74;71;73;;;;
2019/05/02;2000 UTC;;967,3;967,5;967,2;;25,3;20,2;26,7;25,3;21,1;19,7;74;69;73;;;;
2019/05/02;2100 UTC;;967,5;967,6;967,2;;24,3;20,2;25,3;24,3;20,4;20;78;73;78;;;;
2019/05/02;2200 UTC;;967,6;967,6;967,4;;23,3;20;24,3;23,3;20,3;20;82;78;82;;;;
2019/05/02;2300 UTC;;967,9;968;967,6;;23,1;19,8;23,4;23,1;20,1;19,8;83;81;81;;;;
2019/05/03;0000 UTC;;968;968,1;967,9;;22,3;19,6;23,2;22,3;19,9;19,6;85;81;85;;;;
2019/05/03;0100 UTC;;968,5;968,5;968;;22,3;19,8;22,3;22,1;19,9;19,6;87;85;86;;;;
2019/05/03;0200 UTC;;968,6;968,7;968,5;;22;19,7;22,3;21,9;19,8;19,7;87;86;87;;;;
2019/05/03;0300 UTC;;968,5;968,8;968,5;;21,8;19,7;22;21,8;19,8;19,6;88;87;88;;;;
2019/05/03;0400 UTC;;968,3;968,6;968,3;;21,9;19,7;22,1;21,7;20;19,7;88;87;88;;;;
2019/05/03;0500 UTC;;967,8;968,3;967,8;;21,9;19,6;22;21,5;19,8;19,5;88;87;87;;;;
2019/05/03;0600 UTC;;967,5;967,9;967,4;;21,6;19,7;21,9;21,4;19,7;19,2;89;86;89;;;;
2019/05/03;0700 UTC;;967,3;967,5;967,1;;21,4;19,8;21,7;21,4;19,9;19,6;91;89;91;;;;
2019/05/03;0800 UTC;;967,4;967,4;967,2;;21,5;20;21,8;21,4;20,2;19,8;91;90;91;;;;
2019/05/03;0900 UTC;;967,9;967,9;967,3;;21,5;20;21,6;21,4;20,1;19,9;92;91;91;;;;
2019/05/03;1000 UTC;;968,6;968,6;967,9;;21,2;19,8;21,5;21,2;20;19,7;92;91;92;;;;
2019/05/03;1100 UTC;;969,6;969,6;968,6;;21,9;20,4;21,9;21,1;20,4;19,8;92;91;91;;;;
2019/05/03;1200 UTC;;970,2;970,2;969,6;;23,6;20,7;23,9;21,9;21,4;20,3;91;84;84;;;;
2019/05/03;1300 UTC;;970,5;970,6;970,2;;25;21;25,3;23,5;21,8;20,5;85;77;78;;;;
2019/05/03;1400 UTC;;970,8;970,9;970,5;;26,8;20,6;26,8;25,1;21,6;19,9;79;69;69;;;;
2019/05/03;1500 UTC;;970,5;970,9;970,5;;27,1;20,6;27,5;26,8;21,4;20;70;66;68;;;;
2019/05/03;1600 UTC;;969,7;970,5;969,7;;27,6;20,7;28,1;26,7;22,5;20,5;73;66;66;;;;
2019/05/03;1700 UTC;;969,7;969,7;969,5;;26,1;20,7;27,7;26,1;20,8;20;72;64;72;;;;
2019/05/03;1800 UTC;;969,4;969,9;969,4;;23,6;21,4;26,1;23,6;21,4;20,6;87;72;87;;;;
2019/05/03;1900 UTC;;970,3;970,4;969,2;;21,8;20,3;23,6;21,8;21,4;20,3;92;86;91;;;;
2019/05/03;2000 UTC;;970,2;970,4;969,9;;21,8;21;21,9;21,7;21,1;20,3;96;91;96;;;;
2019/05/03;2100 UTC;;967,4;970,2;967,3;;21,3;20;21,8;21,2;21;20;96;92;92;;;;
2019/05/03;2200 UTC;;969,9;969,9;967,1;;20,7;19,8;21,5;20,6;20;19,4;94;88;94;;;;
2019/05/03;2300 UTC;;971,6;971,6;969,7;;21,5;19,7;21,6;20,7;19,9;19,6;94;89;89;;;;
2019/05/04;0000 UTC;;971,2;971,8;971,2;;21,3;19,9;22,3;21,2;19,9;19,5;92;86;92;;;;
2019/05/04;0100 UTC;;971,7;971,8;971;;20,8;18,7;21,5;20,8;20;18,7;92;88;88;;;;
2019/05/04;0200 UTC;;971,2;971,7;970,9;;20,7;19;20,8;20,4;19;18,6;90;88;90;;;;
2019/05/04;0300 UTC;;971,7;971,8;971,2;;20,7;19,4;20,8;20,4;19,4;18,8;92;90;92;;;;
2019/05/04;0400 UTC;;971,8;971,9;971,7;;20,7;19,6;20,7;20,3;19,7;19,2;94;92;94;;;;
2019/05/04;0500 UTC;;971,9;971,9;971,6;;20,5;19,6;20,7;20,5;19,7;19,5;94;94;94;;;;
2019/05/04;0600 UTC;;971,6;971,9;971,4;;20,9;19,8;21,3;20,5;20;19,6;94;92;94;;;;
2019/05/04;0700 UTC;;970,8;971,6;970,8;;20,6;19,7;20,9;20,5;19,8;19,6;95;94;94;;;;
2019/05/04;0800 UTC;;971,3;971,3;970,8;;20,7;19,5;20,9;20,6;19,8;19,5;94;93;93;;;;
2019/05/04;0900 UTC;;971,6;971,6;971,3;;20,7;19;20,9;20,6;19,4;19;93;89;90;;;;
2019/05/04;1000 UTC;;972,5;972,5;971,6;;20,6;18,6;20,8;20,5;19;18,6;90;88;88;;;;
2019/05/04;1100 UTC;;972,9;972,9;972,5;;21,8;19,6;21,8;20,3;19,6;18,5;91;87;88;;;;
2019/05/04;1200 UTC;;973,1;973,1;972,9;;23,5;19,5;23,7;21,7;20,1;19,1;88;77;78;;;;
2019/05/04;1300 UTC;;973,5;973,6;973,1;;24,5;19,6;24,6;23,6;20,1;19,2;80;73;74;;;;
2019/05/04;1400 UTC;;973,7;973,7;973,5;;26,5;20,2;26,5;24,5;20,5;19,3;77;67;68;;;;
2019/05/04;1500 UTC;;973,2;973,7;973,2;;27,6;21,1;27,7;26;21,4;19,3;70;66;68;;;;
2019/05/04;1600 UTC;;972;973,2;972;;28,9;20,5;29,4;27,6;22,3;20,3;69;60;60;;;;
2019/05/04;1700 UTC;;971,1;972;971,1;;29,9;21;30,2;28,9;22;20,2;64;58;59;;;;
2019/05/04;1800 UTC;;970,4;971,1;970,4;;29,4;20,9;30;28,6;21,8;20,2;64;58;60;;;;
2019/05/04;1900 UTC;;970,1;970,4;970;;29,9;19,6;30,8;28,9;22,2;19,2;64;52;54;;;;
2019/05/04;2000 UTC;;970;970,1;969,8;;28,7;20,3;30,5;28,7;20,8;19,6;61;53;61;;;;
2019/05/04;2100 UTC;;970,4;970,4;969,9;;26;20,9;28,7;25,9;21;19,6;74;60;74;;;;
2019/05/04;2200 UTC;;970,3;970,5;970,2;;25,3;20,7;26;25,2;21;20,7;76;73;76;;;;
2019/05/04;2300 UTC;;971,1;971,1;970,3;;24,2;19,4;25,4;24,2;20,7;19,4;76;74;75;;;;
2019/05/05;0000 UTC;;971,5;971,5;971,1;;23,3;18,6;24,3;23,2;19,4;18,6;75;73;75;;;;
2019/05/05;0100 UTC;;971,9;971,9;971,5;;22,9;18,5;23,6;22,8;18,6;18,2;76;73;76;;;;
2019/05/05;0200 UTC;;971,9;971,9;971,6;;23,4;18,9;23,7;22,9;18,9;18,5;76;73;76;;;;
2019/05/05;0300 UTC;;971,8;971,9;971,8;;23,6;18,9;23,8;23,2;19;18,8;77;74;75;;;;
2019/05/05;0400 UTC;;971,5;971,8;971,5;;23,4;18,9;23,8;23,2;19;18,9;77;74;76;;;;
2019/05/05;0500 UTC;;971,4;971,5;971,3;;22,9;18,6;23,7;22,9;18,9;18,4;77;73;77;;;;
2019/05/05;0600 UTC;;971,3;971,5;971,3;;22,8;18,8;23;22,6;18,8;18,5;79;76;78;;;;
2019/05/05;0700 UTC;;971,9;971,9;971,3;;22,5;18,8;22,8;22,4;18,9;18,7;80;78;80;;;;
2019/05/05;0800 UTC;;971,8;971,9;971,6;;22,5;18,9;22,6;22,3;19;18,9;81;80;80;;;;
2019/05/05;0900 UTC;;971,4;971,9;971,4;;22,1;18,7;22,6;22,1;19;18,7;81;79;81;;;;
2019/05/05;1000 UTC;;971,9;971,9;971,4;;21,7;18,9;22,3;21,7;18,9;18,7;84;81;84;;;;
2019/05/05;1100 UTC;;972,7;972,7;971,9;;23,5;20;23,5;21,6;20,1;18,9;85;80;80;;;;
2019/05/05;1200 UTC;;972,9;973;972,7;;25,2;20,9;25,2;23,5;20,9;19,6;80;76;77;;;;
2019/05/05;1300 UTC;;973,1;973,1;972,9;;27,2;21,1;27,2;25,3;21,3;20,5;77;69;69;;;;
2019/05/05;1400 UTC;;972,9;973,1;972,8;;28,6;21;28,9;27,2;21,6;20,6;70;63;64;;;;
2019/05/05;1500 UTC;;972,2;972,9;972,2;;30,3;22,4;30,3;28,3;22,5;20,9;66;61;63;;;;
2019/05/05;1600 UTC;;971,3;972,2;971,3;;30;20,5;31;29,3;22,2;20,2;63;54;57;;;;
2019/05/05;1700 UTC;;970,7;971,3;970,7;;30,2;20,7;31,7;29,6;22,2;20,1;59;54;57;;;;
2019/05/05;1800 UTC;;970,3;970,7;970,2;;30,7;21,1;31,6;29,3;22,4;20,4;61;55;56;;;;
2019/05/05;1900 UTC;;970,1;970,4;970,1;;30,6;20,9;31,4;30,5;22,1;20,6;59;55;56;;;;
2019/05/05;2000 UTC;;970,1;970,2;970,1;;29,9;20,6;30,9;29,9;21,6;20;58;55;57;;;;
2019/05/05;2100 UTC;;970,2;970,2;970;;28,3;21,1;29,9;28,3;21,5;20,4;65;57;65;;;;
2019/05/05;2200 UTC;;970,2;970,2;970,1;;27,9;20,7;28,3;27,6;21,2;20,5;66;65;65;;;;
2019/05/05;2300 UTC;;970,7;970,7;970,2;;27,3;20,8;27,9;27,2;21;20,5;68;65;68;;;;
2019/05/06;0000 UTC;;970,9;970,9;970,6;;27,1;20,5;27,5;27,1;20,8;20,4;68;66;67;;;;
2019/05/06;0100 UTC;;971,3;971,4;970,9;;27,2;19,7;27,2;26,6;20,5;19,7;68;64;64;;;;
2019/05/06;0200 UTC;;971,4;971,5;971,4;;26,7;19,5;27,3;25,8;20;19,2;69;64;65;;;;
2019/05/06;0300 UTC;;971,2;971,4;971,1;;24,5;19,9;26,8;24,5;19,9;19,4;76;65;76;;;;
2019/05/06;0400 UTC;;971,1;971,2;971;;24,1;19,8;24,7;23,9;20,1;19,8;78;75;77;;;;
2019/05/06;0500 UTC;;971;971,1;970,9;;24,5;19,5;24,7;24,1;19,8;19,5;77;73;74;;;;
2019/05/06;0600 UTC;;971;971,1;970,9;;24,1;19,6;24,5;24,1;19,6;19,4;76;74;76;;;;
2019/05/06;0700 UTC;;971,1;971,3;970,9;;22,8;19,7;24,7;22,1;19,7;18,1;83;74;83;;;;
2019/05/06;0800 UTC;;971,1;971,3;971,1;;24;19,7;24;22,6;20;19,5;83;77;77;;;;
2019/05/06;0900 UTC;;971,4;971,4;970,9;;23,5;19,4;24,2;23,5;19,7;19,2;78;75;78;;;;
2019/05/06;1000 UTC;;972,2;972,2;971,4;;23,2;19,5;23,6;23;19,5;19,3;80;77;80;;;;
2019/05/06;1100 UTC;;972,8;972,8;972,2;;24,2;20,2;24,2;23,2;20,3;19,5;80;77;78;;;;
2019/05/06;1200 UTC;;972,5;972,9;972,4;;26,1;21,2;26,1;24,2;21,5;20;80;74;75;;;;
2019/05/06;1300 UTC;;972,8;972,9;972,4;;28;21,8;28,4;26,1;22,3;21,2;75;68;69;;;;
2019/05/06;1400 UTC;;972,9;972,9;972,7;;28,6;21,5;28,9;27,8;22,7;21,4;70;65;66;;;;
2019/05/06;1500 UTC;;972,8;973;972,8;;29,8;21,7;30;28,4;22,8;21,3;69;61;62;;;;
2019/05/06;1600 UTC;;972;972,8;972;;30,4;21,2;31,2;29,3;23,1;21,1;65;57;58;;;;
2019/05/06;1700 UTC;;971,2;972;971,2;;30,5;22,3;30,8;30;23;20,5;64;56;62;;;;
2019/05/06;1800 UTC;;970,3;971,2;970,2;;29,8;22;30,5;29,6;22,5;20,9;65;59;63;;;;
2019/05/06;1900 UTC;;970,2;970,3;970,1;;29,5;22,1;29,8;29,4;22,5;21,5;65;62;64;;;;
2019/05/06;2000 UTC;;969,9;970,2;969,9;;28;21,1;29,8;28;22,2;21,1;67;62;66;;;;
2019/05/06;2100 UTC;;971,1;971,1;969,8;;24,6;19,7;28;24,2;21,3;19,2;75;66;74;;;;
2019/05/06;2200 UTC;;970,8;971,1;970,8;;23,3;20;24,6;23,3;20,3;19,7;82;74;82;;;;
2019/05/06;2300 UTC;;971,8;971,8;970,8;;23,3;20,2;23,6;23;20,3;20;84;81;83;;;;
2019/05/07;0000 UTC;;971,7;971,9;971,6;;23,3;19,8;23,6;23;20,2;19,8;83;81;81;;;;
2019/05/07;0100 UTC;;971,7;971,7;971,5;;23,7;19,4;23,7;23,2;19,8;19,4;81;77;77;;;;
2019/05/07;0200 UTC;;971,3;971,7;971,3;;22,8;19,3;23,7;22,5;19,5;19;82;76;81;;;;
2019/05/07;0300 UTC;;971,6;971,7;971,3;;22,4;19;23,2;22,4;19,3;18,7;82;77;81;;;;
2019/05/07;0400 UTC;;970,9;971,6;970,8;;22,6;18,7;22,7;22,4;19;18,6;81;78;79;;;;
2019/05/07;0500 UTC;;970,3;970,9;970,3;;22,5;18,6;22,7;21,3;19;18,1;84;78;78;;;;
2019/05/07;0600 UTC;;970,7;970,7;970,3;;21;18,7;22,5;20,9;18,8;18,1;87;78;87;;;;
2019/05/07;0700 UTC;;970,5;970,7;970,3;;21,5;19,3;22;20,8;19,7;18,8;91;87;87;;;;
2019/05/07;0800 UTC;;970,5;970,6;970,5;;21,5;19,3;21,8;21,4;19,5;19,2;88;86;87;;;;
2019/05/07;0900 UTC;;970,6;970,7;970,5;;21,2;18,9;21,5;21,1;19,3;18,9;88;87;87;;;;
2019/05/07;1000 UTC;;970,8;970,8;970,6;;21,3;19,2;21,3;20,8;19,2;18,8;89;86;88;;;;
2019/05/07;1100 UTC;;971,5;971,5;970,8;;21,6;19,3;21,6;21;19,3;19;89;86;87;;;;
2019/05/07;1200 UTC;;972,1;972,1;971,5;;22,6;19,9;22,7;21,6;20;19,2;87;83;84;;;;
2019/05/07;1300 UTC;;972,3;972,3;972;;24,4;19,4;24,6;22,6;20,4;18,9;85;72;74;;;;
2019/05/07;1400 UTC;;972,5;972,6;972,3;;26,6;19,9;26,6;24,4;20,5;18,7;75;64;67;;;;
2019/05/07;1500 UTC;;971,6;972,5;971,6;;29;20,6;29;26,6;20,8;18,8;67;59;60;;;;
2019/05/07;1600 UTC;;970,9;971,6;970,9;;30,1;19,8;30,5;28,7;21;19,3;60;53;54;;;;
2019/05/07;1700 UTC;;970,3;970,9;970,3;;30,8;20,5;31,2;29,3;20,9;18,8;58;50;54;;;;
2019/05/07;1800 UTC;;969,5;970,3;969,5;;29,8;20,2;31,6;29,3;20,7;18,6;58;50;56;;;;
2019/05/07;1900 UTC;;969,1;969,5;969,1;;30,9;19,8;31,6;29,8;21,1;19,4;58;50;52;;;;
2019/05/07;2000 UTC;;969;969,1;968,9;;30,4;19,7;31;29,9;20,2;19;54;50;53;;;;
2019/05/07;2100 UTC;;969,4;969,4;969;;28,1;19,7;30,4;28,1;19,9;19,4;60;53;60;;;;
2019/05/07;2200 UTC;;969,8;969,8;969,4;;27,4;19,6;28,1;27,4;19,7;19,5;62;60;62;;;;
2019/05/07;2300 UTC;;970,3;970,3;969,7;;26,7;19,5;27,4;26,5;19,7;19,2;65;62;65;;;;
2019/05/08;0000 UTC;;970,8;970,8;970,3;;27,2;19,3;27,6;26,7;19,7;19,2;65;61;62;;;;
2019/05/08;0100 UTC;;971;971,1;970,8;;26;19,2;27,2;25,9;19,4;19,2;66;62;66;;;;
2019/05/08;0200 UTC;;971,4;971,4;971;;25,7;19,3;26;25,4;19,6;19,3;69;66;68;;;;
2019/05/08;0300 UTC;;971,2;971,5;971,2;;25,1;19,5;25,7;24,6;19,8;19;72;68;71;;;;
2019/05/08;0400 UTC;;971;971,2;970,8;;24,2;19,3;25,1;24,2;19,6;19,2;74;71;74;;;;
2019/05/08;0500 UTC;;971,1;971,2;971;;23,2;20;24,2;23,1;20;19,2;82;74;82;;;;
2019/05/08;0600 UTC;;970,8;971,1;970,8;;23,1;20,2;23,3;23;20,2;20;84;82;84;;;;
2019/05/08;0700 UTC;;971,2;971,2;970,8;;22,7;20,1;23,1;22,6;20,2;19,9;85;84;85;;;;
2019/05/08;0800 UTC;;971;971,2;971;;22,4;19,8;22,8;22,4;20,1;19,8;86;85;85;;;;
2019/05/08;0900 UTC;;970,8;971;970,7;;22;19,5;22,4;22;19,8;19,5;86;85;86;;;;
2019/05/08;1000 UTC;;971,5;971,5;970,8;;21,5;19,2;22;21,5;19,6;19,2;87;86;87;;;;
2019/05/08;1100 UTC;;972,6;972,6;971,5;;22,5;19,3;22,5;21,5;19,5;19,2;87;82;82;;;;
2019/05/08;1200 UTC;;973,1;973,1;972,5;;23,8;18,7;23,9;22,5;19,8;18,7;82;73;73;;;;
2019/05/08;1300 UTC;;973,4;973,5;973,1;;25,1;18,9;25,3;23,3;19,4;18,5;75;68;69;;;;
2019/05/08;1400 UTC;;973,4;973,6;973,4;;26,3;19,6;26,4;25,1;19,7;18,6;69;65;66;;;;
2019/05/08;1500 UTC;;972,6;973,4;972,6;;27,6;19,8;27,9;26,2;20,6;19,3;67;61;62;;;;
2019/05/08;1600 UTC;;971,7;972,6;971,7;;28,7;19,9;28,9;27,4;20,4;19,4;64;58;59;;;;
2019/05/08;1700 UTC;;971;971,7;971;;29,2;19,4;29,9;28,3;20,8;19,3;61;55;55;;;;
2019/05/08;1800 UTC;;970,5;971;970,5;;29;19,9;29,9;28,6;20,5;19;59;55;58;;;;
2019/05/08;1900 UTC;;969,9;970,5;969,9;;29,4;19,5;29,9;28,7;20,1;18,8;58;54;55;;;;
2019/05/08;2000 UTC;;969,6;969,9;969,5;;28,5;19,2;29,7;28,3;20,3;18,9;60;54;57;;;;
2019/05/08;2100 UTC;;969,4;969,6;969,2;;26,1;19,4;28,5;26,1;19,5;19,1;67;57;67;;;;
2019/05/08;2200 UTC;;969,4;969,7;969,4;;25,2;19,5;26,1;25,1;19,6;19,4;71;67;71;;;;
2019/05/08;2300 UTC;;970,1;970,1;969,4;;25;19,2;25,4;25;19,5;19,1;71;69;70;;;;
2019/05/09;0000 UTC;;970,3;970,3;969,8;;24,2;19,1;25,1;24;19,3;19,1;74;70;74;;;;
2019/05/09;0100 UTC;;970,8;971,1;970,3;;23,6;18,9;24,2;23,6;19,2;18,9;75;73;75;;;;
2019/05/09;0200 UTC;;970,8;970,9;970,7;;23,4;18,7;23,7;23,3;18,9;18,7;75;74;75;;;;
2019/05/09;0300 UTC;;970,7;970,8;970,6;;23,2;18,4;23,4;23,2;18,7;18,4;76;74;75;;;;
2019/05/09;0400 UTC;;970;971;970;;22,9;18;23,3;22,9;18,4;18;75;73;74;;;;
2019/05/09;0500 UTC;;970,7;970,7;970;;22,3;17,7;22,9;22,2;18;17,7;76;74;75;;;;
2019/05/09;0600 UTC;;970,6;970,9;970,6;;22,1;17,4;22,4;22;17,8;17,3;76;74;75;;;;
2019/05/09;0700 UTC;;969,9;970,6;969,9;;21,7;16,9;22,1;21,7;17,4;16,9;75;73;74;;;;
2019/05/09;0800 UTC;;970,1;970,2;969,7;;21,6;16,8;21,8;21,6;17;16,7;75;73;74;;;;
2019/05/09;0900 UTC;;970;970,1;969,8;;21,4;16,5;21,7;21,4;16,8;16,4;74;73;73;;;;
2019/05/09;1000 UTC;;970,5;970,5;970;;21;16,5;21,4;20,9;16,6;16,3;76;73;76;;;;
2019/05/09;1100 UTC;;971,3;971,3;970,5;;21,1;17,1;21,1;20,8;17,1;16,5;78;76;78;;;;
2019/05/09;1200 UTC;;971,4;971,6;971,1;;21,7;16,6;21,7;21,1;17,3;16,5;78;72;73;;;;
2019/05/09;1300 UTC;;971,5;971,7;971,3;;23,8;17,2;23,8;21,7;17,3;16,4;73;67;67;;;;
2019/05/09;1400 UTC;;971,1;971,6;971,1;;24,3;17,3;24,8;23;17,8;16,4;67;63;65;;;;
2019/05/09;1500 UTC;;970,3;971,1;970,3;;25,4;17,8;25,4;23,8;18,4;16,9;67;62;63;;;;
2019/05/09;1600 UTC;;969,4;970,4;969,4;;26,6;17,9;26,9;24,8;18,5;17;65;58;59;;;;
2019/05/09;1700 UTC;;968,3;969,4;968,3;;27,9;18,1;28,2;26,6;18,9;17,6;60;54;55;;;;
2019/05/09;1800 UTC;;967,6;968,3;967,6;;28,6;18,4;29,3;27,7;19,8;17,7;57;52;54;;;;
2019/05/09;1900 UTC;;967,3;967,6;967,3;;28,5;18,2;28,9;28,3;18,8;17,8;55;52;54;;;;
2019/05/09;2000 UTC;;967,1;967,3;967;;27,9;18,3;29;27,9;19;17,9;56;53;56;;;;
2019/05/09;2100 UTC;;967,4;967,4;967,1;;26,1;18,5;27,9;26,1;18,8;18,2;63;56;63;;;;
2019/05/09;2200 UTC;;967,4;967,5;967,4;;25,2;18,1;26,1;25,2;18,6;18,1;65;63;65;;;;
2019/05/09;2300 UTC;;967,7;967,7;967,4;;24,2;17,6;25,3;24,2;18,1;17,5;66;64;66;;;;
2019/05/10;0000 UTC;;967,9;967,9;967,7;;23,5;17,5;24,2;23,5;17,6;17,5;69;66;69;;;;
2019/05/10;0100 UTC;;967,9;967,9;967,8;;22,6;17,4;23,5;22,6;17,6;17,4;72;69;72;;;;
2019/05/10;0200 UTC;;967,9;968;967,9;;22,4;17,3;22,7;22,1;17,4;17,2;74;72;73;;;;
2019/05/10;0300 UTC;;967,7;968;967,7;;22,2;17,1;22,4;22;17,3;17,1;74;73;73;;;;
2019/05/10;0400 UTC;;967;967,7;967;;22;16,9;22,2;21,9;17,1;16,9;74;73;73;;;;
2019/05/10;0500 UTC;;966,5;967;966,5;;21,3;17;22;21,3;17,1;16,9;77;73;76;;;;
2019/05/10;0600 UTC;;966,3;966,5;966,2;;21,2;16,9;21,5;21,1;17;16,9;77;76;77;;;;
2019/05/10;0700 UTC;;965,7;966,4;965,7;;21;16,8;21,3;20,9;16,9;16,7;77;76;77;;;;
2019/05/10;0800 UTC;;965,8;965,8;965,4;;20,4;16,7;21;20,4;16,8;16,7;80;77;80;;;;
2019/05/10;0900 UTC;;965,8;966;965,6;;19,9;16,9;20,4;19,8;17;16,7;83;80;83;;;;
2019/05/10;1000 UTC;;966,3;966,3;965,8;;20,1;17,2;20,2;19,7;17,3;16,9;84;83;83;;;;
2019/05/10;1100 UTC;;968;968;966,1;;21,3;18;21,3;19,9;18;17,2;84;82;82;;;;
2019/05/10;1200 UTC;;968;968,3;967,9;;23,1;18,9;23,3;21,3;19,2;18;82;77;77;;;;
2019/05/10;1300 UTC;;968,7;968,7;968;;25,1;19,7;25,3;23,1;20,1;18,9;78;71;72;;;;
2019/05/10;1400 UTC;;968,5;968,8;968,4;;27,2;20,9;27,7;25;21,4;19,6;73;66;69;;;;
2019/05/10;1500 UTC;;967,8;968,5;967,7;;28,9;21,2;29,2;27,2;22,1;20,5;69;63;64;;;;
2019/05/10;1600 UTC;;967,1;967,8;967,1;;29,6;22,1;29,6;28,7;22,3;20,9;65;62;64;;;;
2019/05/10;1700 UTC;;966,5;967,1;966,5;;30,7;21,8;30,9;29,5;22,6;20,9;64;57;59;;;;
2019/05/10;1800 UTC;;965,5;966,5;965,5;;29,7;21,1;31,1;29,6;22,6;20,7;62;57;60;;;;
2019/05/10;1900 UTC;;964,7;965,5;964,7;;30,5;21,6;31,2;29,7;22,1;21;61;56;59;;;;
2019/05/10;2000 UTC;;963,8;964,7;963,8;;28,8;21,5;30,6;28,7;21,8;20,9;65;58;65;;;;
2019/05/10;2100 UTC;;964,5;964,5;963,7;;27,4;21,6;28,8;27,4;21,7;21,3;71;64;71;;;;
2019/05/10;2200 UTC;;964,8;964,9;964,5;;26,5;21,5;27,4;26,3;21,8;21,4;74;71;74;;;;
2019/05/10;2300 UTC;;965;965,4;964,8;;24,5;20,7;26,8;24,5;21,8;20,7;79;74;79;;;;
2019/05/11;0000 UTC;;965;965,2;964,7;;23,8;19,6;24,5;23,8;20,6;19,6;80;76;77;;;;
2019/05/11;0100 UTC;;965,5;965,6;965;;23,5;19,6;24,3;23,5;19,6;19,3;79;74;79;;;;
2019/05/11;0200 UTC;;965,7;965,7;964,5;;23,9;19,6;23,9;23,3;19,8;19,6;80;77;77;;;;
2019/05/11;0300 UTC;;966,3;966,4;965,1;;23,2;19,4;23,9;23,2;19,6;19,3;79;77;79;;;;
2019/05/11;0400 UTC;;965,7;966,4;964,8;;22,9;19,6;23,5;22,9;19,6;19,4;82;79;82;;;;
2019/05/11;0500 UTC;;965,3;966;964,6;;23;20,2;23,1;22,9;20,2;19,6;84;82;84;;;;
2019/05/11;0600 UTC;;965,4;965,7;964,7;;23;20,4;23,2;23;20,4;20,2;85;84;85;;;;
2019/05/11;0700 UTC;;964,9;965,4;964,9;;22,8;20,5;23,1;22,7;20,5;20,4;87;85;87;;;;
2019/05/11;0800 UTC;;964,3;965,1;964,3;;22,8;20,5;23;22,8;20,6;20,5;87;86;87;;;;
2019/05/11;0900 UTC;;964,7;964,9;964,2;;23;20,4;23,3;22,8;20,7;20,4;87;84;85;;;;
2019/05/11;1000 UTC;;965,8;965,8;964,7;;23,1;20,3;23,2;22,9;20,4;20,3;86;84;84;;;;
2019/05/11;1100 UTC;;966,1;966,1;965,7;;23,1;20,6;23,1;22,9;20,6;20,3;86;84;86;;;;
2019/05/11;1200 UTC;;967;967;966,1;;23,4;20,7;23,5;23;20,7;20,6;86;85;85;;;;
2019/05/11;1300 UTC;;967,7;967,7;967;;23,6;21;23,6;23,2;21;20,7;87;85;85;;;;
2019/05/11;1400 UTC;;967,4;967,8;967,3;;24,7;21,3;24,7;23,6;21,5;21;85;81;82;;;;
2019/05/11;1500 UTC;;967,2;967,6;967,2;;27,3;21,8;27,4;24,6;22,3;21,1;82;71;72;;;;
2019/05/11;1600 UTC;;966,8;967,2;966,8;;26,9;21,3;27,4;26,4;21,8;20,7;73;69;71;;;;
2019/05/11;1700 UTC;;966,3;966,9;966,3;;26,8;21,6;27,3;26,7;22;21,1;74;71;73;;;;
2019/05/11;1800 UTC;;966,4;966,5;965,9;;25,4;21,6;26,9;25,2;22,1;20,7;80;73;80;;;;
2019/05/11;1900 UTC;;965,8;966,5;965,8;;21,3;20,1;25,5;21,3;21,8;19,9;92;78;92;;;;
2019/05/11;2000 UTC;;966,5;966,6;965,8;;20,7;19,9;21,6;20,6;20,5;19,1;95;91;95;;;;
2019/05/11;2100 UTC;;967,6;967,6;966,5;;20,8;19,7;20,9;20,6;19,9;19,7;96;93;94;;;;
2019/05/11;2200 UTC;;968,4;968,4;966,4;;20,1;19,7;20,8;20,1;19,8;19,4;98;94;98;;;;
2019/05/11;2300 UTC;;969,2;969,3;968,3;;20;19,7;20,2;19,9;19,9;19,5;98;98;98;;;;
2019/05/12;0000 UTC;;970,4;970,4;969,1;;20,2;20,2;20,2;20;20,2;19,7;100;98;100;;;;
2019/05/12;0100 UTC;;970;970,6;969,8;;20,3;20,3;20,3;20,2;20,3;20,2;100;100;100;;;;
2019/05/12;0200 UTC;;970,8;970,8;970;;20,2;20,2;20,3;20,2;20,3;20,2;100;100;100;;;;
2019/05/12;0300 UTC;;971,5;972;970,8;;19,6;19,6;20,3;19,5;20,3;19,5;100;100;100;;;;
2019/05/12;0400 UTC;;970,5;971,8;970,3;;19,4;19,4;19,7;19,4;19,7;19,4;100;100;100;;;;
2019/05/12;0500 UTC;;970,6;970,8;970;;19,5;19,5;19,5;19,4;19,5;19,4;100;100;100;;;;
2019/05/12;0600 UTC;;970,3;970,6;970,1;;19,3;19,3;19,5;19,3;19,5;19,3;100;100;100;;;;
2019/05/12;0700 UTC;;970,8;970,8;970,1;;19,4;19,4;19,4;19,1;19,4;19,1;100;100;100;;;;
2019/05/12;0800 UTC;;970,4;970,8;970,2;;19,7;19,7;19,8;19,4;19,8;19,4;100;100;100;;;;
2019/05/12;0900 UTC;;970,4;970,6;970,3;;19,6;19,6;19,7;19,6;19,7;19,6;100;100;100;;;;
2019/05/12;1000 UTC;;970,8;970,8;970,4;;19,8;19,8;19,8;19,6;19,8;19,6;100;100;100;;;;
2019/05/12;1100 UTC;;971,7;971,9;970,8;;20,1;20,1;20,2;19,8;20,2;19,8;100;100;100;;;;
2019/05/12;1200 UTC;;972,5;972,6;971,7;;20,7;20,7;21;20;20,9;20,1;100;100;100;;;;
2019/05/12;1300 UTC;;973,1;973,1;972,4;;21,2;20,8;21,5;20,7;21,5;20,7;100;98;98;;;;
2019/05/12;1400 UTC;;973,2;973,2;973,1;;22,1;21,1;22,1;21,1;21,3;20,6;98;94;94;;;;
2019/05/12;1500 UTC;;972,6;973,2;972,6;;23,5;20,8;23,6;22,1;21,4;19,7;94;82;85;;;;
2019/05/12;1600 UTC;;972,1;972,7;972;;23,9;19,3;24,4;23,3;20,8;18,6;85;74;75;;;;
2019/05/12;1700 UTC;;971,5;972,1;971,5;;23,9;19,4;24,3;23,8;19,9;18,7;77;72;76;;;;
2019/05/12;1800 UTC;;971,2;971,6;971,1;;23,8;19,3;24,1;23,6;20,1;19;80;75;76;;;;
2019/05/12;1900 UTC;;971,1;971,2;971,1;;24,9;19,1;25,1;23,7;20,2;19,1;78;70;70;;;;
2019/05/12;2000 UTC;;971,2;971,2;971;;24;19;25,7;24;19,8;18,4;74;68;74;;;;
2019/05/12;2100 UTC;;971,5;971,5;971,1;;23,4;19,6;24,4;23,4;20;18,6;81;72;79;;;;
2019/05/12;2200 UTC;;971,9;971,9;971,4;;23,1;19;23,4;22,9;19,5;18,9;80;77;78;;;;
2019/05/12;2300 UTC;;972,4;972,4;971,9;;22,7;19,1;23,2;22,7;19,3;18,7;80;76;80;;;;
2019/05/13;0000 UTC;;972,8;972,9;972,4;;20,6;19,7;22,7;20,5;19,7;18,3;94;80;94;;;;
2019/05/13;0100 UTC;;973,2;973,3;972,8;;20,7;20,3;20,8;20,6;20,3;19,7;97;94;97;;;;
2019/05/13;0200 UTC;;973,4;973,5;973;;20,3;19,9;20,7;20,3;20,3;19,9;98;97;97;;;;
2019/05/13;0300 UTC;;973,4;973,7;973,3;;19,3;19,3;20,4;19,3;20;19,3;100;97;100;;;;
2019/05/13;0400 UTC;;973,4;973,5;973,2;;17,9;17,9;19,4;17,9;19,4;17,9;100;100;100;;;;
2019/05/13;0500 UTC;;973,2;973,5;973,1;;17,4;17,4;17,9;17,4;17,9;17,4;100;100;100;;;;
2019/05/13;0600 UTC;;973;973,3;972,8;;17,2;17,2;17,4;17,2;17,4;17,2;100;100;100;;;;
2019/05/13;0700 UTC;;973;973,4;973;;17;17;17,2;17;17,2;17;100;100;100;;;;
2019/05/13;0800 UTC;;973,2;973,2;972,9;;17,2;17,2;17,2;17;17,2;17;100;100;100;;;;
2019/05/13;0900 UTC;;973,8;973,8;973,2;;17,3;17,3;17,3;17,2;17,3;17,2;100;100;100;;;;
2019/05/13;1000 UTC;;974,3;974,3;973,7;;17,3;17,3;17,3;17,2;17,3;17,2;100;100;100;;;;
2019/05/13;1100 UTC;;975,4;975,4;974,3;;17;17;17,3;16,9;17,3;16,9;100;100;100;;;;
2019/05/13;1200 UTC;;976,2;976,2;975,4;;17;17;17,2;16,9;17,2;16,9;100;100;100;;;;
2019/05/13;1300 UTC;;976,8;976,8;976,2;;17,1;17,1;17,3;16,7;17,2;16,7;100;100;100;;;;
2019/05/13;1400 UTC;;976,5;976,9;976,5;;17,2;17,1;17,5;17;17,5;16,9;100;98;100;;;;
2019/05/13;1500 UTC;;976,7;976,7;976,3;;16,7;16,4;17,4;16,6;17,3;16,3;100;98;98;;;;
2019/05/13;1600 UTC;;976,3;976,7;976,3;;16,9;16;17;16,3;16,7;16;99;94;94;;;;
2019/05/13;1700 UTC;;975,8;976,3;975,8;;17,7;15,4;17,8;16,7;16,2;15;95;86;86;;;;
2019/05/13;1800 UTC;;975,7;975,8;975,5;;17,9;15,3;17,9;17,4;15,5;14,8;87;85;85;;;;
2019/05/13;1900 UTC;;975,8;975,9;975,5;;18;15,1;18,1;17,8;15,6;15,1;86;83;84;;;;
2019/05/13;2000 UTC;;976,1;976,1;975,7;;17,8;14,4;18;17,7;15,1;14,4;84;80;81;;;;
2019/05/13;2100 UTC;;976,4;976,4;975,8;;17,1;14;17,8;17;14,6;13,9;82;80;82;;;;
2019/05/13;2200 UTC;;976,4;976,5;976,2;;16,1;14;17,1;16,1;14,2;13,9;87;82;87;;;;
2019/05/13;2300 UTC;;976,9;977;976,4;;15,9;14;16,1;15,7;14,1;13,9;89;87;89;;;;
2019/05/14;0000 UTC;;977,7;977,7;976,9;;15,5;13,5;15,9;15,5;14;13,4;89;87;88;;;;
2019/05/14;0100 UTC;;977,9;977,9;977,2;;15,3;12,8;15,6;15,3;13,5;12,7;88;84;85;;;;
2019/05/14;0200 UTC;;977,4;977,9;977,3;;15,2;12,6;15,3;15;12,9;12,6;87;84;84;;;;
2019/05/14;0300 UTC;;977,5;977,5;977,1;;14,6;12,6;15,3;14,6;12,7;12,5;88;84;88;;;;
2019/05/14;0400 UTC;;977;977,5;977;;14,2;12,4;14,6;14,2;12,7;12,3;89;87;89;;;;
2019/05/14;0500 UTC;;977;977,2;976,8;;14;12,1;14,3;14;12,5;12,1;89;88;88;;;;
2019/05/14;0600 UTC;;976,2;977;976,2;;13,7;12,1;14,2;13,6;12,2;12;90;88;90;;;;
2019/05/14;0700 UTC;;975,9;976,4;975,8;;12,8;11,3;13,7;12,8;12,1;11,3;91;90;90;;;;
2019/05/14;0800 UTC;;975,6;975,9;975,6;;12,5;10,2;12,8;12,4;11,2;10,2;90;86;86;;;;
2019/05/14;0900 UTC;;975,9;975,9;975,6;;11,9;9,8;12,6;11,8;10,1;9,7;87;85;87;;;;
2019/05/14;1000 UTC;;976,3;976,3;975,9;;11,4;9,9;11,9;11,4;10;9,7;90;87;90;;;;
2019/05/14;1100 UTC;;977,2;977,2;976,3;;12;10,5;12;11,3;10,5;9,8;91;90;90;;;;
2019/05/14;1200 UTC;;977,6;977,6;977,2;;14,3;11,2;14,5;12;11,7;10,5;91;81;82;;;;
2019/05/14;1300 UTC;;978,1;978,1;977,5;;15,8;11,5;15,8;14,3;11,8;10,8;83;74;76;;;;
2019/05/14;1400 UTC;;977,7;978,2;977,5;;16,4;10,5;17,2;15,6;12,4;10,4;76;68;68;;;;
2019/05/14;1500 UTC;;977,1;977,8;977;;18,1;11,7;18,8;16,4;12,5;10,9;70;64;66;;;;
2019/05/14;1600 UTC;;976,5;977,2;976,5;;17,5;11,8;19,6;17,4;12,9;10,8;69;62;69;;;;
2019/05/14;1700 UTC;;976,1;976,4;976,1;;16,7;11,7;18;16,6;12,1;11,2;73;67;72;;;;
2019/05/14;1800 UTC;;975,6;976,1;975,6;;16,5;11,8;16,9;16,4;12;11,3;74;71;74;;;;
2019/05/14;1900 UTC;;975,1;975,6;974,9;;15,7;11,5;16,5;15,7;11,9;11,2;76;72;76;;;;
2019/05/14;2000 UTC;;975,5;975,5;975;;15,2;11,7;15,7;15,2;11,9;11,3;80;76;79;;;;
2019/05/14;2100 UTC;;975,7;975,7;975,3;;14,6;12,1;15,2;14,6;12,1;11,6;85;79;85;;;;
2019/05/14;2200 UTC;;975,6;975,9;975,5;;14,2;12,3;14,6;14,2;12,3;12;89;85;88;;;;
2019/05/14;2300 UTC;;975,8;976;975,4;;14,1;12,5;14,2;14,1;12,5;12,1;90;87;90;;;;
2019/05/15;0000 UTC;;976;976,2;975,8;;13,3;12,3;14,1;13,3;12,7;12,3;94;90;94;;;;
2019/05/15;0100 UTC;;976,1;976,3;976;;13,4;12,5;13,5;13,2;12,6;12,2;95;94;94;;;;
2019/05/15;0200 UTC;;975,3;976,1;975,3;;12,8;12,2;13,4;12,6;12,4;11,9;96;94;96;;;;
2019/05/15;0300 UTC;;975,1;975,3;975,1;;12,3;12;12,8;12,3;12,2;11,9;98;96;98;;;;
2019/05/15;0400 UTC;;974,5;975,1;974,5;;12,2;12,2;12,3;12,1;12,2;11,8;100;98;100;;;;
2019/05/15;0500 UTC;;974;974,5;974;;12,1;12,1;12,2;12;12,2;12;100;100;100;;;;
2019/05/15;0600 UTC;;973,7;974,1;973,7;;11,4;11,4;12,1;11,3;12;11,3;100;100;100;;;;
2019/05/15;0700 UTC;;973,5;973,7;973,5;;11,6;11,6;11,7;11,3;11,7;11,3;100;100;100;;;;
2019/05/15;0800 UTC;;973,5;973,5;973,3;;11,4;11,4;11,8;11,4;11,8;11,4;100;100;100;;;;
2019/05/15;0900 UTC;;974,1;974,1;973,5;;12;11,9;12;11,3;12;11,3;100;100;100;;;;
2019/05/15;1000 UTC;;974,7;974,7;974;;11,9;11,9;12,1;11,8;12,1;11,7;100;99;100;;;;
2019/05/15;1100 UTC;;975,4;975,4;974,7;;12,5;12,5;12,5;11,8;12,5;11,9;100;100;100;;;;
2019/05/15;1200 UTC;;976,1;976,1;975,4;;14,8;14,1;14,8;12,5;14,1;12,5;100;95;95;;;;
2019/05/15;1300 UTC;;976,6;976,6;976,1;;18,4;14,4;18,6;14,8;15,1;14;96;78;78;;;;
2019/05/15;1400 UTC;;976,4;976,6;976,4;;21,4;15;21,4;18,4;15,3;13,5;79;64;67;;;;
2019/05/15;1500 UTC;;975,6;976,4;975,6;;22;14;22,6;21,1;15;13,7;67;60;60;;;;
2019/05/15;1600 UTC;;974,6;975,6;974,6;;23,9;14,8;24;21,8;15,1;14;63;56;57;;;;
2019/05/15;1700 UTC;;973,8;974,6;973,7;;24,3;14,7;24,5;22,8;15,2;13,4;59;53;55;;;;
2019/05/15;1800 UTC;;973;973,8;973;;25;13,2;25,4;23,6;15,1;12,9;57;47;48;;;;
2019/05/15;1900 UTC;;973,1;973,1;972,9;;22,8;13,1;25,6;22,8;14,3;12,9;55;47;54;;;;
2019/05/15;2000 UTC;;973,3;973,3;973,1;;23,5;13,6;25;22,8;14,4;12,7;55;48;54;;;;
2019/05/15;2100 UTC;;973,9;973,9;973,3;;21,6;13,6;23,6;21,5;13,8;13,3;61;53;61;;;;
2019/05/15;2200 UTC;;974,2;974,2;973,9;;20,4;14,6;21,6;20,3;14,6;13,5;69;61;69;;;;
2019/05/15;2300 UTC;;974,6;974,6;974,2;;19,4;14,2;20,5;19,4;14,6;14,2;72;69;72;;;;
2019/05/16;0000 UTC;;975,2;975,2;974,6;;19,7;14,2;19,8;19,1;14,2;14;72;70;70;;;;
2019/05/16;0100 UTC;;975,2;975,2;975,1;;19,7;14,3;19,9;19,4;14,3;14;71;70;71;;;;
2019/05/16;0200 UTC;;975,2;975,3;975,2;;18,7;14,2;19,8;18,7;14,3;14,1;75;70;75;;;;
2019/05/16;0300 UTC;;975;975,2;974,9;;18,7;14,3;18,8;18,3;14,4;14,1;77;75;76;;;;
2019/05/16;0400 UTC;;974,6;975;974,6;;18,1;14,1;18,7;18,1;14,3;14,1;78;76;78;;;;
2019/05/16;0500 UTC;;974,3;974,6;974,3;;17,7;14,1;18,2;17,6;14,2;13,9;79;77;79;;;;
2019/05/16;0600 UTC;;974,2;974,3;974,1;;17,5;14;17,8;17,4;14,1;13,9;80;79;80;;;;
2019/05/16;0700 UTC;;974,1;974,2;974;;17,5;13,9;17,7;17,4;14,1;13,9;80;79;80;;;;
2019/05/16;0800 UTC;;973,9;974,1;973,9;;17,4;13,7;17,6;17,3;14;13,7;80;79;79;;;;
2019/05/16;0900 UTC;;974,3;974,3;973,9;;17,5;13,3;17,7;17,4;13,8;13,3;79;76;77;;;;
2019/05/16;1000 UTC;;974,9;974,9;974,3;;17,4;13,1;17,6;17,3;13,4;13,1;77;76;76;;;;
2019/05/16;1100 UTC;;975,5;975,5;974,8;;17,9;13,1;17,9;17,4;13,2;13,1;76;73;74;;;;
2019/05/16;1200 UTC;;976,2;976,2;975,5;;19,6;13,6;19,6;17,9;13,6;13,1;74;68;69;;;;
2019/05/16;1300 UTC;;976,5;976,5;976,1;;20,9;13,7;21,5;19,6;14,3;13,1;69;62;64;;;;
2019/05/16;1400 UTC;;976,3;976,6;976,3;;23,5;15,2;23,5;20,4;15,2;13,3;65;58;60;;;;
2019/05/16;1500 UTC;;975,7;976,3;975,6;;24;14,3;24,4;22,7;15,6;14;60;54;55;;;;
2019/05/16;1600 UTC;;975,3;975,7;975,3;;23,8;14,2;25,3;23,7;15,7;14;57;51;55;;;;
2019/05/16;1700 UTC;;974,5;975,4;974,5;;23,9;14,5;25,4;23,4;15,8;13,9;57;52;56;;;;
2019/05/16;1800 UTC;;974,2;974,6;974,2;;23,8;15,2;24,4;23,4;15,4;14,4;60;55;59;;;;
2019/05/16;1900 UTC;;973,8;974,2;973,8;;24,5;15,3;25,7;23,8;16,3;14,9;60;53;57;;;;
2019/05/16;2000 UTC;;973,8;973,9;973,8;;23,7;15,2;24,5;23,7;15,9;14,8;61;56;59;;;;
2019/05/16;2100 UTC;;973,9;973,9;973,8;;22,1;15,2;23,7;22;15,6;15;65;58;65;;;;
2019/05/16;2200 UTC;;974,3;974,3;973,9;;21,5;15,4;22;21,3;15,5;15,1;69;65;68;;;;
2019/05/16;2300 UTC;;974,5;974,5;974,3;;20,6;15,1;21,5;20,5;15,5;15;71;68;71;;;;
2019/05/17;0000 UTC;;974,6;974,6;974,4;;20,2;15,1;20,8;20,1;15,4;15;73;71;72;;;;
2019/05/17;0100 UTC;;974,5;974,6;974,5;;20,4;15,3;20,5;20;15,4;15,1;74;72;72;;;;
2019/05/17;0200 UTC;;974,6;974,6;974,4;;19,7;15,1;20,4;19,6;15,2;14,9;75;72;75;;;;
2019/05/17;0300 UTC;;974,6;974,6;974,5;;18,7;15,1;19,7;18,7;15,3;15;80;75;80;;;;
2019/05/17;0400 UTC;;974,5;974,6;974,4;;18,4;15,1;18,9;18,4;15,3;15,1;81;80;81;;;;
2019/05/17;0500 UTC;;974,1;974,5;974,1;;17,9;15,2;18,5;17,8;15,3;15;84;81;84;;;;
2019/05/17;0600 UTC;;973,7;974,1;973,7;;17,4;14,9;17,9;17,4;15,1;14,9;86;84;86;;;;
2019/05/17;0700 UTC;;973,3;973,7;973,3;;17,2;14,7;17,6;17,1;15,1;14,6;86;85;86;;;;
2019/05/17;0800 UTC;;973;973,3;973;;17;14,5;17,3;17;14,8;14,5;86;85;85;;;;
2019/05/17;0900 UTC;;973;973;972,9;;16,9;14,4;17,1;16,9;14,6;14,4;85;85;85;;;;
2019/05/17;1000 UTC;;973,7;973,8;972,9;;16,7;14,2;16,9;16,6;14,4;14,1;86;85;85;;;;
2019/05/17;1100 UTC;;974,4;974,4;973,8;;17,7;14,6;17,7;16,7;14,6;14,1;85;82;82;;;;
2019/05/17;1200 UTC;;974,5;974,6;974,3;;19,8;14,9;19,9;17,7;15,3;14,5;82;73;73;;;;
2019/05/17;1300 UTC;;975,1;975,1;974,5;;22,2;15,8;22,3;19,8;16,1;14,8;74;67;67;;;;
2019/05/17;1400 UTC;;974,6;975,1;974,6;;23,4;15,4;24,1;21,8;16,5;15;67;60;61;;;;
2019/05/17;1500 UTC;;973,9;974,7;973,8;;24,6;16,3;24,8;23,3;16,4;15,3;62;57;60;;;;
2019/05/17;1600 UTC;;973;973,9;973;;25;16,3;25,8;24,4;17,1;15,7;60;56;59;;;;
2019/05/17;1700 UTC;;972,2;973;972,2;;25,5;16,1;26,7;24,4;17,1;15,4;60;53;56;;;;
2019/05/17;1800 UTC;;971,5;972,3;971,5;;25,2;16;26,3;25;17,1;15,8;59;55;57;;;;
2019/05/17;1900 UTC;;970,8;971,5;970,8;;26,5;16;27,4;25,2;17,3;15,5;57;50;53;;;;
2019/05/17;2000 UTC;;970,7;970,8;970,7;;25,3;16,1;26,5;24,9;16,2;15,6;57;52;57;;;;
2019/05/17;2100 UTC;;970,8;970,9;970,7;;23,6;16,1;25,7;23,6;16,2;15,6;63;53;63;;;;
2019/05/17;2200 UTC;;971,1;971,1;970,8;;22,8;15,8;23,6;22,7;16,2;15,8;67;63;65;;;;
2019/05/17;2300 UTC;;971,7;971,7;971,1;;21,4;16;22,9;21,4;16;15,8;71;65;71;;;;
2019/05/18;0000 UTC;;972,3;972,3;971,7;;21,8;15,5;22,3;21,4;16;15,4;71;66;67;;;;
2019/05/18;0100 UTC;;972,5;972,5;972,3;;21,1;14,9;21,8;21;15,5;14,9;69;67;68;;;;
2019/05/18;0200 UTC;;972,7;972,7;972,5;;19,9;14,6;21,1;19,9;14,9;14,5;72;68;72;;;;
2019/05/18;0300 UTC;;972,7;972,7;972,6;;18,8;14,6;19,9;18,8;14,7;14,5;77;72;77;;;;
2019/05/18;0400 UTC;;972,4;972,7;972,4;;18,3;14,4;18,8;18,2;14,6;14,4;79;77;78;;;;
2019/05/18;0500 UTC;;972,2;972,5;972,2;;17,7;14,2;18,4;17,6;14,5;14,2;80;77;80;;;;
2019/05/18;0600 UTC;;971,8;972,2;971,8;;17,5;14;17,8;17,3;14,2;13,9;81;79;80;;;;
2019/05/18;0700 UTC;;971,9;971,9;971,7;;17,1;13,9;17,6;17,1;14;13,8;81;80;81;;;;
2019/05/18;0800 UTC;;971,7;972;971,7;;17;13,8;17,2;16,8;13,9;13,7;82;81;81;;;;
2019/05/18;0900 UTC;;972;972;971,7;;16,4;13,7;17;16,4;13,8;13,6;84;81;84;;;;
2019/05/18;1000 UTC;;972,9;972,9;972;;16,4;13,8;16,5;16;13,8;13,5;85;84;85;;;;
2019/05/18;1100 UTC;;973,1;973,1;972,8;;17,7;14,2;17,7;16,4;14,3;13,7;85;80;80;;;;
2019/05/18;1200 UTC;;974,1;974,1;973,1;;19,5;14,9;19,6;17,7;15;14,2;80;74;75;;;;
2019/05/18;1300 UTC;;974,4;974,5;974;;21,3;15,5;21,6;19,5;16;14,7;75;68;69;;;;
2019/05/18;1400 UTC;;974,2;974,5;974,2;;23,2;16,1;23,5;21,3;16,5;15,4;69;64;64;;;;
2019/05/18;1500 UTC;;973,7;974,3;973,7;;24,4;17,2;24,4;23,1;17,2;15,6;65;61;64;;;;
2019/05/18;1600 UTC;;973,1;973,7;973,1;;25;17;25,2;24;17,1;16,1;64;60;61;;;;
2019/05/18;1700 UTC;;972,2;973,1;972,2;;26;17;26,4;25;17,9;16,5;62;57;57;;;;
2019/05/18;1800 UTC;;971,5;972,2;971,5;;26,7;17;27,4;25,5;18;15,9;59;54;55;;;;
2019/05/18;1900 UTC;;971,2;971,5;971,2;;26,8;16;27,2;26,1;17,3;15,8;56;50;52;;;;
2019/05/18;2000 UTC;;971,2;971,2;971,1;;26,1;15,7;26,9;26,1;16,6;15,3;54;50;53;;;;
2019/05/18;2100 UTC;;971,6;971,6;971,2;;23,7;15,6;26,1;23,7;16,1;15,4;61;52;61;;;;
2019/05/18;2200 UTC;;972;972;971,6;;22,5;15,6;23,7;22,5;15,7;15,4;65;61;65;;;;
2019/05/18;2300 UTC;;972,4;972,4;972;;22,3;15,4;22,9;22,3;15,9;15,4;65;64;65;;;;
2019/05/19;0000 UTC;;972,9;972,9;972,4;;21,4;15,4;22,3;21,3;15,7;15,3;69;65;69;;;;
2019/05/19;0100 UTC;;973,2;973,2;972,9;;20,7;15,1;21,4;20,7;15,5;15,1;70;69;70;;;;
2019/05/19;0200 UTC;;973,6;973,6;973,2;;19,9;15,3;20,8;19,8;15,4;15;75;70;75;;;;
2019/05/19;0300 UTC;;973,8;973,8;973,6;;19,2;15,2;20;19,1;15,4;15;78;75;78;;;;
2019/05/19;0400 UTC;;973,8;973,8;973,7;;18,7;15,4;19,4;18,6;15,4;15,1;81;77;81;;;;
2019/05/19;0500 UTC;;973,5;973,8;973,5;;18,3;15,3;18,8;18,3;15,5;15,3;83;81;83;;;;
2019/05/19;0600 UTC;;973;973,5;973;;17,9;15,1;18,4;17,9;15,3;15,1;84;82;84;;;;
2019/05/19;0700 UTC;;972,6;973;972,6;;17,8;15;18;17,7;15,2;14,9;84;83;84;;;;
2019/05/19;0800 UTC;;972,3;972,6;972,3;;17,5;14,9;17,8;17,5;15;14,9;85;84;85;;;;
2019/05/19;0900 UTC;;972,5;972,5;972,3;;17,3;14,9;17,6;17,2;15;14,7;86;85;86;;;;
2019/05/19;1000 UTC;;972,6;972,6;972,4;;17,1;14,8;17,3;17,1;14,9;14,7;86;85;86;;;;
2019/05/19;1100 UTC;;973,3;973,3;972,6;;18,2;15,3;18,2;16,9;15,3;14,6;87;83;83;;;;
2019/05/19;1200 UTC;;973,6;973,8;973,3;;19,6;15,7;19,7;18,2;16,1;15,2;83;78;78;;;;
2019/05/19;1300 UTC;;974,2;974,2;973,6;;21,2;16,6;21,2;19,5;16,6;15,6;79;74;75;;;;
2019/05/19;1400 UTC;;974,6;974,6;974,2;;22,3;16,7;22,3;20,7;16,9;15,9;75;70;71;;;;
2019/05/19;1500 UTC;;973,7;974,5;973,7;;23,2;17,4;23,4;21,9;18;16,3;74;68;70;;;;
2019/05/19;1600 UTC;;972,6;973,7;972,6;;25;18,1;25,1;23,2;18,6;16,5;71;63;66;;;;
2019/05/19;1700 UTC;;971,8;972,6;971,8;;25,6;17,2;26,3;24,4;18,8;16,5;66;58;60;;;;
2019/05/19;1800 UTC;;970,9;971,8;970,9;;26,1;18,3;26,5;24,5;19;16,4;66;57;62;;;;
2019/05/19;1900 UTC;;970,5;971;970,5;;26,3;17,3;26,9;25,6;18,7;17,1;63;57;58;;;;
2019/05/19;2000 UTC;;970,9;970,9;970,4;;25,3;17,2;26,7;25,2;18,3;16,7;61;58;61;;;;
2019/05/19;2100 UTC;;971,3;971,4;970,9;;23,5;15,8;25,6;23,4;17,7;15,8;64;60;62;;;;
2019/05/19;2200 UTC;;971,4;971,4;971,2;;23,5;16;23,8;23,3;16,4;15,8;64;62;63;;;;
2019/05/19;2300 UTC;;971,8;971,8;971,4;;22,6;16,6;23,5;22,5;16,7;15,7;69;63;69;;;;
2019/05/20;0000 UTC;;971,9;972,1;971,8;;21,8;16,4;22,6;21,8;16,7;16,4;72;69;71;;;;
2019/05/20;0100 UTC;;972,1;972,1;971,8;;21,2;15,6;21,8;21,2;16,4;15,6;73;70;70;;;;
2019/05/20;0200 UTC;;972,2;972,2;972,1;;20,7;15,1;21,4;20,6;15,6;15,1;71;69;71;;;;
2019/05/20;0300 UTC;;972,1;972,2;972;;20,6;14,8;21,1;20,6;15,2;14,8;71;68;69;;;;
2019/05/20;0400 UTC;;972;972,2;971,9;;19,9;15,1;20,6;19,8;15,1;14,8;73;69;73;;;;
2019/05/20;0500 UTC;;971,6;972;971,6;;19,6;15;19,9;19,5;15,1;15;75;73;75;;;;
2019/05/20;0600 UTC;;971,2;971,6;971,2;;19,4;15;19,7;19,3;15;14,9;76;74;76;;;;
2019/05/20;0700 UTC;;970,7;971,2;970,7;;18,7;15;19,4;18,7;15;14,8;79;76;79;;;;
2019/05/20;0800 UTC;;970,6;970,8;970,6;;18,2;15;18,8;18,2;15;14,9;82;79;82;;;;
2019/05/20;0900 UTC;;971;971;970,6;;17,9;15;18,3;17,8;15,1;14,9;83;81;83;;;;
2019/05/20;1000 UTC;;971,7;971,7;970,9;;17,5;15;17,9;17,4;15;14,8;85;83;85;;;;
2019/05/20;1100 UTC;;972,4;972,4;971,7;;18,8;15,5;18,8;17,5;15,6;15;85;81;82;;;;
2019/05/20;1200 UTC;;973,3;973,3;972,4;;20;16,3;20,2;18,8;16,5;15,5;82;78;79;;;;
2019/05/20;1300 UTC;;973,7;973,7;973,2;;21,9;16,7;21,9;19,9;17;16;79;72;72;;;;
2019/05/20;1400 UTC;;973,6;973,8;973,6;;24,1;17,3;24,1;21,9;17,3;16,4;73;64;66;;;;
2019/05/20;1500 UTC;;972,8;973,6;972,8;;25,5;16,8;25,6;23,8;17,6;16,3;66;59;59;;;;
2019/05/20;1600 UTC;;971,8;972,8;971,8;;26,5;17,4;26,6;25,2;18,2;16,7;62;57;57;;;;
2019/05/20;1700 UTC;;970,9;971,8;970,9;;27,1;16;28;26,3;18,2;16;60;50;51;;;;
2019/05/20;1800 UTC;;970,2;970,9;970,2;;27,6;17;28;27,1;17,2;16;53;49;52;;;;
2019/05/20;1900 UTC;;969,7;970,1;969,6;;27,2;16,5;28;27;17,2;15,9;55;50;52;;;;
2019/05/20;2000 UTC;;969,7;969,7;969,6;;26,3;16,1;27,2;26,3;17,2;15,9;55;51;53;;;;
2019/05/20;2100 UTC;;969,7;969,7;969,7;;24,5;16,7;26,3;24,3;17,1;15,9;63;53;62;;;;
2019/05/20;2200 UTC;;969,8;969,8;969,7;;23,8;16,6;24,6;23,8;16,8;16,3;64;61;64;;;;
2019/05/20;2300 UTC;;970;970;969,8;;23,5;16,1;23,9;23,5;16,7;16,1;65;63;63;;;;
2019/05/21;0000 UTC;;970,3;970,3;970;;22,6;15;23,5;22,5;16,1;15;64;61;62;;;;
2019/05/21;0100 UTC;;970,6;970,6;970,3;;21,9;14,7;22,9;21,9;15;14,7;64;61;64;;;;
2019/05/21;0200 UTC;;970,9;970,9;970,6;;21,3;14,8;22;21,3;14,9;14,7;66;64;66;;;;
2019/05/21;0300 UTC;;970,9;970,9;970,7;;20,7;14,6;21,3;20,7;14,8;14,6;68;66;68;;;;
2019/05/21;0400 UTC;;971;971;970,9;;20,9;14,3;21,2;20,7;14,8;14,3;69;66;66;;;;
2019/05/21;0500 UTC;;970,6;971;970,6;;20,1;14,2;21;20,1;14,3;14,1;69;66;69;;;;
2019/05/21;0600 UTC;;970,2;970,6;970,2;;19,1;14,3;20,2;19,1;14,4;14,1;74;69;74;;;;
2019/05/21;0700 UTC;;969,5;970,2;969,5;;19;14,5;19,3;18,9;14,6;14,3;75;74;75;;;;
2019/05/21;0800 UTC;;969,2;969,5;969,2;;18,6;14,5;19,1;18,6;14,7;14,4;77;75;77;;;;
2019/05/21;0900 UTC;;969,9;969,9;969,2;;17,7;14,2;18,7;17,7;14,5;14,1;80;77;80;;;;
2019/05/21;1000 UTC;;970,6;970,6;969,9;;16,9;14;17,9;16,9;14,4;13,8;83;80;83;;;;
2019/05/21;1100 UTC;;971,4;971,4;970,6;;18,3;14,9;18,3;16,9;15;14;84;80;81;;;;
2019/05/21;1200 UTC;;972,3;972,3;971,4;;20,8;15,8;20,8;18,3;16;14,9;81;73;73;;;;
2019/05/21;1300 UTC;;973;973;972,3;;22,6;16,4;22,6;20,7;16,4;15,5;74;67;68;;;;
2019/05/21;1400 UTC;;972,7;973,1;972,7;;24,2;15;24,6;22,5;16,7;15;68;56;57;;;;
2019/05/21;1500 UTC;;971,7;972,7;971,7;;25,7;15,8;26,2;24,1;16,6;14,5;58;53;54;;;;
2019/05/21;1600 UTC;;970,4;971,7;970,4;;27,3;14,7;27,7;25,7;16,9;14;55;44;46;;;;
2019/05/21;1700 UTC;;969,6;970,4;969,6;;27,8;15,3;28,4;27,1;15,8;13,6;47;43;46;;;;
2019/05/21;1800 UTC;;969,3;969,6;969,3;;28,2;14,9;28,7;27,7;16,3;14,5;48;43;44;;;;
2019/05/21;1900 UTC;;968,8;969,3;968,8;;27,8;14,8;28,4;27,7;15,4;14,3;46;43;45;;;;
2019/05/21;2000 UTC;;968,9;968,9;968,7;;26,7;15,9;28,2;26,7;16;14,5;52;44;52;;;;
2019/05/21;2100 UTC;;969,1;969,1;968,8;;24,5;15,9;26,7;24,5;16,5;15,8;59;51;59;;;;
2019/05/21;2200 UTC;;969,2;969,2;969;;23,6;15,6;24,5;23,4;15,9;15,6;62;59;61;;;;
2019/05/21;2300 UTC;;969,3;969,3;969,1;;22,6;15,4;23,6;22,3;15,7;15,3;65;61;64;;;;
2019/05/22;0000 UTC;;969,5;969,5;969,2;;22,5;14,9;23,1;22,4;15,5;14,9;64;61;62;;;;
2019/05/22;0100 UTC;;969,7;969,7;969,5;;22;14,8;22,7;21,6;15;14,7;65;61;64;;;;
2019/05/22;0200 UTC;;970,1;970,1;969,7;;21,5;14,8;22;21,4;14,8;14,7;66;64;66;;;;
2019/05/22;0300 UTC;;970,4;970,4;970,1;;20,9;14,6;21,4;20,8;14,8;14,6;68;66;67;;;;
2019/05/22;0400 UTC;;970,2;970,5;970,2;;20,2;14,5;20,9;20;14,6;14,4;70;67;70;;;;
2019/05/22;0500 UTC;;970,2;970,4;970,2;;19,8;14,4;20,5;19,8;14,7;14,4;71;69;71;;;;
2019/05/22;0600 UTC;;969,7;970,2;969,7;;19,6;14,9;19,8;19,3;15;14,3;75;71;75;;;;
2019/05/22;0700 UTC;;969,4;969,7;969,4;;18,9;14,8;19,6;18,9;15;14,6;77;74;77;;;;
2019/05/22;0800 UTC;;969,2;969,4;969,1;;19,3;14,8;19,5;18,9;14,9;14,7;77;74;75;;;;
2019/05/22;0900 UTC;;969,6;969,6;969;;19,1;14,9;19,4;19,1;14,9;14,7;77;75;77;;;;
2019/05/22;1000 UTC;;970,2;970,2;969,6;;19,3;14,9;19,4;19;15;14,9;77;75;76;;;;
2019/05/22;1100 UTC;;970,6;970,6;970,2;;19,2;15,4;19,4;19,1;15,4;14,9;79;75;79;;;;
2019/05/22;1200 UTC;;971,1;971,2;970,6;;20;15,3;20;19,2;15,7;15,3;79;74;74;;;;
2019/05/22;1300 UTC;;971,4;971,5;971,1;;22,3;15,7;22,4;20;16,5;15,4;76;66;66;;;;
2019/05/22;1400 UTC;;971,7;971,7;971,4;;22,5;16,2;22,9;22,2;16,2;15,4;68;64;67;;;;
2019/05/22;1500 UTC;;971,4;971,6;971,3;;23,6;17,4;23,9;22,5;17,7;16,3;70;67;68;;;;
2019/05/22;1600 UTC;;970,8;971,4;970,8;;24,8;17,3;25,1;23,7;18;16,8;69;62;63;;;;
2019/05/22;1700 UTC;;970;970,8;970;;25,7;17,9;26,8;24,8;19;17,1;64;60;62;;;;
2019/05/22;1800 UTC;;969,5;970;969,5;;25,2;18,6;25,9;25,1;18,9;17,8;68;62;67;;;;
2019/05/22;1900 UTC;;969,2;969,5;969,1;;24,7;18,6;25,1;24,7;19;18,3;70;66;69;;;;
2019/05/22;2000 UTC;;969,2;969,2;969,1;;24,5;19,2;24,9;24,5;19,2;18,6;73;69;72;;;;
2019/05/22;2100 UTC;;969,7;969,8;969;;22,4;17,8;24,5;22,4;19,9;17,8;77;72;75;;;;
2019/05/22;2200 UTC;;969,7;969,7;969,5;;20,6;18,8;22,3;20,6;18,8;17,7;89;76;89;;;;
2019/05/22;2300 UTC;;970,1;970,1;969,6;;20;18,8;20,8;20;19;18,6;93;89;93;;;;
2019/05/23;0000 UTC;;970,6;970,6;970,1;;20,2;19,1;20,2;19,8;19,1;18,5;93;91;93;;;;
2019/05/23;0100 UTC;;970,6;970,7;970,4;;20;18,7;20,4;20;19,1;18,7;93;92;92;;;;
2019/05/23;0200 UTC;;970,6;971,4;970,4;;20;18,8;20,2;19,9;18,9;18,6;93;92;93;;;;
2019/05/23;0300 UTC;;971,7;971,7;970,4;;19,3;18,7;20,1;19,3;18,9;18,6;96;93;96;;;;
2019/05/23;0400 UTC;;971;971,7;970,9;;18,6;18,3;19,3;18,6;18,7;18,3;98;96;98;;;;
2019/05/23;0500 UTC;;970,9;971;970,8;;18,6;18,3;18,6;18,5;18,3;18,2;98;98;98;;;;
2019/05/23;0600 UTC;;970,2;970,9;970,2;;18,5;18,1;18,6;18,5;18,3;18,1;98;98;98;;;;
2019/05/23;0700 UTC;;969,7;970,2;969,6;;18,4;17,9;18,5;18,3;18,1;17,9;98;97;97;;;;
2019/05/23;0800 UTC;;970;970,2;969,7;;18,3;18,1;18,4;18,3;18,1;17,9;98;97;98;;;;
2019/05/23;0900 UTC;;970;970,1;969,3;;18,3;18;18,4;18,2;18,1;18;99;98;99;;;;
2019/05/23;1000 UTC;;971,2;971,2;969,7;;18,3;18,1;18,4;18,3;18,1;18;99;98;99;;;;
2019/05/23;1100 UTC;;971;971,3;970,9;;18,4;18,4;18,4;18,3;18,4;18,1;100;99;100;;;;
2019/05/23;1200 UTC;;971,1;971,2;970,8;;18,8;18,4;18,8;18,4;18,6;18,4;100;98;98;;;;
2019/05/23;1300 UTC;;971,3;971,6;971;;18,7;18,4;18,8;18,7;18,5;18,3;98;97;98;;;;
2019/05/23;1400 UTC;;970,8;971,4;970,8;;18,9;18,6;19;18,7;18,9;18,4;99;98;98;;;;
2019/05/23;1500 UTC;;970,5;970,8;970,2;;19,4;19,2;19,4;18,9;19,2;18,7;99;98;99;;;;
2019/05/23;1600 UTC;;969,6;970,8;969,6;;19,1;19;19,5;19,1;19,2;18,9;99;98;99;;;;
2019/05/23;1700 UTC;;969,4;969,6;969,3;;19;19;19,1;18,9;19,1;18,9;100;99;100;;;;
2019/05/23;1800 UTC;;968;969,4;968;;18,8;18,8;19;18,7;19;18,7;100;100;100;;;;
2019/05/23;1900 UTC;;968,1;968,2;967,7;;18,9;18,9;19;18,7;19;18,7;100;100;100;;;;
2019/05/23;2000 UTC;;968;968,4;968;;19,1;19,1;19,1;18,9;19,1;18,9;100;100;100;;;;
2019/05/23;2100 UTC;;968,2;968,3;967,7;;19,3;19,3;19,3;19,1;19,3;19,1;100;100;100;;;;
2019/05/23;2200 UTC;;968,9;969,1;968,2;;17,9;17,9;19,4;17,9;19,4;17,9;100;100;100;;;;
2019/05/23;2300 UTC;;968,6;969,5;968,5;;17,7;17,7;17,9;17,7;17,9;17,7;100;100;100;;;;
2019/05/24;0000 UTC;;969,9;970;968,6;;17,3;17,3;17,8;17,3;17,8;17,3;100;100;100;;;;
2019/05/24;0100 UTC;;970,2;970,7;969,7;;17,2;17,2;17,4;17,2;17,4;17,2;100;100;100;;;;
2019/05/24;0200 UTC;;969,7;970,7;969,3;;16,9;16,9;17,2;16,9;17,2;16,9;100;100;100;;;;
2019/05/24;0300 UTC;;969,7;970,6;969,7;;16,7;16,7;17;16,7;17;16,7;100;100;100;;;;
2019/05/24;0400 UTC;;969,8;970,3;969,6;;16,3;16,3;16,7;16,3;16,7;16,3;100;100;100;;;;
2019/05/24;0500 UTC;;969,7;969,8;969,1;;16;16;16,3;15,9;16,3;15,9;100;100;100;;;;
2019/05/24;0600 UTC;;969,7;969,8;969,3;;15,7;15,6;16;15,7;16;15,6;100;100;100;;;;
2019/05/24;0700 UTC;;969,1;969,8;969,1;;15;15;15,7;15;15,6;15;100;99;100;;;;
2019/05/24;0800 UTC;;969,1;969,6;969,1;;14,7;14,7;15;14,7;15;14,7;100;100;100;;;;
2019/05/24;0900 UTC;;969,9;969,9;969,2;;14,7;14,3;14,7;14,6;14,7;14,3;100;97;97;;;;
2019/05/24;1000 UTC;;970,2;970,2;969,6;;14,4;13,4;14,7;14,3;14,3;13,4;98;94;94;;;;
2019/05/24;1100 UTC;;970,9;970,9;970,2;;14,4;13,5;14,7;14,2;13,7;13,4;96;93;95;;;;
2019/05/24;1200 UTC;;971,8;971,8;970,9;;14,3;13,1;14,3;13,7;13,5;12,3;96;90;93;;;;
2019/05/24;1300 UTC;;972,5;972,5;971,8;;14,8;12,3;15,1;14;13;11,8;92;83;85;;;;
2019/05/24;1400 UTC;;972,6;972,7;972,5;;15,7;10,7;16,8;14,5;12,9;10,7;85;72;72;;;;
2019/05/24;1500 UTC;;972,2;972,6;972,2;;17,2;11,5;17,8;15,3;12,4;10,2;74;67;69;;;;
2019/05/24;1600 UTC;;971,6;972,2;971,6;;17,9;9,1;18,1;17;11,5;7,5;69;51;56;;;;
2019/05/24;1700 UTC;;971,3;971,7;971,3;;17,5;9,9;18,6;16,8;10,3;8,5;63;55;61;;;;
2019/05/24;1800 UTC;;970,8;971,3;970,8;;17,4;10,2;19,4;17,1;11,4;9,4;64;57;63;;;;
2019/05/24;1900 UTC;;971;971,1;970,7;;16,8;10,3;18,8;16,8;11,1;9,8;67;59;66;;;;
2019/05/24;2000 UTC;;971,3;971,3;971;;16,2;10,9;16,8;16,1;11;10,1;72;65;71;;;;
2019/05/24;2100 UTC;;971,7;971,7;971,2;;14,8;10,6;16,2;14,8;11,1;10,6;76;71;76;;;;
2019/05/24;2200 UTC;;972;972;971,7;;13,9;10,9;14,8;13,9;11,2;10,6;82;76;82;;;;
2019/05/24;2300 UTC;;972,5;972,5;972;;14,2;11,6;14,3;13,7;11,6;10,9;85;82;84;;;;
2019/05/25;0000 UTC;;972,8;972,9;972,5;;14,4;11,8;14,5;14,3;11,9;11,6;85;83;85;;;;
2019/05/25;0100 UTC;;972,9;973;972,8;;13,5;11,8;14,4;13,5;11,9;11,6;89;84;89;;;;
2019/05/25;0200 UTC;;973,2;973,2;972,9;;13,6;12,2;13,7;13,4;12,2;11,8;91;89;91;;;;
2019/05/25;0300 UTC;;973,2;973,2;973;;13,7;12,4;13,8;13,5;12,4;12,1;92;91;92;;;;
2019/05/25;0400 UTC;;973;973,2;973;;13,7;12,6;13,7;13,7;12,7;12,4;93;91;93;;;;
2019/05/25;0500 UTC;;972,9;973,1;972,9;;13,7;13;13,8;13,7;13;12,6;96;93;96;;;;
2019/05/25;0600 UTC;;972,8;973;972,8;;13,8;13,2;13,8;13,7;13,2;13;96;95;96;;;;
2019/05/25;0700 UTC;;972,6;972,8;972,5;;13,7;13,7;13,8;13,7;13,8;13,1;100;96;100;;;;
2019/05/25;0800 UTC;;972,4;972,7;972,3;;13,8;13,8;13,8;13,7;13,8;13,7;100;100;100;;;;
2019/05/25;0900 UTC;;972,9;972,9;972,4;;13,9;13,9;13,9;13,8;13,9;13,8;100;100;100;;;;
2019/05/25;1000 UTC;;973,6;973,6;972,9;;13,9;13,9;14;13,9;14;13,9;100;100;100;;;;
2019/05/25;1100 UTC;;974,3;974,3;973,6;;14,3;14,3;14,3;13,8;14,3;13,8;100;100;100;;;;
2019/05/25;1200 UTC;;974,6;974,6;974,3;;15,3;14,4;15,3;14,3;14,7;14,2;100;94;94;;;;
2019/05/25;1300 UTC;;974,8;974,8;974,6;;16,3;11,7;17,2;15,2;14,4;11,6;94;73;74;;;;
2019/05/25;1400 UTC;;974,7;974,9;974,7;;17,6;11,4;17,6;16,3;12,8;11,3;78;66;67;;;;
2019/05/25;1500 UTC;;974,3;974,7;974,3;;18,2;11;19,3;17,2;13,5;10,8;71;61;63;;;;
2019/05/25;1600 UTC;;973;974,3;973;;19,9;11,5;20,9;18;13,1;11;66;56;58;;;;
2019/05/25;1700 UTC;;972,2;973;972,2;;21,9;13;22;20;13,3;10,6;60;53;57;;;;
2019/05/25;1800 UTC;;971,7;972,2;971,7;;20,9;11,4;22,2;20,6;13,1;11,2;58;52;55;;;;
2019/05/25;1900 UTC;;971,5;971,8;971,4;;20,9;12,5;22,4;19,8;13,6;11,2;60;54;58;;;;
2019/05/25;2000 UTC;;971,2;971,5;971,2;;19,7;12,7;21,2;19,6;13;11,9;65;57;64;;;;
2019/05/25;2100 UTC;;971,4;971,4;971,2;;17,2;12,5;19,7;17,2;12,8;12,4;74;63;74;;;;
2019/05/25;2200 UTC;;971,6;971,6;971,4;;15,9;12,2;17,3;15,8;12,6;12,1;79;74;79;;;;
2019/05/25;2300 UTC;;971,4;971,7;971,4;;16,1;11,9;16,2;15,5;12,3;11,9;80;76;77;;;;
2019/05/26;0000 UTC;;971,9;971,9;971,3;;15,1;11,7;16,1;15;12;11,5;80;76;80;;;;
2019/05/26;0100 UTC;;972,3;972,3;971,9;;15,3;11,6;15,5;15;12;11,6;81;79;79;;;;
2019/05/26;0200 UTC;;972,4;972,4;972,2;;13,8;11,4;15,4;13,8;11,7;11,2;85;79;85;;;;
2019/05/26;0300 UTC;;972,4;972,5;972,4;;14;11,6;14;13,8;11,8;11,5;86;85;86;;;;
2019/05/26;0400 UTC;;972,4;972,4;972,1;;13,8;11;14,4;13,8;11,7;11;86;83;83;;;;
2019/05/26;0500 UTC;;972,2;972,4;972,2;;13,8;11,3;14;13,6;11,4;10,9;85;83;85;;;;
2019/05/26;0600 UTC;;971,5;972,2;971,5;;13,2;11;13,8;13,2;11,2;10,9;86;84;86;;;;
2019/05/26;0700 UTC;;971,4;971,6;971,4;;13;11;13,2;12,8;11,2;10,8;88;86;87;;;;
2019/05/26;0800 UTC;;971,2;971,5;971,2;;12,5;10,7;13,1;12,5;11;10,7;89;87;89;;;;
2019/05/26;0900 UTC;;971,6;971,6;971,2;;12,7;11;12,9;12,5;11,1;10,7;89;89;89;;;;
2019/05/26;1000 UTC;;972,2;972,2;971,6;;12,2;10,9;12,7;12,1;11;10,6;92;89;92;;;;
2019/05/26;1100 UTC;;972,7;972,7;972,2;;13,7;11,9;13,7;12,1;11,9;10,8;92;89;89;;;;
2019/05/26;1200 UTC;;973,2;973,2;972,7;;15,6;12,7;15,7;13,7;12,9;11,9;89;82;83;;;;
2019/05/26;1300 UTC;;973,6;973,7;973,2;;18,1;13,5;18,1;15,7;13,5;12,7;83;74;75;;;;
2019/05/26;1400 UTC;;973,5;973,6;973,3;;19,7;13,2;19,8;18;13,7;12,8;74;65;66;;;;
2019/05/26;1500 UTC;;972,4;973,5;972,4;;21,2;13,3;21,6;19,5;14;12,8;68;60;61;;;;
2019/05/26;1600 UTC;;971,4;972,4;971,4;;23,1;12,1;23,4;21,2;13,6;11,1;61;49;50;;;;
2019/05/26;1700 UTC;;970,5;971,4;970,4;;23,5;11,4;24,2;22,7;13;10,7;52;44;46;;;;
2019/05/26;1800 UTC;;969,6;970,5;969,6;;24,3;12,1;24,4;23,5;12,7;11,2;49;45;47;;;;
2019/05/26;1900 UTC;;969,2;969,6;969,2;;24,2;12;24,6;24;13;11,3;49;45;46;;;;
2019/05/26;2000 UTC;;969,4;969,4;969,2;;23,3;11;24,3;23,3;12,5;10,7;48;45;46;;;;
2019/05/26;2100 UTC;;969,3;969,5;969,3;;20,5;11,4;23,3;20,5;11,4;10,8;56;46;56;;;;
2019/05/26;2200 UTC;;969,4;969,5;969,2;;19,3;11,9;20,6;19,3;12;11,4;63;56;62;;;;
2019/05/26;2300 UTC;;970;970;969,4;;19,1;11;19,5;18,7;12;11;64;59;59;;;;
2019/05/27;0000 UTC;;970;970,1;969,9;;19,8;10,7;19,8;19,1;11,1;10,5;60;55;56;;;;
2019/05/27;0100 UTC;;970;970,1;969,9;;19,1;11,2;19,9;19,1;11,2;10,7;60;56;60;;;;
2019/05/27;0200 UTC;;970,6;970,6;970;;18,9;11,1;19,2;18,8;11,2;11;61;60;60;;;;
2019/05/27;0300 UTC;;970,6;970,7;970,6;;18,4;11,3;19,3;18,4;11,4;11;64;59;64;;;;
2019/05/27;0400 UTC;;970,5;970,6;970,5;;18,4;10,9;18,7;18,3;11,4;10,9;64;61;62;;;;
2019/05/27;0500 UTC;;970,3;970,6;970,3;;17,8;11,5;18,4;17,6;11,6;10,9;67;62;67;;;;
2019/05/27;0600 UTC;;970;970,3;969,9;;17,4;11,9;18;17,3;12;11,5;70;66;70;;;;
2019/05/27;0700 UTC;;969,8;970;969,8;;17;12,2;17,4;17;12,2;11,9;73;70;73;;;;
2019/05/27;0800 UTC;;969,8;969,9;969,7;;16,4;12,4;17;16,3;12,4;12,1;77;73;77;;;;
2019/05/27;0900 UTC;;969,8;969,8;969,6;;16;12,3;16,7;16;12,4;12,2;79;75;79;;;;
2019/05/27;1000 UTC;;970,6;970,6;969,8;;16,4;12,2;16,5;16;12,4;12,2;79;76;76;;;;
2019/05/27;1100 UTC;;970,9;970,9;970,6;;17,8;12,8;17,8;16,3;12,8;12,2;77;72;72;;;;
2019/05/27;1200 UTC;;971,4;971,4;970,9;;20;12,7;20,2;17,8;13,1;12,1;72;61;62;;;;
2019/05/27;1300 UTC;;971,5;971,6;971,3;;22,1;11,9;22,7;20,1;13,2;11,8;63;52;52;;;;
2019/05/27;1400 UTC;;971;971,5;971;;24,3;12,9;24,6;22;13,3;11,9;54;48;49;;;;
2019/05/27;1500 UTC;;970,2;971;970,2;;26,3;14,7;26,4;24,2;14,9;12,8;51;48;49;;;;
2019/05/27;1600 UTC;;969,1;970,2;969,1;;27,7;14,8;28;25,8;16;14;50;45;45;;;;
2019/05/27;1700 UTC;;968,6;969,1;968,6;;27,6;16,2;28,8;27,6;17,2;14,6;51;45;50;;;;
2019/05/27;1800 UTC;;968;968,6;968;;26,9;16,8;28,6;26,9;17,7;15,7;54;49;54;;;;
2019/05/27;1900 UTC;;967,9;968;967,9;;26,6;17,4;27;26,6;17,6;16,6;57;53;57;;;;
2019/05/27;2000 UTC;;967,5;967,9;967,5;;27,2;17,2;27,9;26,6;18,1;16,8;58;52;55;;;;
2019/05/27;2100 UTC;;967,5;967,5;967,2;;24,9;17;27,2;24,8;17,4;17;62;54;62;;;;
2019/05/27;2200 UTC;;967,7;967,7;967,3;;24,3;16,9;24,9;23,9;17;16,7;64;62;63;;;;
2019/05/27;2300 UTC;;968,1;968,1;967,6;;24,1;16,6;24,3;23,5;16,8;16,6;65;63;63;;;;
2019/05/28;0000 UTC;;968;968,3;968;;23,5;15,7;24,1;23,5;16,6;15,6;63;60;61;;;;
2019/05/28;0100 UTC;;968,1;968,1;967,8;;23,2;15,5;23,6;23,1;15,7;15,4;62;61;62;;;;
2019/05/28;0200 UTC;;968;968,2;968;;22;15,6;23,2;21,7;15,6;15,4;68;62;67;;;;
2019/05/28;0300 UTC;;967,8;968;967,8;;21,9;15,3;22,2;21,7;15,6;15,3;68;66;66;;;;
2019/05/28;0400 UTC;;967,2;967,8;967,2;;20,9;15,5;22,1;20,8;15,6;15,3;72;66;72;;;;
2019/05/28;0500 UTC;;967;967,4;967;;20,7;15,7;21,1;20,7;15,8;15,5;73;72;73;;;;
2019/05/28;0600 UTC;;967,2;967,4;966,8;;21,8;16,1;21,8;20,3;16,1;15,6;74;70;70;;;;
2019/05/28;0700 UTC;;966;967,2;965,9;;21,2;16,3;21,8;21,2;16,3;16;74;70;74;;;;
2019/05/28;0800 UTC;;966,1;966,3;965,7;;20,2;16,6;21,2;20,2;16,6;16,3;80;74;80;;;;
2019/05/28;0900 UTC;;966,5;966,6;966,1;;20,5;16,9;20,8;20,2;16,9;16,7;80;78;80;;;;
2019/05/28;1000 UTC;;967,1;967,1;966,1;;20,8;17;20,9;20,5;17;16,9;80;78;79;;;;
2019/05/28;1100 UTC;;968;968,1;967;;20,9;17,3;21,4;20,7;17,6;17;80;79;80;;;;
2019/05/28;1200 UTC;;969,3;969,3;968;;21,3;18,6;21,5;20,8;18,6;17,3;85;80;85;;;;
2019/05/28;1300 UTC;;969,7;969,8;969,2;;22,3;19,9;22,4;21,3;20,1;18,7;88;82;86;;;;
2019/05/28;1400 UTC;;969,8;970;969,7;;23,2;20,3;23,2;22,2;20,8;19,8;88;82;84;;;;
2019/05/28;1500 UTC;;969;969,8;969;;25,5;20,8;25,7;23,2;21,4;20,1;84;75;75;;;;
2019/05/28;1600 UTC;;968,4;969,1;968,4;;27,3;21,2;28;25,2;22,3;20,4;76;69;70;;;;
2019/05/28;1700 UTC;;967,5;968,4;967,4;;27,4;21,5;28,6;26,9;22,4;20,8;72;66;70;;;;
2019/05/28;1800 UTC;;967,3;967,8;967,1;;26,7;22;27,4;24,6;22,2;20,8;81;70;76;;;;
2019/05/28;1900 UTC;;967,5;967,5;967,3;;25,6;21,1;26,9;25,6;21,8;20,8;76;73;76;;;;
2019/05/28;2000 UTC;;967,8;967,9;967,5;;24,8;21;25,7;24,8;21,6;20,9;79;76;79;;;;
2019/05/28;2100 UTC;;968,2;968,2;967,7;;22,3;19,9;24,8;22,3;21,3;19,9;87;79;86;;;;
2019/05/28;2200 UTC;;968,9;968,9;968;;21,7;19,8;22,3;21,6;19,9;19,6;89;86;89;;;;
2019/05/28;2300 UTC;;969,9;970;968,5;;21,5;19,7;21,7;21,1;19,8;19,5;91;89;90;;;;
2019/05/29;0000 UTC;;970,1;970,3;969,9;;20,7;19,6;21,7;20,6;19,8;19,3;94;88;93;;;;
2019/05/29;0100 UTC;;970,2;970,5;970,1;;20,5;19,5;20,7;20,4;19,6;19,4;94;93;94;;;;
2019/05/29;0200 UTC;;970,5;970,5;970,2;;20,4;19,4;20,5;20,3;19,6;19,3;94;94;94;;;;
2019/05/29;0300 UTC;;970,7;970,7;970,4;;20,4;19,3;20,5;20,4;19,5;19,2;94;93;94;;;;
2019/05/29;0400 UTC;;970,6;970,7;970,6;;20,3;19,3;20,5;20,3;19,5;19,3;94;94;94;;;;
2019/05/29;0500 UTC;;970,1;970,7;970,1;;20,5;19,3;20,7;20,3;19,6;19,3;94;93;93;;;;
2019/05/29;0600 UTC;;969,9;970,1;969,9;;20,5;19,1;20,6;20,5;19,3;19,1;93;92;92;;;;
2019/05/29;0700 UTC;;969,7;969,9;969,6;;20,3;19;20,6;20,2;19,1;18,8;92;91;92;;;;
2019/05/29;0800 UTC;;969,4;969,9;969,4;;19,9;18,8;20,3;19,9;19,1;18,8;94;92;94;;;;
2019/05/29;0900 UTC;;970;970;969,4;;19,4;18,7;19,9;19,3;18,9;18,6;96;94;96;;;;
2019/05/29;1000 UTC;;970,4;970,4;969,9;;19,3;18,7;19,6;19,2;19;18,7;97;96;97;;;;
2019/05/29;1100 UTC;;971,2;971,2;970,4;;20,3;19,8;20,3;19,1;19,8;18,7;98;97;97;;;;
2019/05/29;1200 UTC;;971,9;971,9;971,2;;21,7;19,8;22,2;20,3;20,7;19,7;97;88;89;;;;
2019/05/29;1300 UTC;;972,3;972,3;971,9;;22,8;20,1;23,2;21,6;21,1;19,8;92;84;85;;;;
2019/05/29;1400 UTC;;972,5;972,5;972,3;;25,4;21,8;25,4;22,7;21,8;19,9;86;79;81;;;;
2019/05/29;1500 UTC;;971,6;972,5;971,6;;25,1;20,6;26,2;23,9;21,9;19,8;80;74;76;;;;
2019/05/29;1600 UTC;;970,9;971,7;970,9;;;;25,6;22,4;21,4;;90;;;;;;
2019/05/29;1700 UTC;;970,3;970,9;970,3;;;;;;;;;;;;;;
2019/05/29;1800 UTC;;969,2;;;;27,7;16,4;;;;;;;50;161;;3,5;
2019/05/29;1900 UTC;;;;;;;;;;;;;;;;;;
2019/05/29;2000 UTC;;;;;;;;;;;;;;;;;;
2019/05/29;2100 UTC;;;;;;;;;;;;;;;;;;
2019/05/29;2200 UTC;;;;;;;;;;;;;;;;;;
2019/05/29;2300 UTC;;;;;;;;;;;;;;;;;;
2019/05/30;0000 UTC;;;;;;;;;;;;;;;;;;
2019/05/30;0100 UTC;;;;;;;;;;;;;;;;;;
2019/05/30;0200 UTC;;;;;;;;;;;;;;;;;;
2019/05/30;0300 UTC;;;;;;;;;;;;;;;;;;
2019/05/30;0400 UTC;;;;;;;;;;;;;;;;;;
2019/05/30;0500 UTC;;;;;;;;;;;;;;;;;;
2019/05/30;0600 UTC;;;;;;;;;;;;;;;;;;
2019/05/30;0700 UTC;;;;;;;;;;;;;;;;;;
2019/05/30;0800 UTC;;;;;;;;;;;;;;;;;;
2019/05/30;0900 UTC;;;;;;;;;;;;;;;;;;
2019/05/30;1000 UTC;;;;;;;;;;;;;;;;;;
2019/05/30;1100 UTC;;;;;;;;;;;;;;;;;;
2019/05/30;1200 UTC;;;;;;;;;;;;;;;;;;
2019/05/30;1300 UTC;;;;;;;;;;;;;;;;;;
2019/05/30;1400 UTC;;;;;;;;;;;;;;;;;;
2019/05/30;1500 UTC;;969,2;970,2;969,2;1657,9;27,8;22;28,1;27;22;20,5;71;66;71;143;8,3;5,1;
2019/05/30;1600 UTC;;968,1;969,2;968,1;2100,1;29,2;21,9;29,7;27,9;22,3;21,2;70;62;65;133;8;4,8;
2019/05/30;1700 UTC;;967,2;968,1;967,2;2027,9;30,2;21,9;30,5;28,9;22,8;21,5;66;61;61;120;7,8;4,5;
2019/05/30;1800 UTC;;966,3;967,2;966,3;1531,9;30,9;20,8;31,1;29;22,9;20,8;66;55;55;118;8,8;3,5;
2019/05/30;1900 UTC;;965,7;966,4;965,7;1299,8;30,5;19,5;31,7;30,5;21,4;18,9;55;49;52;84;9,8;3,9;
2019/05/30;2000 UTC;;965,4;965,7;965,3;501,4;29,8;20;30,7;29,8;20,2;19,3;56;51;56;87;8,9;2,6;
2019/05/30;2100 UTC;;965,3;965,5;965,2;80,8;27,3;20,1;29,8;27,3;20,2;19,8;65;55;65;110;5,6;1,7;
2019/05/30;2200 UTC;;965,5;965,6;965,3;;26,6;20,1;27,3;26,4;20,2;20;68;65;68;121;3,3;1,8;
2019/05/30;2300 UTC;;966,1;966,2;965,5;;26,2;19,9;26,7;26,1;20,1;19,8;68;67;68;102;3,8;1,6;
2019/05/31;0000 UTC;;966,5;966,5;966,1;;25,8;19,5;26,2;25,6;19,9;19,5;70;68;68;93;4,4;2;
2019/05/31;0100 UTC;;966,7;966,8;966,5;;26;19;26,3;25,4;19,5;18,9;69;65;65;77;6,7;3;
2019/05/31;0200 UTC;;967,1;967,1;966,6;;25,4;18,8;26;25;19;18,7;69;65;67;74;7,4;4;
2019/05/31;0300 UTC;;967,5;967,5;967;;24,4;18,8;25,4;24,3;18,9;18,7;71;67;71;89;7,4;3;
2019/05/31;0400 UTC;;967,1;967,6;967,1;;23,1;19,1;24,5;23;19,2;18,8;78;71;78;108;6,9;2,2;
2019/05/31;0500 UTC;;966,5;967,1;966,5;;23;18,7;23,5;23;19,1;18,7;78;75;77;131;3,8;1,8;
2019/05/31;0600 UTC;;965,8;966,5;965,8;;21,9;18,7;23;21,6;18,9;18,6;84;77;82;150;3,4;2;
2019/05/31;0700 UTC;;964,7;965,8;964,7;;21,1;18,7;22,5;21,1;19;18,5;86;80;86;163;5,2;3,2;
2019/05/31;0800 UTC;;964,7;964,8;964,6;;21,1;18,7;21,9;20,9;19,1;18,6;87;83;86;127;6;3,4;
2019/05/31;0900 UTC;;965,4;965,5;964,7;;20,5;18,9;21,1;20,4;19;18,7;91;86;91;140;6;2,5;
2019/05/31;1000 UTC;;966,4;966,4;965,4;;20,9;18,9;21;20,3;19,1;18,7;92;88;88;126;4,6;1,4;
2019/05/31;1100 UTC;;967,1;967,1;966,4;110,3;21,8;19,5;21,8;20,2;19,5;18,6;91;87;87;141;4;2,4;
2019/05/31;1200 UTC;;967,8;967,8;967,1;263,5;22,1;19,6;22,2;21,6;19,8;19,3;88;86;86;134;4,1;2,1;
2019/05/31;1300 UTC;;968,6;968,6;967,8;634,1;23,4;20,2;23,4;22;20,2;19,5;86;81;82;100;4,8;2,4;
2019/05/31;1400 UTC;;968,4;968,7;968,4;1363,4;24,7;20,2;25,8;23,3;20,9;19,8;83;72;76;72;5,2;2,7;
2019/05/31;1500 UTC;;967,9;968,4;967,9;1952,5;28,1;19,9;28,2;24,8;21;19,3;76;61;61;82;11,7;5,4;
2019/05/31;1600 UTC;;967,1;967,9;967,1;1213,7;27,8;20;28,5;26,9;20,6;19;64;59;63;81;11,3;3,9;
2019/05/31;1700 UTC;;966,4;967,1;966,4;1423;28,5;19,7;29,2;27,3;20,6;19,3;63;57;59;58;9;4,4;
2019/05/31;1800 UTC;;965,7;966,4;965,6;1387,1;29;20,3;29,7;28,3;20,8;19,6;61;56;59;82;8,8;3,3;
2019/05/31;1900 UTC;;965,5;965,7;965,3;792,3;28,9;20,2;29,6;28,3;21;19,7;62;57;59;64;9,6;4,5;
2019/05/31;2000 UTC;;965,5;965,6;965,4;345,9;25,1;20,6;28,9;25,1;20,9;19,5;76;59;76;353;9,6;3,4;
2019/05/31;2100 UTC;;965,9;965,9;965,5;102;24,3;20,8;25,4;24,1;20,9;20,5;81;76;81;333;5,1;1,4;
2019/05/31;2200 UTC;;966,3;966,4;965,9;;23,7;21,3;24,3;23,5;21,3;20,5;86;81;86;318;5;3,1;
2019/05/31;2300 UTC;;966,8;966,8;966,3;;23,2;21,3;23,7;23;21,4;21,2;90;86;89;346;5,6;4,2;
2019/06/01;0000 UTC;;967,5;967,5;966,7;;22,6;21,1;23,4;22,6;21,4;21,1;91;88;91;286;5,6;1,1;
2019/06/01;0100 UTC;;968,1;968,2;967,5;;22,3;20,9;22,8;22;21,4;20,7;93;91;92;282;7;1,5;
2019/06/01;0200 UTC;;968,4;968,5;968;;21,9;20,8;22,3;21,7;21;20,5;94;92;94;351;2,7;1,8;
2019/06/01;0300 UTC;;968,6;968,8;968,4;;21,9;21,2;22;21,7;21,3;20,8;96;94;96;350;3,2;1,8;
2019/06/01;0400 UTC;;968,7;968,7;968,4;;21,3;20,7;21,9;21,3;21,2;20,6;97;96;96;355;4;2,7;
2019/06/01;0500 UTC;;968,2;968,7;968,1;;20,4;19,9;21,3;20,4;20,6;19,9;97;96;97;335;3,6;1,5;
2019/06/01;0600 UTC;;967,6;968,3;967,6;;20,3;19,9;20,5;20,3;20;19,8;98;97;98;350;2,7;1,7;
2019/06/01;0700 UTC;;967,9;967,9;967,6;;20,2;20,2;20,3;20,2;20,3;19,9;100;98;100;5;3,2;2,7;
2019/06/01;0800 UTC;;967,9;968;967,8;;19,9;19,9;20,2;19,9;20,2;19,9;100;100;100;352;3,6;2,2;
2019/06/01;0900 UTC;;968;968;967,9;;19,6;19,6;19,9;19,6;19,9;19,6;100;100;100;327;2,7;1;
2019/06/01;1000 UTC;;969;969;968;;19,7;19,7;19,7;19,3;19,7;19,3;100;100;100;358;4;2,4;
2019/06/01;1100 UTC;;969,5;969,6;968,9;39,3;19,6;19,6;19,7;19,4;19,7;19,4;100;100;100;354;3,5;1,3;
2019/06/01;1200 UTC;;970,5;970,5;969,5;141,4;19,6;19,6;19,8;19,5;19,8;19,5;100;100;100;326;2,6;,7;
2019/06/01;1300 UTC;;970,9;971;970,5;325,1;20,5;20,5;20,6;19,5;20,6;19,5;100;100;100;304;1,7;,8;
2019/06/01;1400 UTC;;970,7;970,9;970,5;1258,4;22,6;20,5;22,6;20,3;22,5;19,9;100;87;88;358;2,6;1,6;
2019/06/01;1500 UTC;;970,2;970,8;970,2;1293,6;24,6;20,2;25;22,2;20,8;19,7;88;75;76;90;3,3;1,5;
2019/06/01;1600 UTC;;969,3;970,3;969,3;1212,1;24,2;19,6;25,1;24;20,9;19,3;78;73;75;70;4;1,1;
2019/06/01;1700 UTC;;968,7;969,3;968,7;647,1;23,7;19,8;24,8;23,7;20,2;19,4;80;74;79;84;2,8;1,4;
2019/06/01;1800 UTC;;968,4;968,7;968,4;391,9;22,8;19,8;23,9;22,8;20,2;19,6;84;78;83;115;4,9;2,3;
2019/06/01;1900 UTC;;968,4;968,5;968;404,6;22,9;20,3;23,5;22,8;20,6;19,9;86;81;85;16;4,5;3;
2019/06/01;2000 UTC;;968,4;968,5;968,3;447,6;22,3;19,7;23,5;22,2;20,5;19,5;86;82;85;348;4,8;3,7;
2019/06/01;2100 UTC;;968,3;968,4;968,2;89,7;21,3;19,6;22,5;21,3;19,9;19,5;90;85;90;313;4,8;1,3;
2019/06/01;2200 UTC;;969;969,2;968,3;;20,8;20;21,3;20,7;20;19,4;95;90;95;352;4,8;3,5;
2019/06/01;2300 UTC;;969,8;969,8;969;;20,3;19,6;20,8;20,2;19,9;19,5;96;95;96;347;6;4,3;
2019/06/02;0000 UTC;;970,4;970,5;969,7;;20;19;20,3;20;19,6;18,9;96;93;94;349;6,8;3,4;
2019/06/02;0100 UTC;;970,7;970,7;970,1;;19,9;19,1;20;19,9;19,1;18,9;95;94;95;338;6,3;3,8;
2019/06/02;0200 UTC;;971;971;970,6;;19,3;18,5;19,9;19,3;19,1;18,5;95;94;95;339;6,6;3,7;
2019/06/02;0300 UTC;;971,1;971,1;970,9;;18,7;18;19,4;18,7;18,4;17,9;95;93;95;337;7,6;4,2;
2019/06/02;0400 UTC;;971;971,1;970,9;;18,5;17,4;18,8;18,5;18;17,4;96;93;93;342;7,7;4,3;
2019/06/02;0500 UTC;;970,8;971,1;970,8;;18,2;17,3;18,5;18,2;17,4;17,3;95;93;95;337;5,9;2,7;
2019/06/02;0600 UTC;;970,5;970,8;970,5;;18,1;17,4;18,2;18,1;17,4;17,3;96;94;96;353;4,4;2,3;
2019/06/02;0700 UTC;;970,5;970,8;970,1;;18;17,6;18,2;17,9;17,7;17,4;98;95;98;23;7,1;4,4;
2019/06/02;0800 UTC;;970,1;970,5;970,1;;17,7;17,7;18;17,7;17,8;17,4;100;98;100;338;7,1;2,8;
2019/06/02;0900 UTC;;970,8;970,8;970,1;;17,9;17,9;17,9;17,7;17,9;17,8;100;100;100;3;4,3;2,3;
2019/06/02;1000 UTC;;971,6;971,7;970,8;1,1;18;18;18;17,9;18;17,9;100;100;100;10;3,1;2;
2019/06/02;1100 UTC;;972,2;972,2;971,6;11,6;18,1;18,1;18,1;18;18,1;18;100;100;100;11;2,7;1;
2019/06/02;1200 UTC;;972,6;972,6;972,2;218,1;18,9;18,9;18,9;18,1;18,9;18,1;100;100;100;338;3,1;2,3;
2019/06/02;1300 UTC;;973,1;973,1;972,5;589,2;19,6;19;19,6;18,9;19,2;18,9;100;97;97;318;4,7;1,3;
2019/06/02;1400 UTC;;973;973,1;972,9;1082,6;21,4;18,7;21,4;19,5;19,8;18;97;84;85;228;4,2;1,8;
2019/06/02;1500 UTC;;972,5;973,1;972,4;884,8;22,1;18,6;22,2;21,1;18,9;18;86;80;81;96;3,2;,3;
2019/06/02;1600 UTC;1,4;972,3;972,6;972,1;525;20,9;19,1;22,4;20,7;19,2;18,1;89;79;89;38;3;1,4;
2019/06/02;1700 UTC;0;971,6;972,4;971,5;246,1;20,3;19,2;21;20,2;19,4;19;95;89;94;25;5,6;2,6;
2019/06/02;1800 UTC;,2;971,6;972,2;970,9;96,8;19,8;19,1;20,3;19,8;19,1;18,9;95;93;95;357;6,5;2,5;
2019/06/02;1900 UTC;2,6;971,5;971,7;971;54,4;19,1;19,1;19,8;19;19,1;18,7;100;95;100;351;6,4;2,1;
2019/06/02;2000 UTC;2,2;971;971,7;971;30,6;19;19;19,2;18,9;19,2;18,9;100;100;100;332;3,6;2,2;
2019/06/02;2100 UTC;2,4;971,3;971,7;970,9;6;18,6;18,6;19;18,6;19;18,6;100;100;100;329;5,6;2,5;
2019/06/02;2200 UTC;3;972,2;972,2;971,3;;18,5;18,5;18,7;18,5;18,7;18,5;100;100;100;21;4,3;2,1;
2019/06/02;2300 UTC;;;;;;;;;;;;;;;;;;
2019/06/03;0000 UTC;;;;;;;;;;;;;;;;;;
2019/06/03;0100 UTC;;;;;;;;;;;;;;;;;;
2019/06/03;0200 UTC;;;;;;;;;;;;;;;;;;
2019/06/03;0300 UTC;;;;;;;;;;;;;;;;;;
2019/06/03;0400 UTC;;;;;;;;;;;;;;;;;;
2019/06/03;0500 UTC;;;;;;;;;;;;;;;;;;
2019/06/03;0600 UTC;;;;;;;;;;;;;;;;;;
2019/06/03;0700 UTC;;;;;;;;;;;;;;;;;;
2019/06/03;0800 UTC;;;;;;;;;;;;;;;;;;
2019/06/03;0900 UTC;;;;;;;;;;;;;;;;;;
2019/06/03;1000 UTC;;;;;;;;;;;;;;;;;;
2019/06/03;1100 UTC;;;;;;;;;;;;;;;;;;
2019/06/03;1200 UTC;;;;;;;;;;;;;;;;;;
2019/06/03;1300 UTC;;;;;;;;;;;;;;;;;;
2019/06/03;1400 UTC;;;;;;;;;;;;;;;;;;
2019/06/03;1500 UTC;;;;;;;;;;;;;;;;;;
2019/06/03;1600 UTC;;;;;;;;;;;;;;;;;;
2019/06/03;1700 UTC;;;;;;;;;;;;;;;;;;
2019/06/03;1800 UTC;;;;;;;;;;;;;;;;;;
2019/06/03;1900 UTC;;;;;;;;;;;;;;;;;;
2019/06/03;2000 UTC;;;;;;;;;;;;;;;;;;
2019/06/03;2100 UTC;;;;;;;;;;;;;;;;;;
2019/06/03;2200 UTC;;;;;;;;;;;;;;;;;;
2019/06/03;2300 UTC;;;;;;;;;;;;;;;;;;
2019/06/04;0000 UTC;;;;;;;;;;;;;;;;;;
2019/06/04;0100 UTC;;;;;;;;;;;;;;;;;;
2019/06/04;0200 UTC;;;;;;;;;;;;;;;;;;
2019/06/04;0300 UTC;;;;;;;;;;;;;;;;;;
2019/06/04;0400 UTC;;;;;;;;;;;;;;;;;;
2019/06/04;0500 UTC;;;;;;;;;;;;;;;;;;
2019/06/04;0600 UTC;;;;;;;;;;;;;;;;;;
2019/06/04;0700 UTC;;;;;;;;;;;;;;;;;;
2019/06/04;0800 UTC;;;;;;;;;;;;;;;;;;
2019/06/04;0900 UTC;;;;;;;;;;;;;;;;;;
2019/06/04;1000 UTC;;;;;;;;;;;;;;;;;;
2019/06/04;1100 UTC;;;;;;;;;;;;;;;;;;
2019/06/04;1200 UTC;;;;;;;;;;;;;;;;;;
2019/06/04;1300 UTC;;;;;;;;;;;;;;;;;;
2019/06/04;1400 UTC;;;;;;;;;;;;;;;;;;
2019/06/04;1500 UTC;;;;;;;;;;;;;;;;;;
2019/06/04;1600 UTC;;;;;;;;;;;;;;;;;;
2019/06/04;1700 UTC;;;;;;;;;;;;;;;;;;
2019/06/04;1800 UTC;;;;;;;;;;;;;;;;;;
2019/06/04;1900 UTC;;;;;;;;;;;;;;;;;;
2019/06/04;2000 UTC;;;;;;;;;;;;;;;;;;
2019/06/04;2100 UTC;;;;;;;;;;;;;;;;;;
2019/06/04;2200 UTC;;;;;;;;;;;;;;;;;;
2019/06/04;2300 UTC;;;;;;;;;;;;;;;;;;
2019/06/05;0000 UTC;;;;;;;;;;;;;;;;;;
2019/06/05;0100 UTC;;;;;;;;;;;;;;;;;;
2019/06/05;0200 UTC;;;;;;;;;;;;;;;;;;
2019/06/05;0300 UTC;;;;;;;;;;;;;;;;;;
2019/06/05;0400 UTC;;;;;;;;;;;;;;;;;;
2019/06/05;0500 UTC;;;;;;;;;;;;;;;;;;
2019/06/05;0600 UTC;;;;;;;;;;;;;;;;;;
2019/06/05;0700 UTC;;;;;;;;;;;;;;;;;;
2019/06/05;0800 UTC;;;;;;;;;;;;;;;;;;
2019/06/05;0900 UTC;;;;;;;;;;;;;;;;;;
2019/06/05;1000 UTC;;;;;;;;;;;;;;;;;;
2019/06/05;1100 UTC;;;;;;;;;;;;;;;;;;
2019/06/05;1200 UTC;;;;;;;;;;;;;;;;;;
2019/06/05;1300 UTC;;;;;;;;;;;;;;;;;;
2019/06/05;1400 UTC;;;;;;;;;;;;;;;;;;
2019/06/05;1500 UTC;;;;;;;;;;;;;;;;;;
2019/06/05;1600 UTC;;;;;;;;;;;;;;;;;;
2019/06/05;1700 UTC;;;;;;;;;;;;;;;;;;
2019/06/05;1800 UTC;;;;;;;;;;;;;;;;;;
2019/06/05;1900 UTC;;;;;;;;;;;;;;;;;;
2019/06/05;2000 UTC;;;;;;;;;;;;;;;;;;
2019/06/05;2100 UTC;;;;;;;;;;;;;;;;;;
2019/06/05;2200 UTC;;;;;;;;;;;;;;;;;;
2019/06/05;2300 UTC;;;;;;;;;;;;;;;;;;
2019/06/06;0000 UTC;;;;;;;;;;;;;;;;;;
2019/06/06;0100 UTC;;;;;;;;;;;;;;;;;;
2019/06/06;0200 UTC;;;;;;;;;;;;;;;;;;
2019/06/06;0300 UTC;;;;;;;;;;;;;;;;;;
2019/06/06;0400 UTC;;;;;;;;;;;;;;;;;;
2019/06/06;0500 UTC;;;;;;;;;;;;;;;;;;
2019/06/06;0600 UTC;;;;;;;;;;;;;;;;;;
2019/06/06;0700 UTC;;;;;;;;;;;;;;;;;;
2019/06/06;0800 UTC;;;;;;;;;;;;;;;;;;
2019/06/06;0900 UTC;;;;;;;;;;;;;;;;;;
2019/06/06;1000 UTC;;;;;;;;;;;;;;;;;;
2019/06/06;1100 UTC;;;;;;;;;;;;;;;;;;
2019/06/06;1200 UTC;;;;;;;;;;;;;;;;;;
2019/06/06;1300 UTC;;;;;;;;;;;;;;;;;;
2019/06/06;1400 UTC;;;;;;;;;;;;;;;;;;
2019/06/06;1500 UTC;;;;;;;;;;;;;;;;;;
2019/06/06;1600 UTC;;;;;;;;;;;;;;;;;;
2019/06/06;1700 UTC;;;;;;;;;;;;;;;;;;
2019/06/06;1800 UTC;;;;;;;;;;;;;;;;;;
2019/06/06;1900 UTC;;;;;;;;;;;;;;;;;;
2019/06/06;2000 UTC;;;;;;;;;;;;;;;;;;
2019/06/06;2100 UTC;;;;;;;;;;;;;;;;;;
2019/06/06;2200 UTC;;;;;;;;;;;;;;;;;;
2019/06/06;2300 UTC;;;;;;;;;;;;;;;;;;
2019/06/07;0000 UTC;;;;;;;;;;;;;;;;;;
2019/06/07;0100 UTC;;;;;;;;;;;;;;;;;;
2019/06/07;0200 UTC;;;;;;;;;;;;;;;;;;
2019/06/07;0300 UTC;;;;;;;;;;;;;;;;;;
2019/06/07;0400 UTC;;;;;;;;;;;;;;;;;;
2019/06/07;0500 UTC;;;;;;;;;;;;;;;;;;
2019/06/07;0600 UTC;;;;;;;;;;;;;;;;;;
2019/06/07;0700 UTC;;;;;;;;;;;;;;;;;;
2019/06/07;0800 UTC;;;;;;;;;;;;;;;;;;
2019/06/07;0900 UTC;;;;;;;;;;;;;;;;;;
2019/06/07;1000 UTC;;;;;;;;;;;;;;;;;;
2019/06/07;1100 UTC;;;;;;;;;;;;;;;;;;
2019/06/07;1200 UTC;;;;;;;;;;;;;;;;;;
2019/06/07;1300 UTC;;;;;;;;;;;;;;;;;;
2019/06/07;1400 UTC;;;;;;;;;;;;;;;;;;
2019/06/07;1500 UTC;;;;;;;;;;;;;;;;;;
2019/06/07;1600 UTC;;;;;;;;;;;;;;;;;;
2019/06/07;1700 UTC;;;;;;;;;;;;;;;;;;
2019/06/07;1800 UTC;;;;;;;;;;;;;;;;;;
2019/06/07;1900 UTC;;;;;;;;;;;;;;;;;;
2019/06/07;2000 UTC;;;;;;;;;;;;;;;;;;
2019/06/07;2100 UTC;;;;;;;;;;;;;;;;;;
2019/06/07;2200 UTC;;;;;;;;;;;;;;;;;;
2019/06/07;2300 UTC;;;;;;;;;;;;;;;;;;
2019/06/08;0000 UTC;;;;;;;;;;;;;;;;;;
2019/06/08;0100 UTC;;;;;;;;;;;;;;;;;;
2019/06/08;0200 UTC;;;;;;;;;;;;;;;;;;
2019/06/08;0300 UTC;;;;;;;;;;;;;;;;;;
2019/06/08;0400 UTC;;;;;;;;;;;;;;;;;;
2019/06/08;0500 UTC;;;;;;;;;;;;;;;;;;
2019/06/08;0600 UTC;;;;;;;;;;;;;;;;;;
2019/06/08;0700 UTC;;;;;;;;;;;;;;;;;;
2019/06/08;0800 UTC;;;;;;;;;;;;;;;;;;
2019/06/08;0900 UTC;;;;;;;;;;;;;;;;;;
2019/06/08;1000 UTC;;;;;;;;;;;;;;;;;;
2019/06/08;1100 UTC;;;;;;;;;;;;;;;;;;
2019/06/08;1200 UTC;;;;;;;;;;;;;;;;;;
2019/06/08;1300 UTC;;;;;;;;;;;;;;;;;;
2019/06/08;1400 UTC;;;;;;;;;;;;;;;;;;
2019/06/08;1500 UTC;;;;;;;;;;;;;;;;;;
2019/06/08;1600 UTC;;;;;;;;;;;;;;;;;;
2019/06/08;1700 UTC;;;;;;;;;;;;;;;;;;
2019/06/08;1800 UTC;;;;;;;;;;;;;;;;;;
2019/06/08;1900 UTC;;;;;;;;;;;;;;;;;;
2019/06/08;2000 UTC;;;;;;;;;;;;;;;;;;
2019/06/08;2100 UTC;;;;;;;;;;;;;;;;;;
2019/06/08;2200 UTC;;;;;;;;;;;;;;;;;;
2019/06/08;2300 UTC;;;;;;;;;;;;;;;;;;
2019/06/09;0000 UTC;;;;;;;;;;;;;;;;;;
2019/06/09;0100 UTC;;;;;;;;;;;;;;;;;;
2019/06/09;0200 UTC;;;;;;;;;;;;;;;;;;
2019/06/09;0300 UTC;;;;;;;;;;;;;;;;;;
2019/06/09;0400 UTC;;;;;;;;;;;;;;;;;;
2019/06/09;0500 UTC;;;;;;;;;;;;;;;;;;
2019/06/09;0600 UTC;;;;;;;;;;;;;;;;;;
2019/06/09;0700 UTC;;;;;;;;;;;;;;;;;;
2019/06/09;0800 UTC;;;;;;;;;;;;;;;;;;
2019/06/09;0900 UTC;;;;;;;;;;;;;;;;;;
2019/06/09;1000 UTC;;;;;;;;;;;;;;;;;;
2019/06/09;1100 UTC;;;;;;;;;;;;;;;;;;
2019/06/09;1200 UTC;;;;;;;;;;;;;;;;;;
2019/06/09;1300 UTC;;;;;;;;;;;;;;;;;;
2019/06/09;1400 UTC;;;;;;;;;;;;;;;;;;
2019/06/09;1500 UTC;;;;;;;;;;;;;;;;;;
2019/06/09;1600 UTC;;;;;;;;;;;;;;;;;;
2019/06/09;1700 UTC;;;;;;;;;;;;;;;;;;
2019/06/09;1800 UTC;;;;;;;;;;;;;;;;;;
2019/06/09;1900 UTC;;;;;;;;;;;;;;;;;;
2019/06/09;2000 UTC;;;;;;;;;;;;;;;;;;
2019/06/09;2100 UTC;;;;;;;;;;;;;;;;;;
2019/06/09;2200 UTC;;;;;;;;;;;;;;;;;;
2019/06/09;2300 UTC;;;;;;;;;;;;;;;;;;
2019/06/10;0000 UTC;;;;;;;;;;;;;;;;;;
2019/06/10;0100 UTC;;;;;;;;;;;;;;;;;;
2019/06/10;0200 UTC;;;;;;;;;;;;;;;;;;
2019/06/10;0300 UTC;;;;;;;;;;;;;;;;;;
2019/06/10;0400 UTC;;;;;;;;;;;;;;;;;;
2019/06/10;0500 UTC;;;;;;;;;;;;;;;;;;
2019/06/10;0600 UTC;;;;;;;;;;;;;;;;;;
2019/06/10;0700 UTC;;;;;;;;;;;;;;;;;;
2019/06/10;0800 UTC;;;;;;;;;;;;;;;;;;
2019/06/10;0900 UTC;;;;;;;;;;;;;;;;;;
2019/06/10;1000 UTC;;;;;;;;;;;;;;;;;;
2019/06/10;1100 UTC;;;;;;;;;;;;;;;;;;
2019/06/10;1200 UTC;;;;;;;;;;;;;;;;;;
2019/06/10;1300 UTC;;;;;;;;;;;;;;;;;;
2019/06/10;1400 UTC;;;;;;;;;;;;;;;;;;
2019/06/10;1500 UTC;;;;;;;;;;;;;;;;;;
2019/06/10;1600 UTC;;;;;;;;;;;;;;;;;;
2019/06/10;1700 UTC;;;;;;;;;;;;;;;;;;
2019/06/10;1800 UTC;;;;;;;;;;;;;;;;;;
2019/06/10;1900 UTC;;;;;;;;;;;;;;;;;;
2019/06/10;2000 UTC;;;;;;;;;;;;;;;;;;
2019/06/10;2100 UTC;;;;;;;;;;;;;;;;;;
2019/06/10;2200 UTC;;;;;;;;;;;;;;;;;;
2019/06/10;2300 UTC;;;;;;;;;;;;;;;;;;
2019/06/11;0000 UTC;;;;;;;;;;;;;;;;;;
2019/06/11;0100 UTC;;;;;;;;;;;;;;;;;;
2019/06/11;0200 UTC;;;;;;;;;;;;;;;;;;
2019/06/11;0300 UTC;;;;;;;;;;;;;;;;;;
2019/06/11;0400 UTC;;;;;;;;;;;;;;;;;;
2019/06/11;0500 UTC;;;;;;;;;;;;;;;;;;
2019/06/11;0600 UTC;;;;;;;;;;;;;;;;;;
2019/06/11;0700 UTC;;;;;;;;;;;;;;;;;;
2019/06/11;0800 UTC;;;;;;;;;;;;;;;;;;
2019/06/11;0900 UTC;;;;;;;;;;;;;;;;;;
2019/06/11;1000 UTC;;;;;;;;;;;;;;;;;;
2019/06/11;1100 UTC;;;;;;;;;;;;;;;;;;
2019/06/11;1200 UTC;;;;;;;;;;;;;;;;;;
2019/06/11;1300 UTC;;;;;;;;;;;;;;;;;;
2019/06/11;1400 UTC;;;;;;;;;;;;;;;;;;
2019/06/11;1500 UTC;;;;;;;;;;;;;;;;;;
2019/06/11;1600 UTC;;;;;;;;;;;;;;;;;;
2019/06/11;1700 UTC;;;;;;;;;;;;;;;;;;
2019/06/11;1800 UTC;;;;;;;;;;;;;;;;;;
2019/06/11;1900 UTC;;;;;;;;;;;;;;;;;;
2019/06/11;2000 UTC;;;;;;;;;;;;;;;;;;
2019/06/11;2100 UTC;;;;;;;;;;;;;;;;;;
2019/06/11;2200 UTC;;;;;;;;;;;;;;;;;;
2019/06/11;2300 UTC;;;;;;;;;;;;;;;;;;
2019/06/12;0000 UTC;;;;;;;;;;;;;;;;;;
2019/06/12;0100 UTC;;;;;;;;;;;;;;;;;;
2019/06/12;0200 UTC;;;;;;;;;;;;;;;;;;
2019/06/12;0300 UTC;;;;;;;;;;;;;;;;;;
2019/06/12;0400 UTC;;;;;;;;;;;;;;;;;;
2019/06/12;0500 UTC;;;;;;;;;;;;;;;;;;
2019/06/12;0600 UTC;;;;;;;;;;;;;;;;;;
2019/06/12;0700 UTC;;;;;;;;;;;;;;;;;;
2019/06/12;0800 UTC;;;;;;;;;;;;;;;;;;
2019/06/12;0900 UTC;;;;;;;;;;;;;;;;;;
2019/06/12;1000 UTC;;;;;;;;;;;;;;;;;;
2019/06/12;1100 UTC;;;;;;;;;;;;;;;;;;
2019/06/12;1200 UTC;;;;;;;;;;;;;;;;;;
2019/06/12;1300 UTC;;;;;;;;;;;;;;;;;;
2019/06/12;1400 UTC;;;;;;;;;;;;;;;;;;
2019/06/12;1500 UTC;;;;;;;;;;;;;;;;;;
2019/06/12;1600 UTC;;;;;;;;;;;;;;;;;;
2019/06/12;1700 UTC;;;;;;;;;;;;;;;;;;
2019/06/12;1800 UTC;;;;;;;;;;;;;;;;;;
2019/06/12;1900 UTC;;;;;;;;;;;;;;;;;;
2019/06/12;2000 UTC;;;;;;;;;;;;;;;;;;
2019/06/12;2100 UTC;;;;;;;;;;;;;;;;;;
2019/06/12;2200 UTC;;;;;;;;;;;;;;;;;;
2019/06/12;2300 UTC;;;;;;;;;;;;;;;;;;
2019/06/13;0000 UTC;;;;;;;;;;;;;;;;;;
2019/06/13;0100 UTC;;;;;;;;;;;;;;;;;;
2019/06/13;0200 UTC;;;;;;;;;;;;;;;;;;
2019/06/13;0300 UTC;;;;;;;;;;;;;;;;;;
2019/06/13;0400 UTC;;;;;;;;;;;;;;;;;;
2019/06/13;0500 UTC;;;;;;;;;;;;;;;;;;
2019/06/13;0600 UTC;;;;;;;;;;;;;;;;;;
2019/06/13;0700 UTC;;;;;;;;;;;;;;;;;;
2019/06/13;0800 UTC;;;;;;;;;;;;;;;;;;
2019/06/13;0900 UTC;;;;;;;;;;;;;;;;;;
2019/06/13;1000 UTC;;;;;;;;;;;;;;;;;;
2019/06/13;1100 UTC;;;;;;;;;;;;;;;;;;
2019/06/13;1200 UTC;;;;;;;;;;;;;;;;;;
2019/06/13;1300 UTC;;;;;;;;;;;;;;;;;;
2019/06/13;1400 UTC;;;;;;;;;;;;;;;;;;
2019/06/13;1500 UTC;;;;;;;;;;;;;;;;;;
2019/06/13;1600 UTC;;;;;;;;;;;;;;;;;;
2019/06/13;1700 UTC;;;;;;;;;;;;;;;;;;
2019/06/13;1800 UTC;;;;;;;;;;;;;;;;;;
2019/06/13;1900 UTC;;;;;;;;;;;;;;;;;;
2019/06/13;2000 UTC;;;;;;;;;;;;;;;;;;
2019/06/13;2100 UTC;;;;;;;;;;;;;;;;;;
2019/06/13;2200 UTC;;;;;;;;;;;;;;;;;;
2019/06/13;2300 UTC;;;;;;;;;;;;;;;;;;
2019/06/14;0000 UTC;;;;;;;;;;;;;;;;;;
2019/06/14;0100 UTC;;;;;;;;;;;;;;;;;;
2019/06/14;0200 UTC;;;;;;;;;;;;;;;;;;
2019/06/14;0300 UTC;;;;;;;;;;;;;;;;;;
2019/06/14;0400 UTC;;;;;;;;;;;;;;;;;;
2019/06/14;0500 UTC;;;;;;;;;;;;;;;;;;
2019/06/14;0600 UTC;;;;;;;;;;;;;;;;;;
2019/06/14;0700 UTC;;;;;;;;;;;;;;;;;;
2019/06/14;0800 UTC;;;;;;;;;;;;;;;;;;
2019/06/14;0900 UTC;;;;;;;;;;;;;;;;;;
2019/06/14;1000 UTC;;;;;;;;;;;;;;;;;;
2019/06/14;1100 UTC;;;;;;;;;;;;;;;;;;
2019/06/14;1200 UTC;;;;;;;;;;;;;;;;;;
2019/06/14;1300 UTC;;;;;;;;;;;;;;;;;;
2019/06/14;1400 UTC;;;;;;;;;;;;;;;;;;
2019/06/14;1500 UTC;;;;;;;;;;;;;;;;;;
2019/06/14;1600 UTC;;;;;;;;;;;;;;;;;;
2019/06/14;1700 UTC;;;;;;;;;;;;;;;;;;
2019/06/14;1800 UTC;;;;;;;;;;;;;;;;;;
2019/06/14;1900 UTC;;;;;;;;;;;;;;;;;;
2019/06/14;2000 UTC;;;;;;;;;;;;;;;;;;
2019/06/14;2100 UTC;;;;;;;;;;;;;;;;;;
2019/06/14;2200 UTC;;;;;;;;;;;;;;;;;;
2019/06/14;2300 UTC;;;;;;;;;;;;;;;;;;
2019/06/15;0000 UTC;;;;;;;;;;;;;;;;;;
2019/06/15;0100 UTC;;;;;;;;;;;;;;;;;;
2019/06/15;0200 UTC;;;;;;;;;;;;;;;;;;
2019/06/15;0300 UTC;;;;;;;;;;;;;;;;;;
2019/06/15;0400 UTC;;;;;;;;;;;;;;;;;;
2019/06/15;0500 UTC;;;;;;;;;;;;;;;;;;
2019/06/15;0600 UTC;;;;;;;;;;;;;;;;;;
2019/06/15;0700 UTC;;;;;;;;;;;;;;;;;;
2019/06/15;0800 UTC;;;;;;;;;;;;;;;;;;
2019/06/15;0900 UTC;;;;;;;;;;;;;;;;;;
2019/06/15;1000 UTC;;;;;;;;;;;;;;;;;;
2019/06/15;1100 UTC;;;;;;;;;;;;;;;;;;
2019/06/15;1200 UTC;;;;;;;;;;;;;;;;;;
2019/06/15;1300 UTC;;;;;;;;;;;;;;;;;;
2019/06/15;1400 UTC;;;;;;;;;;;;;;;;;;
2019/06/15;1500 UTC;;;;;;;;;;;;;;;;;;
2019/06/15;1600 UTC;;;;;;;;;;;;;;;;;;
2019/06/15;1700 UTC;;;;;;;;;;;;;;;;;;
2019/06/15;1800 UTC;;;;;;;;;;;;;;;;;;
2019/06/15;1900 UTC;;;;;;;;;;;;;;;;;;
2019/06/15;2000 UTC;;;;;;;;;;;;;;;;;;
2019/06/15;2100 UTC;;;;;;;;;;;;;;;;;;
2019/06/15;2200 UTC;;;;;;;;;;;;;;;;;;
2019/06/15;2300 UTC;;;;;;;;;;;;;;;;;;
2019/06/16;0000 UTC;;;;;;;;;;;;;;;;;;
2019/06/16;0100 UTC;;;;;;;;;;;;;;;;;;
2019/06/16;0200 UTC;;;;;;;;;;;;;;;;;;
2019/06/16;0300 UTC;;;;;;;;;;;;;;;;;;
2019/06/16;0400 UTC;;;;;;;;;;;;;;;;;;
2019/06/16;0500 UTC;;;;;;;;;;;;;;;;;;
2019/06/16;0600 UTC;;;;;;;;;;;;;;;;;;
2019/06/16;0700 UTC;;;;;;;;;;;;;;;;;;
2019/06/16;0800 UTC;;;;;;;;;;;;;;;;;;
2019/06/16;0900 UTC;;;;;;;;;;;;;;;;;;
2019/06/16;1000 UTC;;;;;;;;;;;;;;;;;;
2019/06/16;1100 UTC;;;;;;;;;;;;;;;;;;
2019/06/16;1200 UTC;;;;;;;;;;;;;;;;;;
2019/06/16;1300 UTC;;;;;;;;;;;;;;;;;;
2019/06/16;1400 UTC;;;;;;;;;;;;;;;;;;
2019/06/16;1500 UTC;;;;;;;;;;;;;;;;;;
2019/06/16;1600 UTC;;;;;;;;;;;;;;;;;;
2019/06/16;1700 UTC;;;;;;;;;;;;;;;;;;
2019/06/16;1800 UTC;;;;;;;;;;;;;;;;;;
2019/06/16;1900 UTC;;;;;;;;;;;;;;;;;;
2019/06/16;2000 UTC;;;;;;;;;;;;;;;;;;
2019/06/16;2100 UTC;;;;;;;;;;;;;;;;;;
2019/06/16;2200 UTC;;;;;;;;;;;;;;;;;;
2019/06/16;2300 UTC;;;;;;;;;;;;;;;;;;
2019/06/17;0000 UTC;;;;;;;;;;;;;;;;;;
2019/06/17;0100 UTC;;;;;;;;;;;;;;;;;;
2019/06/17;0200 UTC;;;;;;;;;;;;;;;;;;
2019/06/17;0300 UTC;;;;;;;;;;;;;;;;;;
2019/06/17;0400 UTC;;;;;;;;;;;;;;;;;;
2019/06/17;0500 UTC;;;;;;;;;;;;;;;;;;
2019/06/17;0600 UTC;;;;;;;;;;;;;;;;;;
2019/06/17;0700 UTC;;;;;;;;;;;;;;;;;;
2019/06/17;0800 UTC;;;;;;;;;;;;;;;;;;
2019/06/17;0900 UTC;;;;;;;;;;;;;;;;;;
2019/06/17;1000 UTC;;;;;;;;;;;;;;;;;;
2019/06/17;1100 UTC;;;;;;;;;;;;;;;;;;
2019/06/17;1200 UTC;;;;;;;;;;;;;;;;;;
2019/06/17;1300 UTC;;;;;;;;;;;;;;;;;;
2019/06/17;1400 UTC;;;;;;;;;;;;;;;;;;
2019/06/17;1500 UTC;;;;;;;;;;;;;;;;;;
2019/06/17;1600 UTC;;;;;;;;;;;;;;;;;;
2019/06/17;1700 UTC;;;;;;;;;;;;;;;;;;
2019/06/17;1800 UTC;;;;;;;;;;;;;;;;;;
2019/06/17;1900 UTC;;;;;;;;;;;;;;;;;;
2019/06/17;2000 UTC;;;;;;;;;;;;;;;;;;
2019/06/17;2100 UTC;;;;;;;;;;;;;;;;;;
2019/06/17;2200 UTC;;;;;;;;;;;;;;;;;;
2019/06/17;2300 UTC;;;;;;;;;;;;;;;;;;
2019/06/18;0000 UTC;;;;;;;;;;;;;;;;;;
2019/06/18;0100 UTC;;;;;;;;;;;;;;;;;;
2019/06/18;0200 UTC;;;;;;;;;;;;;;;;;;
2019/06/18;0300 UTC;;;;;;;;;;;;;;;;;;
2019/06/18;0400 UTC;;;;;;;;;;;;;;;;;;
2019/06/18;0500 UTC;;;;;;;;;;;;;;;;;;
2019/06/18;0600 UTC;;;;;;;;;;;;;;;;;;
2019/06/18;0700 UTC;;;;;;;;;;;;;;;;;;
2019/06/18;0800 UTC;;;;;;;;;;;;;;;;;;
2019/06/18;0900 UTC;;;;;;;;;;;;;;;;;;
2019/06/18;1000 UTC;;;;;;;;;;;;;;;;;;
2019/06/18;1100 UTC;;;;;;;;;;;;;;;;;;
2019/06/18;1200 UTC;;;;;;;;;;;;;;;;;;
2019/06/18;1300 UTC;;;;;;;;;;;;;;;;;;
2019/06/18;1400 UTC;;;;;;;;;;;;;;;;;;
2019/06/18;1500 UTC;;;;;;;;;;;;;;;;;;
2019/06/18;1600 UTC;;;;;;;;;;;;;;;;;;
2019/06/18;1700 UTC;;;;;;;;;;;;;;;;;;
2019/06/18;1800 UTC;;;;;;;;;;;;;;;;;;
2019/06/18;1900 UTC;;;;;;;;;;;;;;;;;;
2019/06/18;2000 UTC;;;;;;;;;;;;;;;;;;
2019/06/18;2100 UTC;;;;;;;;;;;;;;;;;;
2019/06/18;2200 UTC;;;;;;;;;;;;;;;;;;
2019/06/18;2300 UTC;;;;;;;;;;;;;;;;;;
2019/06/19;0000 UTC;;;;;;;;;;;;;;;;;;
2019/06/19;0100 UTC;;;;;;;;;;;;;;;;;;
2019/06/19;0200 UTC;;;;;;;;;;;;;;;;;;
2019/06/19;0300 UTC;;;;;;;;;;;;;;;;;;
2019/06/19;0400 UTC;;;;;;;;;;;;;;;;;;
2019/06/19;0500 UTC;;;;;;;;;;;;;;;;;;
2019/06/19;0600 UTC;;;;;;;;;;;;;;;;;;
2019/06/19;0700 UTC;;;;;;;;;;;;;;;;;;
2019/06/19;0800 UTC;;;;;;;;;;;;;;;;;;
2019/06/19;0900 UTC;;;;;;;;;;;;;;;;;;
2019/06/19;1000 UTC;;;;;;;;;;;;;;;;;;
2019/06/19;1100 UTC;;;;;;;;;;;;;;;;;;
2019/06/19;1200 UTC;;;;;;;;;;;;;;;;;;
2019/06/19;1300 UTC;;;;;;;;;;;;;;;;;;
2019/06/19;1400 UTC;;;;;;;;;;;;;;;;;;
2019/06/19;1500 UTC;;;;;;;;;;;;;;;;;;
2019/06/19;1600 UTC;;;;;;;;;;;;;;;;;;
2019/06/19;1700 UTC;;;;;;;;;;;;;;;;;;
2019/06/19;1800 UTC;;;;;;;;;;;;;;;;;;
2019/06/19;1900 UTC;;;;;;;;;;;;;;;;;;
2019/06/19;2000 UTC;;;;;;;;;;;;;;;;;;
2019/06/19;2100 UTC;;;;;;;;;;;;;;;;;;
2019/06/19;2200 UTC;;;;;;;;;;;;;;;;;;
2019/06/19;2300 UTC;;;;;;;;;;;;;;;;;;
2019/06/20;0000 UTC;;;;;;;;;;;;;;;;;;
2019/06/20;0100 UTC;;;;;;;;;;;;;;;;;;
2019/06/20;0200 UTC;;;;;;;;;;;;;;;;;;
2019/06/20;0300 UTC;;;;;;;;;;;;;;;;;;
2019/06/20;0400 UTC;;;;;;;;;;;;;;;;;;
2019/06/20;0500 UTC;;;;;;;;;;;;;;;;;;
2019/06/20;0600 UTC;;;;;;;;;;;;;;;;;;
2019/06/20;0700 UTC;;;;;;;;;;;;;;;;;;
2019/06/20;0800 UTC;;;;;;;;;;;;;;;;;;
2019/06/20;0900 UTC;;;;;;;;;;;;;;;;;;
2019/06/20;1000 UTC;;;;;;;;;;;;;;;;;;
2019/06/20;1100 UTC;;;;;;;;;;;;;;;;;;
2019/06/20;1200 UTC;;;;;;;;;;;;;;;;;;
2019/06/20;1300 UTC;;;;;;;;;;;;;;;;;;
2019/06/20;1400 UTC;;;;;;;;;;;;;;;;;;
2019/06/20;1500 UTC;;;;;;;;;;;;;;;;;;
2019/06/20;1600 UTC;;;;;;;;;;;;;;;;;;
2019/06/20;1700 UTC;;;;;;;;;;;;;;;;;;
2019/06/20;1800 UTC;;;;;;;;;;;;;;;;;;
2019/06/20;1900 UTC;;;;;;;;;;;;;;;;;;
2019/06/20;2000 UTC;;;;;;;;;;;;;;;;;;
2019/06/20;2100 UTC;;;;;;;;;;;;;;;;;;
2019/06/20;2200 UTC;;;;;;;;;;;;;;;;;;
2019/06/20;2300 UTC;;;;;;;;;;;;;;;;;;
2019/06/21;0000 UTC;;;;;;;;;;;;;;;;;;
2019/06/21;0100 UTC;;;;;;;;;;;;;;;;;;
2019/06/21;0200 UTC;;;;;;;;;;;;;;;;;;
2019/06/21;0300 UTC;;;;;;;;;;;;;;;;;;
2019/06/21;0400 UTC;;;;;;;;;;;;;;;;;;
2019/06/21;0500 UTC;;;;;;;;;;;;;;;;;;
2019/06/21;0600 UTC;;;;;;;;;;;;;;;;;;
2019/06/21;0700 UTC;;;;;;;;;;;;;;;;;;
2019/06/21;0800 UTC;;;;;;;;;;;;;;;;;;
2019/06/21;0900 UTC;;;;;;;;;;;;;;;;;;
2019/06/21;1000 UTC;;;;;;;;;;;;;;;;;;
2019/06/21;1100 UTC;;;;;;;;;;;;;;;;;;
2019/06/21;1200 UTC;;;;;;;;;;;;;;;;;;
2019/06/21;1300 UTC;;;;;;;;;;;;;;;;;;
2019/06/21;1400 UTC;;;;;;;;;;;;;;;;;;
2019/06/21;1500 UTC;;;;;;;;;;;;;;;;;;
2019/06/21;1600 UTC;;;;;;;;;;;;;;;;;;
2019/06/21;1700 UTC;;;;;;;;;;;;;;;;;;
2019/06/21;1800 UTC;;;;;;;;;;;;;;;;;;
2019/06/21;1900 UTC;;;;;;;;;;;;;;;;;;
2019/06/21;2000 UTC;;;;;;;;;;;;;;;;;;
2019/06/21;2100 UTC;;;;;;;;;;;;;;;;;;
2019/06/21;2200 UTC;;;;;;;;;;;;;;;;;;
2019/06/21;2300 UTC;;;;;;;;;;;;;;;;;;
2019/06/22;0000 UTC;;;;;;;;;;;;;;;;;;
2019/06/22;0100 UTC;;;;;;;;;;;;;;;;;;
2019/06/22;0200 UTC;;;;;;;;;;;;;;;;;;
2019/06/22;0300 UTC;;;;;;;;;;;;;;;;;;
2019/06/22;0400 UTC;;;;;;;;;;;;;;;;;;
2019/06/22;0500 UTC;;;;;;;;;;;;;;;;;;
2019/06/22;0600 UTC;;;;;;;;;;;;;;;;;;
2019/06/22;0700 UTC;;;;;;;;;;;;;;;;;;
2019/06/22;0800 UTC;;;;;;;;;;;;;;;;;;
2019/06/22;0900 UTC;;;;;;;;;;;;;;;;;;
2019/06/22;1000 UTC;;;;;;;;;;;;;;;;;;
2019/06/22;1100 UTC;;;;;;;;;;;;;;;;;;
2019/06/22;1200 UTC;;;;;;;;;;;;;;;;;;
2019/06/22;1300 UTC;;;;;;;;;;;;;;;;;;
2019/06/22;1400 UTC;;;;;;;;;;;;;;;;;;
2019/06/22;1500 UTC;;;;;;;;;;;;;;;;;;
2019/06/22;1600 UTC;;;;;;;;;;;;;;;;;;
2019/06/22;1700 UTC;;;;;;;;;;;;;;;;;;
2019/06/22;1800 UTC;;;;;;;;;;;;;;;;;;
2019/06/22;1900 UTC;;;;;;;;;;;;;;;;;;
2019/06/22;2000 UTC;;;;;;;;;;;;;;;;;;
2019/06/22;2100 UTC;;;;;;;;;;;;;;;;;;
2019/06/22;2200 UTC;;;;;;;;;;;;;;;;;;
2019/06/22;2300 UTC;;;;;;;;;;;;;;;;;;
2019/06/23;0000 UTC;;;;;;;;;;;;;;;;;;
2019/06/23;0100 UTC;;;;;;;;;;;;;;;;;;
2019/06/23;0200 UTC;;;;;;;;;;;;;;;;;;
2019/06/23;0300 UTC;;;;;;;;;;;;;;;;;;
2019/06/23;0400 UTC;;;;;;;;;;;;;;;;;;
2019/06/23;0500 UTC;;;;;;;;;;;;;;;;;;
2019/06/23;0600 UTC;;;;;;;;;;;;;;;;;;
2019/06/23;0700 UTC;;;;;;;;;;;;;;;;;;
2019/06/23;0800 UTC;;;;;;;;;;;;;;;;;;
2019/06/23;0900 UTC;;;;;;;;;;;;;;;;;;
2019/06/23;1000 UTC;;;;;;;;;;;;;;;;;;
2019/06/23;1100 UTC;;;;;;;;;;;;;;;;;;
2019/06/23;1200 UTC;;;;;;;;;;;;;;;;;;
2019/06/23;1300 UTC;;;;;;;;;;;;;;;;;;
2019/06/23;1400 UTC;;;;;;;;;;;;;;;;;;
2019/06/23;1500 UTC;;;;;;;;;;;;;;;;;;
2019/06/23;1600 UTC;;;;;;;;;;;;;;;;;;
2019/06/23;1700 UTC;;;;;;;;;;;;;;;;;;
2019/06/23;1800 UTC;;;;;;;;;;;;;;;;;;
2019/06/23;1900 UTC;;;;;;;;;;;;;;;;;;
2019/06/23;2000 UTC;;;;;;;;;;;;;;;;;;
2019/06/23;2100 UTC;;;;;;;;;;;;;;;;;;
2019/06/23;2200 UTC;;;;;;;;;;;;;;;;;;
2019/06/23;2300 UTC;;;;;;;;;;;;;;;;;;
2019/06/24;0000 UTC;;;;;;;;;;;;;;;;;;
2019/06/24;0100 UTC;;;;;;;;;;;;;;;;;;
2019/06/24;0200 UTC;;;;;;;;;;;;;;;;;;
2019/06/24;0300 UTC;;;;;;;;;;;;;;;;;;
2019/06/24;0400 UTC;;;;;;;;;;;;;;;;;;
2019/06/24;0500 UTC;;;;;;;;;;;;;;;;;;
2019/06/24;0600 UTC;;;;;;;;;;;;;;;;;;
2019/06/24;0700 UTC;;;;;;;;;;;;;;;;;;
2019/06/24;0800 UTC;;;;;;;;;;;;;;;;;;
2019/06/24;0900 UTC;;;;;;;;;;;;;;;;;;
2019/06/24;1000 UTC;;;;;;;;;;;;;;;;;;
2019/06/24;1100 UTC;;;;;;;;;;;;;;;;;;
2019/06/24;1200 UTC;;;;;;;;;;;;;;;;;;
2019/06/24;1300 UTC;;;;;;;;;;;;;;;;;;
2019/06/24;1400 UTC;;;;;;;;;;;;;;;;;;
2019/06/24;1500 UTC;;;;;;;;;;;;;;;;;;
2019/06/24;1600 UTC;;;;;;;;;;;;;;;;;;
2019/06/24;1700 UTC;;;;;;;;;;;;;;;;;;
2019/06/24;1800 UTC;;;;;;;;;;;;;;;;;;
2019/06/24;1900 UTC;;;;;;;;;;;;;;;;;;
2019/06/24;2000 UTC;;;;;;;;;;;;;;;;;;
2019/06/24;2100 UTC;;;;;;;;;;;;;;;;;;
2019/06/24;2200 UTC;;;;;;;;;;;;;;;;;;
2019/06/24;2300 UTC;;;;;;;;;;;;;;;;;;
2019/06/25;0000 UTC;;;;;;;;;;;;;;;;;;
2019/06/25;0100 UTC;;;;;;;;;;;;;;;;;;
2019/06/25;0200 UTC;;;;;;;;;;;;;;;;;;
2019/06/25;0300 UTC;;;;;;;;;;;;;;;;;;
2019/06/25;0400 UTC;;;;;;;;;;;;;;;;;;
2019/06/25;0500 UTC;;;;;;;;;;;;;;;;;;
2019/06/25;0600 UTC;;;;;;;;;;;;;;;;;;
2019/06/25;0700 UTC;;;;;;;;;;;;;;;;;;
2019/06/25;0800 UTC;;;;;;;;;;;;;;;;;;
2019/06/25;0900 UTC;;;;;;;;;;;;;;;;;;
2019/06/25;1000 UTC;;;;;;;;;;;;;;;;;;
2019/06/25;1100 UTC;;;;;;;;;;;;;;;;;;
2019/06/25;1200 UTC;;;;;;;;;;;;;;;;;;
2019/06/25;1300 UTC;;;;;;;;;;;;;;;;;;
2019/06/25;1400 UTC;;;;;;;;;;;;;;;;;;
2019/06/25;1500 UTC;;;;;;;;;;;;;;;;;;
2019/06/25;1600 UTC;;;;;;;;;;;;;;;;;;
2019/06/25;1700 UTC;;;;;;;;;;;;;;;;;;
2019/06/25;1800 UTC;;;;;;;;;;;;;;;;;;
2019/06/25;1900 UTC;;;;;;;;;;;;;;;;;;
2019/06/25;2000 UTC;;;;;;;;;;;;;;;;;;
2019/06/25;2100 UTC;;;;;;;;;;;;;;;;;;
2019/06/25;2200 UTC;;;;;;;;;;;;;;;;;;
2019/06/25;2300 UTC;;;;;;;;;;;;;;;;;;
2019/06/26;0000 UTC;;;;;;;;;;;;;;;;;;
2019/06/26;0100 UTC;;;;;;;;;;;;;;;;;;
2019/06/26;0200 UTC;;;;;;;;;;;;;;;;;;
2019/06/26;0300 UTC;;;;;;;;;;;;;;;;;;
2019/06/26;0400 UTC;;;;;;;;;;;;;;;;;;
2019/06/26;0500 UTC;;;;;;;;;;;;;;;;;;
2019/06/26;0600 UTC;;;;;;;;;;;;;;;;;;
2019/06/26;0700 UTC;;;;;;;;;;;;;;;;;;
2019/06/26;0800 UTC;;;;;;;;;;;;;;;;;;
2019/06/26;0900 UTC;;;;;;;;;;;;;;;;;;
2019/06/26;1000 UTC;;;;;;;;;;;;;;;;;;
2019/06/26;1100 UTC;;;;;;;;;;;;;;;;;;
2019/06/26;1200 UTC;;;;;;;;;;;;;;;;;;
2019/06/26;1300 UTC;;;;;;;;;;;;;;;;;;
2019/06/26;1400 UTC;;;;;;;;;;;;;;;;;;
2019/06/26;1500 UTC;;;;;;;;;;;;;;;;;;
2019/06/26;1600 UTC;;;;;;;;;;;;;;;;;;
2019/06/26;1700 UTC;;;;;;;;;;;;;;;;;;
2019/06/26;1800 UTC;;;;;;;;;;;;;;;;;;
2019/06/26;1900 UTC;;;;;;;;;;;;;;;;;;
2019/06/26;2000 UTC;;;;;;;;;;;;;;;;;;
2019/06/26;2100 UTC;;;;;;;;;;;;;;;;;;
2019/06/26;2200 UTC;;;;;;;;;;;;;;;;;;
2019/06/26;2300 UTC;;;;;;;;;;;;;;;;;;
2019/06/27;0000 UTC;;;;;;;;;;;;;;;;;;
2019/06/27;0100 UTC;;;;;;;;;;;;;;;;;;
2019/06/27;0200 UTC;;;;;;;;;;;;;;;;;;
2019/06/27;0300 UTC;;;;;;;;;;;;;;;;;;
2019/06/27;0400 UTC;;;;;;;;;;;;;;;;;;
2019/06/27;0500 UTC;;;;;;;;;;;;;;;;;;
2019/06/27;0600 UTC;;;;;;;;;;;;;;;;;;
2019/06/27;0700 UTC;;;;;;;;;;;;;;;;;;
2019/06/27;0800 UTC;;;;;;;;;;;;;;;;;;
2019/06/27;0900 UTC;;;;;;;;;;;;;;;;;;
2019/06/27;1000 UTC;;;;;;;;;;;;;;;;;;
2019/06/27;1100 UTC;;;;;;;;;;;;;;;;;;
2019/06/27;1200 UTC;;;;;;;;;;;;;;;;;;
2019/06/27;1300 UTC;;;;;;;;;;;;;;;;;;
2019/06/27;1400 UTC;;;;;;;;;;;;;;;;;;
2019/06/27;1500 UTC;;;;;;;;;;;;;;;;;;
2019/06/27;1600 UTC;;;;;;;;;;;;;;;;;;
2019/06/27;1700 UTC;;;;;;;;;;;;;;;;;;
2019/06/27;1800 UTC;;;;;;;;;;;;;;;;;;
2019/06/27;1900 UTC;;;;;;;;;;;;;;;;;;
2019/06/27;2000 UTC;;;;;;;;;;;;;;;;;;
2019/06/27;2100 UTC;;;;;;;;;;;;;;;;;;
2019/06/27;2200 UTC;;;;;;;;;;;;;;;;;;
2019/06/27;2300 UTC;;;;;;;;;;;;;;;;;;
2019/06/28;0000 UTC;;;;;;;;;;;;;;;;;;
2019/06/28;0100 UTC;;;;;;;;;;;;;;;;;;
2019/06/28;0200 UTC;;;;;;;;;;;;;;;;;;
2019/06/28;0300 UTC;;;;;;;;;;;;;;;;;;
2019/06/28;0400 UTC;;;;;;;;;;;;;;;;;;
2019/06/28;0500 UTC;;;;;;;;;;;;;;;;;;
2019/06/28;0600 UTC;;;;;;;;;;;;;;;;;;
2019/06/28;0700 UTC;;;;;;;;;;;;;;;;;;
2019/06/28;0800 UTC;;;;;;;;;;;;;;;;;;
2019/06/28;0900 UTC;;;;;;;;;;;;;;;;;;
2019/06/28;1000 UTC;;;;;;;;;;;;;;;;;;
2019/06/28;1100 UTC;;;;;;;;;;;;;;;;;;
2019/06/28;1200 UTC;;;;;;;;;;;;;;;;;;
2019/06/28;1300 UTC;;;;;;;;;;;;;;;;;;
2019/06/28;1400 UTC;;;;;;;;;;;;;;;;;;
2019/06/28;1500 UTC;;;;;;;;;;;;;;;;;;
2019/06/28;1600 UTC;;;;;;;;;;;;;;;;;;
2019/06/28;1700 UTC;;;;;;;;;;;;;;;;;;
2019/06/28;1800 UTC;;;;;;;;;;;;;;;;;;
2019/06/28;1900 UTC;;;;;;;;;;;;;;;;;;
2019/06/28;2000 UTC;;;;;;;;;;;;;;;;;;
2019/06/28;2100 UTC;;;;;;;;;;;;;;;;;;
2019/06/28;2200 UTC;;;;;;;;;;;;;;;;;;
2019/06/28;2300 UTC;;;;;;;;;;;;;;;;;;
2019/06/29;0000 UTC;;;;;;;;;;;;;;;;;;
2019/06/29;0100 UTC;;;;;;;;;;;;;;;;;;
2019/06/29;0200 UTC;;;;;;;;;;;;;;;;;;
2019/06/29;0300 UTC;;;;;;;;;;;;;;;;;;
2019/06/29;0400 UTC;;;;;;;;;;;;;;;;;;
2019/06/29;0500 UTC;;;;;;;;;;;;;;;;;;
2019/06/29;0600 UTC;;;;;;;;;;;;;;;;;;
2019/06/29;0700 UTC;;;;;;;;;;;;;;;;;;
2019/06/29;0800 UTC;;;;;;;;;;;;;;;;;;
2019/06/29;0900 UTC;;;;;;;;;;;;;;;;;;
2019/06/29;1000 UTC;;;;;;;;;;;;;;;;;;
2019/06/29;1100 UTC;;;;;;;;;;;;;;;;;;
2019/06/29;1200 UTC;;;;;;;;;;;;;;;;;;
2019/06/29;1300 UTC;;;;;;;;;;;;;;;;;;
2019/06/29;1400 UTC;;;;;;;;;;;;;;;;;;
2019/06/29;1500 UTC;;;;;;;;;;;;;;;;;;
2019/06/29;1600 UTC;;;;;;;;;;;;;;;;;;
2019/06/29;1700 UTC;;;;;;;;;;;;;;;;;;
2019/06/29;1800 UTC;;;;;;;;;;;;;;;;;;
2019/06/29;1900 UTC;;;;;;;;;;;;;;;;;;
2019/06/29;2000 UTC;;;;;;;;;;;;;;;;;;
2019/06/29;2100 UTC;;;;;;;;;;;;;;;;;;
2019/06/29;2200 UTC;;;;;;;;;;;;;;;;;;
2019/06/29;2300 UTC;;;;;;;;;;;;;;;;;;
2019/06/30;0000 UTC;;;;;;;;;;;;;;;;;;
2019/06/30;0100 UTC;;;;;;;;;;;;;;;;;;
2019/06/30;0200 UTC;;;;;;;;;;;;;;;;;;
2019/06/30;0300 UTC;;;;;;;;;;;;;;;;;;
2019/06/30;0400 UTC;;;;;;;;;;;;;;;;;;
2019/06/30;0500 UTC;;;;;;;;;;;;;;;;;;
2019/06/30;0600 UTC;;;;;;;;;;;;;;;;;;
2019/06/30;0700 UTC;;;;;;;;;;;;;;;;;;
2019/06/30;0800 UTC;;;;;;;;;;;;;;;;;;
2019/06/30;0900 UTC;;;;;;;;;;;;;;;;;;
2019/06/30;1000 UTC;;;;;;;;;;;;;;;;;;
2019/06/30;1100 UTC;;;;;;;;;;;;;;;;;;
2019/06/30;1200 UTC;;;;;;;;;;;;;;;;;;
2019/06/30;1300 UTC;;;;;;;;;;;;;;;;;;
2019/06/30;1400 UTC;;;;;;;;;;;;;;;;;;
2019/06/30;1500 UTC;;;;;;;;;;;;;;;;;;
2019/06/30;1600 UTC;;;;;;;;;;;;;;;;;;
2019/06/30;1700 UTC;;;;;;;;;;;;;;;;;;
2019/06/30;1800 UTC;;;;;;;;;;;;;;;;;;
2019/06/30;1900 UTC;;;;;;;;;;;;;;;;;;
2019/06/30;2000 UTC;;;;;;;;;;;;;;;;;;
2019/06/30;2100 UTC;;;;;;;;;;;;;;;;;;
2019/06/30;2200 UTC;;;;;;;;;;;;;;;;;;
2019/06/30;2300 UTC;;;;;;;;;;;;;;;;;;
2019/07/01;0000 UTC;;;;;;;;;;;;;;;;;;
2019/07/01;0100 UTC;;;;;;;;;;;;;;;;;;
2019/07/01;0200 UTC;;;;;;;;;;;;;;;;;;
2019/07/01;0300 UTC;;;;;;;;;;;;;;;;;;
2019/07/01;0400 UTC;;;;;;;;;;;;;;;;;;
2019/07/01;0500 UTC;;;;;;;;;;;;;;;;;;
2019/07/01;0600 UTC;;;;;;;;;;;;;;;;;;
2019/07/01;0700 UTC;;;;;;;;;;;;;;;;;;
2019/07/01;0800 UTC;;;;;;;;;;;;;;;;;;
2019/07/01;0900 UTC;;;;;;;;;;;;;;;;;;
2019/07/01;1000 UTC;;;;;;;;;;;;;;;;;;
2019/07/01;1100 UTC;;;;;;;;;;;;;;;;;;
2019/07/01;1200 UTC;;;;;;;;;;;;;;;;;;
2019/07/01;1300 UTC;;;;;;;;;;;;;;;;;;
2019/07/01;1400 UTC;;;;;;;;;;;;;;;;;;
2019/07/01;1500 UTC;;;;;;;;;;;;;;;;;;
2019/07/01;1600 UTC;;;;;;;;;;;;;;;;;;
2019/07/01;1700 UTC;;;;;;;;;;;;;;;;;;
2019/07/01;1800 UTC;;;;;;;;;;;;;;;;;;
2019/07/01;1900 UTC;;;;;;;;;;;;;;;;;;
2019/07/01;2000 UTC;;;;;;;;;;;;;;;;;;
2019/07/01;2100 UTC;;;;;;;;;;;;;;;;;;
2019/07/01;2200 UTC;;;;;;;;;;;;;;;;;;
2019/07/01;2300 UTC;;;;;;;;;;;;;;;;;;
2019/07/02;0000 UTC;;;;;;;;;;;;;;;;;;
2019/07/02;0100 UTC;;;;;;;;;;;;;;;;;;
2019/07/02;0200 UTC;;;;;;;;;;;;;;;;;;
2019/07/02;0300 UTC;;;;;;;;;;;;;;;;;;
2019/07/02;0400 UTC;;;;;;;;;;;;;;;;;;
2019/07/02;0500 UTC;;;;;;;;;;;;;;;;;;
2019/07/02;0600 UTC;;;;;;;;;;;;;;;;;;
2019/07/02;0700 UTC;;;;;;;;;;;;;;;;;;
2019/07/02;0800 UTC;;;;;;;;;;;;;;;;;;
2019/07/02;0900 UTC;;;;;;;;;;;;;;;;;;
2019/07/02;1000 UTC;;;;;;;;;;;;;;;;;;
2019/07/02;1100 UTC;;;;;;;;;;;;;;;;;;
2019/07/02;1200 UTC;;;;;;;;;;;;;;;;;;
2019/07/02;1300 UTC;;;;;;;;;;;;;;;;;;
2019/07/02;1400 UTC;;;;;;;;;;;;;;;;;;
2019/07/02;1500 UTC;;;;;;;;;;;;;;;;;;
2019/07/02;1600 UTC;;;;;;;;;;;;;;;;;;
2019/07/02;1700 UTC;;;;;;;;;;;;;;;;;;
2019/07/02;1800 UTC;;;;;;;;;;;;;;;;;;
2019/07/02;1900 UTC;;;;;;;;;;;;;;;;;;
2019/07/02;2000 UTC;;;;;;;;;;;;;;;;;;
2019/07/02;2100 UTC;;;;;;;;;;;;;;;;;;
2019/07/02;2200 UTC;;;;;;;;;;;;;;;;;;
2019/07/02;2300 UTC;;;;;;;;;;;;;;;;;;
2019/07/03;0000 UTC;;;;;;;;;;;;;;;;;;
2019/07/03;0100 UTC;;;;;;;;;;;;;;;;;;
2019/07/03;0200 UTC;;;;;;;;;;;;;;;;;;
2019/07/03;0300 UTC;;;;;;;;;;;;;;;;;;
2019/07/03;0400 UTC;;;;;;;;;;;;;;;;;;
2019/07/03;0500 UTC;;;;;;;;;;;;;;;;;;
2019/07/03;0600 UTC;;;;;;;;;;;;;;;;;;
2019/07/03;0700 UTC;;;;;;;;;;;;;;;;;;
2019/07/03;0800 UTC;;;;;;;;;;;;;;;;;;
2019/07/03;0900 UTC;;;;;;;;;;;;;;;;;;
2019/07/03;1000 UTC;;;;;;;;;;;;;;;;;;
2019/07/03;1100 UTC;;;;;;;;;;;;;;;;;;
2019/07/03;1200 UTC;;;;;;;;;;;;;;;;;;
2019/07/03;1300 UTC;;;;;;;;;;;;;;;;;;
2019/07/03;1400 UTC;;;;;;;;;;;;;;;;;;
2019/07/03;1500 UTC;;;;;;;;;;;;;;;;;;
2019/07/03;1600 UTC;;;;;;;;;;;;;;;;;;
2019/07/03;1700 UTC;;;;;;;;;;;;;;;;;;
2019/07/03;1800 UTC;;;;;;;;;;;;;;;;;;
2019/07/03;1900 UTC;;;;;;;;;;;;;;;;;;
2019/07/03;2000 UTC;;;;;;;;;;;;;;;;;;
2019/07/03;2100 UTC;;;;;;;;;;;;;;;;;;
2019/07/03;2200 UTC;;;;;;;;;;;;;;;;;;
2019/07/03;2300 UTC;;;;;;;;;;;;;;;;;;
2019/07/04;0000 UTC;;;;;;;;;;;;;;;;;;
2019/07/04;0100 UTC;;;;;;;;;;;;;;;;;;
2019/07/04;0200 UTC;;;;;;;;;;;;;;;;;;
2019/07/04;0300 UTC;;;;;;;;;;;;;;;;;;
2019/07/04;0400 UTC;;;;;;;;;;;;;;;;;;
2019/07/04;0500 UTC;;;;;;;;;;;;;;;;;;
2019/07/04;0600 UTC;;;;;;;;;;;;;;;;;;
2019/07/04;0700 UTC;;;;;;;;;;;;;;;;;;
2019/07/04;0800 UTC;;;;;;;;;;;;;;;;;;
2019/07/04;0900 UTC;;;;;;;;;;;;;;;;;;
2019/07/04;1000 UTC;;;;;;;;;;;;;;;;;;
2019/07/04;1100 UTC;;;;;;;;;;;;;;;;;;
2019/07/04;1200 UTC;;;;;;;;;;;;;;;;;;
2019/07/04;1300 UTC;;;;;;;;;;;;;;;;;;
2019/07/04;1400 UTC;;;;;;;;;;;;;;;;;;
2019/07/04;1500 UTC;;;;;;;;;;;;;;;;;;
2019/07/04;1600 UTC;;;;;;;;;;;;;;;;;;
2019/07/04;1700 UTC;;;;;;;;;;;;;;;;;;
2019/07/04;1800 UTC;;;;;;;;;;;;;;;;;;
2019/07/04;1900 UTC;;;;;;;;;;;;;;;;;;
2019/07/04;2000 UTC;;;;;;;;;;;;;;;;;;
2019/07/04;2100 UTC;;;;;;;;;;;;;;;;;;
2019/07/04;2200 UTC;;;;;;;;;;;;;;;;;;
2019/07/04;2300 UTC;;;;;;;;;;;;;;;;;;
2019/07/05;0000 UTC;;;;;;;;;;;;;;;;;;
2019/07/05;0100 UTC;;;;;;;;;;;;;;;;;;
2019/07/05;0200 UTC;;;;;;;;;;;;;;;;;;
2019/07/05;0300 UTC;;;;;;;;;;;;;;;;;;
2019/07/05;0400 UTC;;;;;;;;;;;;;;;;;;
2019/07/05;0500 UTC;;;;;;;;;;;;;;;;;;
2019/07/05;0600 UTC;;;;;;;;;;;;;;;;;;
2019/07/05;0700 UTC;;;;;;;;;;;;;;;;;;
2019/07/05;0800 UTC;;;;;;;;;;;;;;;;;;
2019/07/05;0900 UTC;;;;;;;;;;;;;;;;;;
2019/07/05;1000 UTC;;;;;;;;;;;;;;;;;;
2019/07/05;1100 UTC;;;;;;;;;;;;;;;;;;
2019/07/05;1200 UTC;;;;;;;;;;;;;;;;;;
2019/07/05;1300 UTC;;;;;;;;;;;;;;;;;;
2019/07/05;1400 UTC;;;;;;;;;;;;;;;;;;
2019/07/05;1500 UTC;;;;;;;;;;;;;;;;;;
2019/07/05;1600 UTC;;;;;;;;;;;;;;;;;;
2019/07/05;1700 UTC;;;;;;;;;;;;;;;;;;
2019/07/05;1800 UTC;;;;;;;;;;;;;;;;;;
2019/07/05;1900 UTC;;;;;;;;;;;;;;;;;;
2019/07/05;2000 UTC;;;;;;;;;;;;;;;;;;
2019/07/05;2100 UTC;;;;;;;;;;;;;;;;;;
2019/07/05;2200 UTC;;;;;;;;;;;;;;;;;;
2019/07/05;2300 UTC;;;;;;;;;;;;;;;;;;
2019/07/06;0000 UTC;;;;;;;;;;;;;;;;;;
2019/07/06;0100 UTC;;;;;;;;;;;;;;;;;;
2019/07/06;0200 UTC;;;;;;;;;;;;;;;;;;
2019/07/06;0300 UTC;;;;;;;;;;;;;;;;;;
2019/07/06;0400 UTC;;;;;;;;;;;;;;;;;;
2019/07/06;0500 UTC;;;;;;;;;;;;;;;;;;
2019/07/06;0600 UTC;;;;;;;;;;;;;;;;;;
2019/07/06;0700 UTC;;;;;;;;;;;;;;;;;;
2019/07/06;0800 UTC;;;;;;;;;;;;;;;;;;
2019/07/06;0900 UTC;;;;;;;;;;;;;;;;;;
2019/07/06;1000 UTC;;;;;;;;;;;;;;;;;;
2019/07/06;1100 UTC;;;;;;;;;;;;;;;;;;
2019/07/06;1200 UTC;;;;;;;;;;;;;;;;;;
2019/07/06;1300 UTC;;;;;;;;;;;;;;;;;;
2019/07/06;1400 UTC;;;;;;;;;;;;;;;;;;
2019/07/06;1500 UTC;;;;;;;;;;;;;;;;;;
2019/07/06;1600 UTC;;;;;;;;;;;;;;;;;;
2019/07/06;1700 UTC;;;;;;;;;;;;;;;;;;
2019/07/06;1800 UTC;;;;;;;;;;;;;;;;;;
2019/07/06;1900 UTC;;;;;;;;;;;;;;;;;;
2019/07/06;2000 UTC;;;;;;;;;;;;;;;;;;
2019/07/06;2100 UTC;;;;;;;;;;;;;;;;;;
2019/07/06;2200 UTC;;;;;;;;;;;;;;;;;;
2019/07/06;2300 UTC;;;;;;;;;;;;;;;;;;
2019/07/07;0000 UTC;;;;;;;;;;;;;;;;;;
2019/07/07;0100 UTC;;;;;;;;;;;;;;;;;;
2019/07/07;0200 UTC;;;;;;;;;;;;;;;;;;
2019/07/07;0300 UTC;;;;;;;;;;;;;;;;;;
2019/07/07;0400 UTC;;;;;;;;;;;;;;;;;;
2019/07/07;0500 UTC;;;;;;;;;;;;;;;;;;
2019/07/07;0600 UTC;;;;;;;;;;;;;;;;;;
2019/07/07;0700 UTC;;;;;;;;;;;;;;;;;;
2019/07/07;0800 UTC;;;;;;;;;;;;;;;;;;
2019/07/07;0900 UTC;;;;;;;;;;;;;;;;;;
2019/07/07;1000 UTC;;;;;;;;;;;;;;;;;;
2019/07/07;1100 UTC;;;;;;;;;;;;;;;;;;
2019/07/07;1200 UTC;;;;;;;;;;;;;;;;;;
2019/07/07;1300 UTC;;;;;;;;;;;;;;;;;;
2019/07/07;1400 UTC;;;;;;;;;;;;;;;;;;
2019/07/07;1500 UTC;;;;;;;;;;;;;;;;;;
2019/07/07;1600 UTC;;;;;;;;;;;;;;;;;;
2019/07/07;1700 UTC;;;;;;;;;;;;;;;;;;
2019/07/07;1800 UTC;;;;;;;;;;;;;;;;;;
2019/07/07;1900 UTC;;;;;;;;;;;;;;;;;;
2019/07/07;2000 UTC;;;;;;;;;;;;;;;;;;
2019/07/07;2100 UTC;;;;;;;;;;;;;;;;;;
2019/07/07;2200 UTC;;;;;;;;;;;;;;;;;;
2019/07/07;2300 UTC;;;;;;;;;;;;;;;;;;
2019/07/08;0000 UTC;;;;;;;;;;;;;;;;;;
2019/07/08;0100 UTC;;;;;;;;;;;;;;;;;;
2019/07/08;0200 UTC;;;;;;;;;;;;;;;;;;
2019/07/08;0300 UTC;;;;;;;;;;;;;;;;;;
2019/07/08;0400 UTC;;;;;;;;;;;;;;;;;;
2019/07/08;0500 UTC;;;;;;;;;;;;;;;;;;
2019/07/08;0600 UTC;;;;;;;;;;;;;;;;;;
2019/07/08;0700 UTC;;;;;;;;;;;;;;;;;;
2019/07/08;0800 UTC;;;;;;;;;;;;;;;;;;
2019/07/08;0900 UTC;;;;;;;;;;;;;;;;;;
2019/07/08;1000 UTC;;;;;;;;;;;;;;;;;;
2019/07/08;1100 UTC;;;;;;;;;;;;;;;;;;
2019/07/08;1200 UTC;;;;;;;;;;;;;;;;;;
2019/07/08;1300 UTC;;;;;;;;;;;;;;;;;;
2019/07/08;1400 UTC;;;;;;;;;;;;;;;;;;
2019/07/08;1500 UTC;;;;;;;;;;;;;;;;;;
2019/07/08;1600 UTC;;;;;;;;;;;;;;;;;;
2019/07/08;1700 UTC;;;;;;;;;;;;;;;;;;
2019/07/08;1800 UTC;;;;;;;;;;;;;;;;;;
2019/07/08;1900 UTC;;;;;;;;;;;;;;;;;;
2019/07/08;2000 UTC;;;;;;;;;;;;;;;;;;
2019/07/08;2100 UTC;;;;;;;;;;;;;;;;;;
2019/07/08;2200 UTC;;;;;;;;;;;;;;;;;;
2019/07/08;2300 UTC;;;;;;;;;;;;;;;;;;
2019/07/09;0000 UTC;;;;;;;;;;;;;;;;;;
2019/07/09;0100 UTC;;;;;;;;;;;;;;;;;;
2019/07/09;0200 UTC;;;;;;;;;;;;;;;;;;
2019/07/09;0300 UTC;;;;;;;;;;;;;;;;;;
2019/07/09;0400 UTC;;;;;;;;;;;;;;;;;;
2019/07/09;0500 UTC;;;;;;;;;;;;;;;;;;
2019/07/09;0600 UTC;;;;;;;;;;;;;;;;;;
2019/07/09;0700 UTC;;;;;;;;;;;;;;;;;;
2019/07/09;0800 UTC;;;;;;;;;;;;;;;;;;
2019/07/09;0900 UTC;;;;;;;;;;;;;;;;;;
2019/07/09;1000 UTC;;;;;;;;;;;;;;;;;;
2019/07/09;1100 UTC;;;;;;;;;;;;;;;;;;
2019/07/09;1200 UTC;;;;;;;;;;;;;;;;;;
2019/07/09;1300 UTC;;;;;;;;;;;;;;;;;;
2019/07/09;1400 UTC;;;;;;;;;;;;;;;;;;
2019/07/09;1500 UTC;;;;;;;;;;;;;;;;;;
2019/07/09;1600 UTC;;;;;;;;;;;;;;;;;;
2019/07/09;1700 UTC;;;;;;;;;;;;;;;;;;
2019/07/09;1800 UTC;;;;;;;;;;;;;;;;;;
2019/07/09;1900 UTC;;;;;;;;;;;;;;;;;;
2019/07/09;2000 UTC;;;;;;;;;;;;;;;;;;
2019/07/09;2100 UTC;;;;;;;;;;;;;;;;;;
2019/07/09;2200 UTC;;;;;;;;;;;;;;;;;;
2019/07/09;2300 UTC;;;;;;;;;;;;;;;;;;
2019/07/10;0000 UTC;;;;;;;;;;;;;;;;;;
2019/07/10;0100 UTC;;;;;;;;;;;;;;;;;;
2019/07/10;0200 UTC;;;;;;;;;;;;;;;;;;
2019/07/10;0300 UTC;;;;;;;;;;;;;;;;;;
2019/07/10;0400 UTC;;;;;;;;;;;;;;;;;;
2019/07/10;0500 UTC;;;;;;;;;;;;;;;;;;
2019/07/10;0600 UTC;;;;;;;;;;;;;;;;;;
2019/07/10;0700 UTC;;;;;;;;;;;;;;;;;;
2019/07/10;0800 UTC;;;;;;;;;;;;;;;;;;
2019/07/10;0900 UTC;;;;;;;;;;;;;;;;;;
2019/07/10;1000 UTC;;;;;;;;;;;;;;;;;;
2019/07/10;1100 UTC;;;;;;;;;;;;;;;;;;
2019/07/10;1200 UTC;;;;;;;;;;;;;;;;;;
2019/07/10;1300 UTC;;;;;;;;;;;;;;;;;;
2019/07/10;1400 UTC;;;;;;;;;;;;;;;;;;
2019/07/10;1500 UTC;;;;;;;;;;;;;;;;;;
2019/07/10;1600 UTC;;;;;;;;;;;;;;;;;;
2019/07/10;1700 UTC;;;;;;;;;;;;;;;;;;
2019/07/10;1800 UTC;;;;;;;;;;;;;;;;;;
2019/07/10;1900 UTC;;;;;;;;;;;;;;;;;;
2019/07/10;2000 UTC;;;;;;;;;;;;;;;;;;
2019/07/10;2100 UTC;;;;;;;;;;;;;;;;;;
2019/07/10;2200 UTC;;;;;;;;;;;;;;;;;;
2019/07/10;2300 UTC;;;;;;;;;;;;;;;;;;
2019/07/11;0000 UTC;;;;;;;;;;;;;;;;;;
2019/07/11;0100 UTC;;;;;;;;;;;;;;;;;;
2019/07/11;0200 UTC;;;;;;;;;;;;;;;;;;
2019/07/11;0300 UTC;;;;;;;;;;;;;;;;;;
2019/07/11;0400 UTC;;;;;;;;;;;;;;;;;;
2019/07/11;0500 UTC;;;;;;;;;;;;;;;;;;
2019/07/11;0600 UTC;;;;;;;;;;;;;;;;;;
2019/07/11;0700 UTC;;;;;;;;;;;;;;;;;;
2019/07/11;0800 UTC;;;;;;;;;;;;;;;;;;
2019/07/11;0900 UTC;;;;;;;;;;;;;;;;;;
2019/07/11;1000 UTC;;;;;;;;;;;;;;;;;;
2019/07/11;1100 UTC;;;;;;;;;;;;;;;;;;
2019/07/11;1200 UTC;;;;;;;;;;;;;;;;;;
2019/07/11;1300 UTC;;;;;;;;;;;;;;;;;;
2019/07/11;1400 UTC;;;;;;;;;;;;;;;;;;
2019/07/11;1500 UTC;;;;;;;;;;;;;;;;;;
2019/07/11;1600 UTC;;;;;;;;;;;;;;;;;;
2019/07/11;1700 UTC;;;;;;;;;;;;;;;;;;
2019/07/11;1800 UTC;;;;;;;;;;;;;;;;;;
2019/07/11;1900 UTC;;;;;;;;;;;;;;;;;;
2019/07/11;2000 UTC;;;;;;;;;;;;;;;;;;
2019/07/11;2100 UTC;;;;;;;;;;;;;;;;;;
2019/07/11;2200 UTC;;;;;;;;;;;;;;;;;;
2019/07/11;2300 UTC;;;;;;;;;;;;;;;;;;
2019/07/12;0000 UTC;;;;;;;;;;;;;;;;;;
2019/07/12;0100 UTC;;;;;;;;;;;;;;;;;;
2019/07/12;0200 UTC;;;;;;;;;;;;;;;;;;
2019/07/12;0300 UTC;;;;;;;;;;;;;;;;;;
2019/07/12;0400 UTC;;;;;;;;;;;;;;;;;;
2019/07/12;0500 UTC;;;;;;;;;;;;;;;;;;
2019/07/12;0600 UTC;;;;;;;;;;;;;;;;;;
2019/07/12;0700 UTC;;;;;;;;;;;;;;;;;;
2019/07/12;0800 UTC;;;;;;;;;;;;;;;;;;
2019/07/12;0900 UTC;;;;;;;;;;;;;;;;;;
2019/07/12;1000 UTC;;;;;;;;;;;;;;;;;;
2019/07/12;1100 UTC;;;;;;;;;;;;;;;;;;
2019/07/12;1200 UTC;;;;;;;;;;;;;;;;;;
2019/07/12;1300 UTC;;;;;;;;;;;;;;;;;;
2019/07/12;1400 UTC;;;;;;;;;;;;;;;;;;
2019/07/12;1500 UTC;;;;;;;;;;;;;;;;;;
2019/07/12;1600 UTC;;;;;;;;;;;;;;;;;;
2019/07/12;1700 UTC;;;;;;;;;;;;;;;;;;
2019/07/12;1800 UTC;;;;;;;;;;;;;;;;;;
2019/07/12;1900 UTC;;;;;;;;;;;;;;;;;;
2019/07/12;2000 UTC;;;;;;;;;;;;;;;;;;
2019/07/12;2100 UTC;;;;;;;;;;;;;;;;;;
2019/07/12;2200 UTC;;;;;;;;;;;;;;;;;;
2019/07/12;2300 UTC;;;;;;;;;;;;;;;;;;
2019/07/13;0000 UTC;;;;;;;;;;;;;;;;;;
2019/07/13;0100 UTC;;;;;;;;;;;;;;;;;;
2019/07/13;0200 UTC;;;;;;;;;;;;;;;;;;
2019/07/13;0300 UTC;;;;;;;;;;;;;;;;;;
2019/07/13;0400 UTC;;;;;;;;;;;;;;;;;;
2019/07/13;0500 UTC;;;;;;;;;;;;;;;;;;
2019/07/13;0600 UTC;;;;;;;;;;;;;;;;;;
2019/07/13;0700 UTC;;;;;;;;;;;;;;;;;;
2019/07/13;0800 UTC;;;;;;;;;;;;;;;;;;
2019/07/13;0900 UTC;;;;;;;;;;;;;;;;;;
2019/07/13;1000 UTC;;;;;;;;;;;;;;;;;;
2019/07/13;1100 UTC;;;;;;;;;;;;;;;;;;
2019/07/13;1200 UTC;;;;;;;;;;;;;;;;;;
2019/07/13;1300 UTC;;;;;;;;;;;;;;;;;;
2019/07/13;1400 UTC;;;;;;;;;;;;;;;;;;
2019/07/13;1500 UTC;;;;;;;;;;;;;;;;;;
2019/07/13;1600 UTC;;;;;;;;;;;;;;;;;;
2019/07/13;1700 UTC;;;;;;;;;;;;;;;;;;
2019/07/13;1800 UTC;;;;;;;;;;;;;;;;;;
2019/07/13;1900 UTC;;;;;;;;;;;;;;;;;;
2019/07/13;2000 UTC;;;;;;;;;;;;;;;;;;
2019/07/13;2100 UTC;;;;;;;;;;;;;;;;;;
2019/07/13;2200 UTC;;;;;;;;;;;;;;;;;;
2019/07/13;2300 UTC;;;;;;;;;;;;;;;;;;
2019/07/14;0000 UTC;;;;;;;;;;;;;;;;;;
2019/07/14;0100 UTC;;;;;;;;;;;;;;;;;;
2019/07/14;0200 UTC;;;;;;;;;;;;;;;;;;
2019/07/14;0300 UTC;;;;;;;;;;;;;;;;;;
2019/07/14;0400 UTC;;;;;;;;;;;;;;;;;;
2019/07/14;0500 UTC;;;;;;;;;;;;;;;;;;
2019/07/14;0600 UTC;;;;;;;;;;;;;;;;;;
2019/07/14;0700 UTC;;;;;;;;;;;;;;;;;;
2019/07/14;0800 UTC;;;;;;;;;;;;;;;;;;
2019/07/14;0900 UTC;;;;;;;;;;;;;;;;;;
2019/07/14;1000 UTC;;;;;;;;;;;;;;;;;;
2019/07/14;1100 UTC;;;;;;;;;;;;;;;;;;
2019/07/14;1200 UTC;;;;;;;;;;;;;;;;;;
2019/07/14;1300 UTC;;;;;;;;;;;;;;;;;;
2019/07/14;1400 UTC;;;;;;;;;;;;;;;;;;
2019/07/14;1500 UTC;;;;;;;;;;;;;;;;;;
2019/07/14;1600 UTC;;;;;;;;;;;;;;;;;;
2019/07/14;1700 UTC;;;;;;;;;;;;;;;;;;
2019/07/14;1800 UTC;;;;;;;;;;;;;;;;;;
2019/07/14;1900 UTC;;;;;;;;;;;;;;;;;;
2019/07/14;2000 UTC;;;;;;;;;;;;;;;;;;
2019/07/14;2100 UTC;;;;;;;;;;;;;;;;;;
2019/07/14;2200 UTC;;;;;;;;;;;;;;;;;;
2019/07/14;2300 UTC;;;;;;;;;;;;;;;;;;
2019/07/15;0000 UTC;;;;;;;;;;;;;;;;;;
2019/07/15;0100 UTC;;;;;;;;;;;;;;;;;;
2019/07/15;0200 UTC;;;;;;;;;;;;;;;;;;
2019/07/15;0300 UTC;;;;;;;;;;;;;;;;;;
2019/07/15;0400 UTC;;;;;;;;;;;;;;;;;;
2019/07/15;0500 UTC;;;;;;;;;;;;;;;;;;
2019/07/15;0600 UTC;;;;;;;;;;;;;;;;;;
2019/07/15;0700 UTC;;;;;;;;;;;;;;;;;;
2019/07/15;0800 UTC;;;;;;;;;;;;;;;;;;
2019/07/15;0900 UTC;;;;;;;;;;;;;;;;;;
2019/07/15;1000 UTC;;;;;;;;;;;;;;;;;;
2019/07/15;1100 UTC;;;;;;;;;;;;;;;;;;
2019/07/15;1200 UTC;;;;;;;;;;;;;;;;;;
2019/07/15;1300 UTC;;;;;;;;;;;;;;;;;;
2019/07/15;1400 UTC;;;;;;;;;;;;;;;;;;
2019/07/15;1500 UTC;;;;;;;;;;;;;;;;;;
2019/07/15;1600 UTC;;;;;;;;;;;;;;;;;;
2019/07/15;1700 UTC;;;;;;;;;;;;;;;;;;
2019/07/15;1800 UTC;;;;;;;;;;;;;;;;;;
2019/07/15;1900 UTC;;;;;;;;;;;;;;;;;;
2019/07/15;2000 UTC;;;;;;;;;;;;;;;;;;
2019/07/15;2100 UTC;;;;;;;;;;;;;;;;;;
2019/07/15;2200 UTC;;;;;;;;;;;;;;;;;;
2019/07/15;2300 UTC;;;;;;;;;;;;;;;;;;
2019/07/16;0000 UTC;;;;;;;;;;;;;;;;;;
2019/07/16;0100 UTC;;;;;;;;;;;;;;;;;;
2019/07/16;0200 UTC;;;;;;;;;;;;;;;;;;
2019/07/16;0300 UTC;;;;;;;;;;;;;;;;;;
2019/07/16;0400 UTC;;;;;;;;;;;;;;;;;;
2019/07/16;0500 UTC;;;;;;;;;;;;;;;;;;
2019/07/16;0600 UTC;;;;;;;;;;;;;;;;;;
2019/07/16;0700 UTC;;;;;;;;;;;;;;;;;;
2019/07/16;0800 UTC;;;;;;;;;;;;;;;;;;
2019/07/16;0900 UTC;;;;;;;;;;;;;;;;;;
2019/07/16;1000 UTC;;;;;;;;;;;;;;;;;;
2019/07/16;1100 UTC;;;;;;;;;;;;;;;;;;
2019/07/16;1200 UTC;;;;;;;;;;;;;;;;;;
2019/07/16;1300 UTC;;;;;;;;;;;;;;;;;;
2019/07/16;1400 UTC;;;;;;;;;;;;;;;;;;
2019/07/16;1500 UTC;;;;;;;;;;;;;;;;;;
2019/07/16;1600 UTC;;;;;;;;;;;;;;;;;;
2019/07/16;1700 UTC;;;;;;;;;;;;;;;;;;
2019/07/16;1800 UTC;;;;;;;;;;;;;;;;;;
2019/07/16;1900 UTC;;;;;;;;;;;;;;;;;;
2019/07/16;2000 UTC;;;;;;;;;;;;;;;;;;
2019/07/16;2100 UTC;;;;;;;;;;;;;;;;;;
2019/07/16;2200 UTC;;;;;;;;;;;;;;;;;;
2019/07/16;2300 UTC;;;;;;;;;;;;;;;;;;
2019/07/17;0000 UTC;;;;;;;;;;;;;;;;;;
2019/07/17;0100 UTC;;;;;;;;;;;;;;;;;;
2019/07/17;0200 UTC;;;;;;;;;;;;;;;;;;
2019/07/17;0300 UTC;;;;;;;;;;;;;;;;;;
2019/07/17;0400 UTC;;;;;;;;;;;;;;;;;;
2019/07/17;0500 UTC;;;;;;;;;;;;;;;;;;
2019/07/17;0600 UTC;;;;;;;;;;;;;;;;;;
2019/07/17;0700 UTC;;;;;;;;;;;;;;;;;;
2019/07/17;0800 UTC;;;;;;;;;;;;;;;;;;
2019/07/17;0900 UTC;;;;;;;;;;;;;;;;;;
2019/07/17;1000 UTC;;;;;;;;;;;;;;;;;;
2019/07/17;1100 UTC;;;;;;;;;;;;;;;;;;
2019/07/17;1200 UTC;;;;;;;;;;;;;;;;;;
2019/07/17;1300 UTC;;;;;;;;;;;;;;;;;;
2019/07/17;1400 UTC;;;;;;;;;;;;;;;;;;
2019/07/17;1500 UTC;;;;;;;;;;;;;;;;;;
2019/07/17;1600 UTC;;;;;;;;;;;;;;;;;;
2019/07/17;1700 UTC;;;;;;;;;;;;;;;;;;
2019/07/17;1800 UTC;;;;;;;;;;;;;;;;;;
2019/07/17;1900 UTC;;;;;;;;;;;;;;;;;;
2019/07/17;2000 UTC;;;;;;;;;;;;;;;;;;
2019/07/17;2100 UTC;;;;;;;;;;;;;;;;;;
2019/07/17;2200 UTC;;;;;;;;;;;;;;;;;;
2019/07/17;2300 UTC;;;;;;;;;;;;;;;;;;
2019/07/18;0000 UTC;;;;;;;;;;;;;;;;;;
2019/07/18;0100 UTC;;;;;;;;;;;;;;;;;;
2019/07/18;0200 UTC;;;;;;;;;;;;;;;;;;
2019/07/18;0300 UTC;;;;;;;;;;;;;;;;;;
2019/07/18;0400 UTC;;;;;;;;;;;;;;;;;;
2019/07/18;0500 UTC;;;;;;;;;;;;;;;;;;
2019/07/18;0600 UTC;;;;;;;;;;;;;;;;;;
2019/07/18;0700 UTC;;;;;;;;;;;;;;;;;;
2019/07/18;0800 UTC;;;;;;;;;;;;;;;;;;
2019/07/18;0900 UTC;;;;;;;;;;;;;;;;;;
2019/07/18;1000 UTC;;;;;;;;;;;;;;;;;;
2019/07/18;1100 UTC;;;;;;;;;;;;;;;;;;
2019/07/18;1200 UTC;;;;;;;;;;;;;;;;;;
2019/07/18;1300 UTC;;;;;;;;;;;;;;;;;;
2019/07/18;1400 UTC;;;;;;;;;;;;;;;;;;
2019/07/18;1500 UTC;;;;;;;;;;;;;;;;;;
2019/07/18;1600 UTC;;;;;;;;;;;;;;;;;;
2019/07/18;1700 UTC;;;;;;;;;;;;;;;;;;
2019/07/18;1800 UTC;;;;;;;;;;;;;;;;;;
2019/07/18;1900 UTC;;;;;;;;;;;;;;;;;;
2019/07/18;2000 UTC;;;;;;;;;;;;;;;;;;
2019/07/18;2100 UTC;;;;;;;;;;;;;;;;;;
2019/07/18;2200 UTC;;;;;;;;;;;;;;;;;;
2019/07/18;2300 UTC;;;;;;;;;;;;;;;;;;
2019/07/19;0000 UTC;;;;;;;;;;;;;;;;;;
2019/07/19;0100 UTC;;;;;;;;;;;;;;;;;;
2019/07/19;0200 UTC;;;;;;;;;;;;;;;;;;
2019/07/19;0300 UTC;;;;;;;;;;;;;;;;;;
2019/07/19;0400 UTC;;;;;;;;;;;;;;;;;;
2019/07/19;0500 UTC;;;;;;;;;;;;;;;;;;
2019/07/19;0600 UTC;;;;;;;;;;;;;;;;;;
2019/07/19;0700 UTC;;;;;;;;;;;;;;;;;;
2019/07/19;0800 UTC;;;;;;;;;;;;;;;;;;
2019/07/19;0900 UTC;;;;;;;;;;;;;;;;;;
2019/07/19;1000 UTC;;;;;;;;;;;;;;;;;;
2019/07/19;1100 UTC;;;;;;;;;;;;;;;;;;
2019/07/19;1200 UTC;;;;;;;;;;;;;;;;;;
2019/07/19;1300 UTC;;;;;;;;;;;;;;;;;;
2019/07/19;1400 UTC;;;;;;;;;;;;;;;;;;
2019/07/19;1500 UTC;;;;;;;;;;;;;;;;;;
2019/07/19;1600 UTC;;;;;;;;;;;;;;;;;;
2019/07/19;1700 UTC;;;;;;;;;;;;;;;;;;
2019/07/19;1800 UTC;;;;;;;;;;;;;;;;;;
2019/07/19;1900 UTC;;;;;;;;;;;;;;;;;;
2019/07/19;2000 UTC;;;;;;;;;;;;;;;;;;
2019/07/19;2100 UTC;;;;;;;;;;;;;;;;;;
2019/07/19;2200 UTC;;;;;;;;;;;;;;;;;;
2019/07/19;2300 UTC;;;;;;;;;;;;;;;;;;
2019/07/20;0000 UTC;;;;;;;;;;;;;;;;;;
2019/07/20;0100 UTC;;;;;;;;;;;;;;;;;;
2019/07/20;0200 UTC;;;;;;;;;;;;;;;;;;
2019/07/20;0300 UTC;;;;;;;;;;;;;;;;;;
2019/07/20;0400 UTC;;;;;;;;;;;;;;;;;;
2019/07/20;0500 UTC;;;;;;;;;;;;;;;;;;
2019/07/20;0600 UTC;;;;;;;;;;;;;;;;;;
2019/07/20;0700 UTC;;;;;;;;;;;;;;;;;;
2019/07/20;0800 UTC;;;;;;;;;;;;;;;;;;
2019/07/20;0900 UTC;;;;;;;;;;;;;;;;;;
2019/07/20;1000 UTC;;;;;;;;;;;;;;;;;;
2019/07/20;1100 UTC;;;;;;;;;;;;;;;;;;
2019/07/20;1200 UTC;;;;;;;;;;;;;;;;;;
2019/07/20;1300 UTC;;;;;;;;;;;;;;;;;;
2019/07/20;1400 UTC;;;;;;;;;;;;;;;;;;
2019/07/20;1500 UTC;;;;;;;;;;;;;;;;;;
2019/07/20;1600 UTC;;;;;;;;;;;;;;;;;;
2019/07/20;1700 UTC;;;;;;;;;;;;;;;;;;
2019/07/20;1800 UTC;;;;;;;;;;;;;;;;;;
2019/07/20;1900 UTC;;;;;;;;;;;;;;;;;;
2019/07/20;2000 UTC;;;;;;;;;;;;;;;;;;
2019/07/20;2100 UTC;;;;;;;;;;;;;;;;;;
2019/07/20;2200 UTC;;;;;;;;;;;;;;;;;;
2019/07/20;2300 UTC;;;;;;;;;;;;;;;;;;
2019/07/21;0000 UTC;;;;;;;;;;;;;;;;;;
2019/07/21;0100 UTC;;;;;;;;;;;;;;;;;;
2019/07/21;0200 UTC;;;;;;;;;;;;;;;;;;
2019/07/21;0300 UTC;;;;;;;;;;;;;;;;;;
2019/07/21;0400 UTC;;;;;;;;;;;;;;;;;;
2019/07/21;0500 UTC;;;;;;;;;;;;;;;;;;
2019/07/21;0600 UTC;;;;;;;;;;;;;;;;;;
2019/07/21;0700 UTC;;;;;;;;;;;;;;;;;;
2019/07/21;0800 UTC;;;;;;;;;;;;;;;;;;
2019/07/21;0900 UTC;;;;;;;;;;;;;;;;;;
2019/07/21;1000 UTC;;;;;;;;;;;;;;;;;;
2019/07/21;1100 UTC;;;;;;;;;;;;;;;;;;
2019/07/21;1200 UTC;;;;;;;;;;;;;;;;;;
2019/07/21;1300 UTC;;;;;;;;;;;;;;;;;;
2019/07/21;1400 UTC;;;;;;;;;;;;;;;;;;
2019/07/21;1500 UTC;;;;;;;;;;;;;;;;;;
2019/07/21;1600 UTC;;;;;;;;;;;;;;;;;;
2019/07/21;1700 UTC;;;;;;;;;;;;;;;;;;
2019/07/21;1800 UTC;;;;;;;;;;;;;;;;;;
2019/07/21;1900 UTC;;;;;;;;;;;;;;;;;;
2019/07/21;2000 UTC;;;;;;;;;;;;;;;;;;
2019/07/21;2100 UTC;;;;;;;;;;;;;;;;;;
2019/07/21;2200 UTC;;;;;;;;;;;;;;;;;;
2019/07/21;2300 UTC;;;;;;;;;;;;;;;;;;
2019/07/22;0000 UTC;;;;;;;;;;;;;;;;;;
2019/07/22;0100 UTC;;;;;;;;;;;;;;;;;;
2019/07/22;0200 UTC;;;;;;;;;;;;;;;;;;
2019/07/22;0300 UTC;;;;;;;;;;;;;;;;;;
2019/07/22;0400 UTC;;;;;;;;;;;;;;;;;;
2019/07/22;0500 UTC;;;;;;;;;;;;;;;;;;
2019/07/22;0600 UTC;;;;;;;;;;;;;;;;;;
2019/07/22;0700 UTC;;;;;;;;;;;;;;;;;;
2019/07/22;0800 UTC;;;;;;;;;;;;;;;;;;
2019/07/22;0900 UTC;;;;;;;;;;;;;;;;;;
2019/07/22;1000 UTC;;;;;;;;;;;;;;;;;;
2019/07/22;1100 UTC;;;;;;;;;;;;;;;;;;
2019/07/22;1200 UTC;;;;;;;;;;;;;;;;;;
2019/07/22;1300 UTC;;;;;;;;;;;;;;;;;;
2019/07/22;1400 UTC;;;;;;;;;;;;;;;;;;
2019/07/22;1500 UTC;;;;;;;;;;;;;;;;;;
2019/07/22;1600 UTC;;;;;;;;;;;;;;;;;;
2019/07/22;1700 UTC;;;;;;;;;;;;;;;;;;
2019/07/22;1800 UTC;;;;;;;;;;;;;;;;;;
2019/07/22;1900 UTC;;;;;;;;;;;;;;;;;;
2019/07/22;2000 UTC;;;;;;;;;;;;;;;;;;
2019/07/22;2100 UTC;;;;;;;;;;;;;;;;;;
2019/07/22;2200 UTC;;;;;;;;;;;;;;;;;;
2019/07/22;2300 UTC;;;;;;;;;;;;;;;;;;
2019/07/23;0000 UTC;;;;;;;;;;;;;;;;;;
2019/07/23;0100 UTC;;;;;;;;;;;;;;;;;;
2019/07/23;0200 UTC;;;;;;;;;;;;;;;;;;
2019/07/23;0300 UTC;;;;;;;;;;;;;;;;;;
2019/07/23;0400 UTC;;;;;;;;;;;;;;;;;;
2019/07/23;0500 UTC;;;;;;;;;;;;;;;;;;
2019/07/23;0600 UTC;;;;;;;;;;;;;;;;;;
2019/07/23;0700 UTC;;;;;;;;;;;;;;;;;;
2019/07/23;0800 UTC;;;;;;;;;;;;;;;;;;
2019/07/23;0900 UTC;;;;;;;;;;;;;;;;;;
2019/07/23;1000 UTC;;;;;;;;;;;;;;;;;;
2019/07/23;1100 UTC;;;;;;;;;;;;;;;;;;
2019/07/23;1200 UTC;;;;;;;;;;;;;;;;;;
2019/07/23;1300 UTC;;;;;;;;;;;;;;;;;;
2019/07/23;1400 UTC;;;;;;;;;;;;;;;;;;
2019/07/23;1500 UTC;;;;;;;;;;;;;;;;;;
2019/07/23;1600 UTC;;;;;;;;;;;;;;;;;;
2019/07/23;1700 UTC;;;;;;;;;;;;;;;;;;
2019/07/23;1800 UTC;;;;;;;;;;;;;;;;;;
2019/07/23;1900 UTC;;;;;;;;;;;;;;;;;;
2019/07/23;2000 UTC;;;;;;;;;;;;;;;;;;
2019/07/23;2100 UTC;;;;;;;;;;;;;;;;;;
2019/07/23;2200 UTC;;;;;;;;;;;;;;;;;;
2019/07/23;2300 UTC;;;;;;;;;;;;;;;;;;
2019/07/24;0000 UTC;;;;;;;;;;;;;;;;;;
2019/07/24;0100 UTC;;;;;;;;;;;;;;;;;;
2019/07/24;0200 UTC;;;;;;;;;;;;;;;;;;
2019/07/24;0300 UTC;;;;;;;;;;;;;;;;;;
2019/07/24;0400 UTC;;;;;;;;;;;;;;;;;;
2019/07/24;0500 UTC;;;;;;;;;;;;;;;;;;
2019/07/24;0600 UTC;;;;;;;;;;;;;;;;;;
2019/07/24;0700 UTC;;;;;;;;;;;;;;;;;;
2019/07/24;0800 UTC;;;;;;;;;;;;;;;;;;
2019/07/24;0900 UTC;;;;;;;;;;;;;;;;;;
2019/07/24;1000 UTC;;;;;;;;;;;;;;;;;;
2019/07/24;1100 UTC;;;;;;;;;;;;;;;;;;
2019/07/24;1200 UTC;;;;;;;;;;;;;;;;;;
2019/07/24;1300 UTC;;;;;;;;;;;;;;;;;;
2019/07/24;1400 UTC;;;;;;;;;;;;;;;;;;
2019/07/24;1500 UTC;;;;;;;;;;;;;;;;;;
2019/07/24;1600 UTC;;;;;;;;;;;;;;;;;;
2019/07/24;1700 UTC;;;;;;;;;;;;;;;;;;
2019/07/24;1800 UTC;;;;;;;;;;;;;;;;;;
2019/07/24;1900 UTC;;;;;;;;;;;;;;;;;;
2019/07/24;2000 UTC;;;;;;;;;;;;;;;;;;
2019/07/24;2100 UTC;;;;;;;;;;;;;;;;;;
2019/07/24;2200 UTC;;;;;;;;;;;;;;;;;;
2019/07/24;2300 UTC;;;;;;;;;;;;;;;;;;
2019/07/25;0000 UTC;;;;;;;;;;;;;;;;;;
2019/07/25;0100 UTC;;;;;;;;;;;;;;;;;;
2019/07/25;0200 UTC;;;;;;;;;;;;;;;;;;
2019/07/25;0300 UTC;;;;;;;;;;;;;;;;;;
2019/07/25;0400 UTC;;;;;;;;;;;;;;;;;;
2019/07/25;0500 UTC;;;;;;;;;;;;;;;;;;
2019/07/25;0600 UTC;;;;;;;;;;;;;;;;;;
2019/07/25;0700 UTC;;;;;;;;;;;;;;;;;;
2019/07/25;0800 UTC;;;;;;;;;;;;;;;;;;
2019/07/25;0900 UTC;;;;;;;;;;;;;;;;;;
2019/07/25;1000 UTC;;;;;;;;;;;;;;;;;;
2019/07/25;1100 UTC;;;;;;;;;;;;;;;;;;
2019/07/25;1200 UTC;;;;;;;;;;;;;;;;;;
2019/07/25;1300 UTC;;;;;;;;;;;;;;;;;;
2019/07/25;1400 UTC;;;;;;;;;;;;;;;;;;
2019/07/25;1500 UTC;;;;;;;;;;;;;;;;;;
2019/07/25;1600 UTC;;;;;;;;;;;;;;;;;;
2019/07/25;1700 UTC;;;;;;;;;;;;;;;;;;
2019/07/25;1800 UTC;;;;;;;;;;;;;;;;;;
2019/07/25;1900 UTC;;;;;;;;;;;;;;;;;;
2019/07/25;2000 UTC;;;;;;;;;;;;;;;;;;
2019/07/25;2100 UTC;;;;;;;;;;;;;;;;;;
2019/07/25;2200 UTC;;;;;;;;;;;;;;;;;;
2019/07/25;2300 UTC;;;;;;;;;;;;;;;;;;
2019/07/26;0000 UTC;;;;;;;;;;;;;;;;;;
2019/07/26;0100 UTC;;;;;;;;;;;;;;;;;;
2019/07/26;0200 UTC;;;;;;;;;;;;;;;;;;
2019/07/26;0300 UTC;;;;;;;;;;;;;;;;;;
2019/07/26;0400 UTC;;;;;;;;;;;;;;;;;;
2019/07/26;0500 UTC;;;;;;;;;;;;;;;;;;
2019/07/26;0600 UTC;;;;;;;;;;;;;;;;;;
2019/07/26;0700 UTC;;;;;;;;;;;;;;;;;;
2019/07/26;0800 UTC;;;;;;;;;;;;;;;;;;
2019/07/26;0900 UTC;;;;;;;;;;;;;;;;;;
2019/07/26;1000 UTC;;;;;;;;;;;;;;;;;;
2019/07/26;1100 UTC;;;;;;;;;;;;;;;;;;
2019/07/26;1200 UTC;;;;;;;;;;;;;;;;;;
2019/07/26;1300 UTC;;;;;;;;;;;;;;;;;;
2019/07/26;1400 UTC;;;;;;;;;;;;;;;;;;
2019/07/26;1500 UTC;;;;;;;;;;;;;;;;;;
2019/07/26;1600 UTC;;;;;;;;;;;;;;;;;;
2019/07/26;1700 UTC;;;;;;;;;;;;;;;;;;
2019/07/26;1800 UTC;;;;;;;;;;;;;;;;;;
2019/07/26;1900 UTC;;;;;;;;;;;;;;;;;;
2019/07/26;2000 UTC;;;;;;;;;;;;;;;;;;
2019/07/26;2100 UTC;;;;;;;;;;;;;;;;;;
2019/07/26;2200 UTC;;;;;;;;;;;;;;;;;;
2019/07/26;2300 UTC;;;;;;;;;;;;;;;;;;
2019/07/27;0000 UTC;;;;;;;;;;;;;;;;;;
2019/07/27;0100 UTC;;;;;;;;;;;;;;;;;;
2019/07/27;0200 UTC;;;;;;;;;;;;;;;;;;
2019/07/27;0300 UTC;;;;;;;;;;;;;;;;;;
2019/07/27;0400 UTC;;;;;;;;;;;;;;;;;;
2019/07/27;0500 UTC;;;;;;;;;;;;;;;;;;
2019/07/27;0600 UTC;;;;;;;;;;;;;;;;;;
2019/07/27;0700 UTC;;;;;;;;;;;;;;;;;;
2019/07/27;0800 UTC;;;;;;;;;;;;;;;;;;
2019/07/27;0900 UTC;;;;;;;;;;;;;;;;;;
2019/07/27;1000 UTC;;;;;;;;;;;;;;;;;;
2019/07/27;1100 UTC;;;;;;;;;;;;;;;;;;
2019/07/27;1200 UTC;;;;;;;;;;;;;;;;;;
2019/07/27;1300 UTC;;;;;;;;;;;;;;;;;;
2019/07/27;1400 UTC;;;;;;;;;;;;;;;;;;
2019/07/27;1500 UTC;;;;;;;;;;;;;;;;;;
2019/07/27;1600 UTC;;;;;;;;;;;;;;;;;;
2019/07/27;1700 UTC;;;;;;;;;;;;;;;;;;
2019/07/27;1800 UTC;;;;;;;;;;;;;;;;;;
2019/07/27;1900 UTC;;;;;;;;;;;;;;;;;;
2019/07/27;2000 UTC;;;;;;;;;;;;;;;;;;
2019/07/27;2100 UTC;;;;;;;;;;;;;;;;;;
2019/07/27;2200 UTC;;;;;;;;;;;;;;;;;;
2019/07/27;2300 UTC;;;;;;;;;;;;;;;;;;
2019/07/28;0000 UTC;;;;;;;;;;;;;;;;;;
2019/07/28;0100 UTC;;;;;;;;;;;;;;;;;;
2019/07/28;0200 UTC;;;;;;;;;;;;;;;;;;
2019/07/28;0300 UTC;;;;;;;;;;;;;;;;;;
2019/07/28;0400 UTC;;;;;;;;;;;;;;;;;;
2019/07/28;0500 UTC;;;;;;;;;;;;;;;;;;
2019/07/28;0600 UTC;;;;;;;;;;;;;;;;;;
2019/07/28;0700 UTC;;;;;;;;;;;;;;;;;;
2019/07/28;0800 UTC;;;;;;;;;;;;;;;;;;
2019/07/28;0900 UTC;;;;;;;;;;;;;;;;;;
2019/07/28;1000 UTC;;;;;;;;;;;;;;;;;;
2019/07/28;1100 UTC;;;;;;;;;;;;;;;;;;
2019/07/28;1200 UTC;;;;;;;;;;;;;;;;;;
2019/07/28;1300 UTC;;;;;;;;;;;;;;;;;;
2019/07/28;1400 UTC;;;;;;;;;;;;;;;;;;
2019/07/28;1500 UTC;;;;;;;;;;;;;;;;;;
2019/07/28;1600 UTC;;;;;;;;;;;;;;;;;;
2019/07/28;1700 UTC;;;;;;;;;;;;;;;;;;
2019/07/28;1800 UTC;;;;;;;;;;;;;;;;;;
2019/07/28;1900 UTC;;;;;;;;;;;;;;;;;;
2019/07/28;2000 UTC;;;;;;;;;;;;;;;;;;
2019/07/28;2100 UTC;;;;;;;;;;;;;;;;;;
2019/07/28;2200 UTC;;;;;;;;;;;;;;;;;;
2019/07/28;2300 UTC;;;;;;;;;;;;;;;;;;
2019/07/29;0000 UTC;;;;;;;;;;;;;;;;;;
2019/07/29;0100 UTC;;;;;;;;;;;;;;;;;;
2019/07/29;0200 UTC;;;;;;;;;;;;;;;;;;
2019/07/29;0300 UTC;;;;;;;;;;;;;;;;;;
2019/07/29;0400 UTC;;;;;;;;;;;;;;;;;;
2019/07/29;0500 UTC;;;;;;;;;;;;;;;;;;
2019/07/29;0600 UTC;;;;;;;;;;;;;;;;;;
2019/07/29;0700 UTC;;;;;;;;;;;;;;;;;;
2019/07/29;0800 UTC;;;;;;;;;;;;;;;;;;
2019/07/29;0900 UTC;;;;;;;;;;;;;;;;;;
2019/07/29;1000 UTC;;;;;;;;;;;;;;;;;;
2019/07/29;1100 UTC;;;;;;;;;;;;;;;;;;
2019/07/29;1200 UTC;;;;;;;;;;;;;;;;;;
2019/07/29;1300 UTC;;;;;;;;;;;;;;;;;;
2019/07/29;1400 UTC;;;;;;;;;;;;;;;;;;
2019/07/29;1500 UTC;;;;;;;;;;;;;;;;;;
2019/07/29;1600 UTC;;;;;;;;;;;;;;;;;;
2019/07/29;1700 UTC;;;;;;;;;;;;;;;;;;
2019/07/29;1800 UTC;;;;;;;;;;;;;;;;;;
2019/07/29;1900 UTC;;;;;;;;;;;;;;;;;;
2019/07/29;2000 UTC;;;;;;;;;;;;;;;;;;
2019/07/29;2100 UTC;;;;;;;;;;;;;;;;;;
2019/07/29;2200 UTC;;;;;;;;;;;;;;;;;;
2019/07/29;2300 UTC;;;;;;;;;;;;;;;;;;
2019/07/30;0000 UTC;;;;;;;;;;;;;;;;;;
2019/07/30;0100 UTC;;;;;;;;;;;;;;;;;;
2019/07/30;0200 UTC;;;;;;;;;;;;;;;;;;
2019/07/30;0300 UTC;;;;;;;;;;;;;;;;;;
2019/07/30;0400 UTC;;;;;;;;;;;;;;;;;;
2019/07/30;0500 UTC;;;;;;;;;;;;;;;;;;
2019/07/30;0600 UTC;;;;;;;;;;;;;;;;;;
2019/07/30;0700 UTC;;;;;;;;;;;;;;;;;;
2019/07/30;0800 UTC;;;;;;;;;;;;;;;;;;
2019/07/30;0900 UTC;;;;;;;;;;;;;;;;;;
2019/07/30;1000 UTC;;;;;;;;;;;;;;;;;;
2019/07/30;1100 UTC;;;;;;;;;;;;;;;;;;
2019/07/30;1200 UTC;;;;;;;;;;;;;;;;;;
2019/07/30;1300 UTC;;;;;;;;;;;;;;;;;;
2019/07/30;1400 UTC;;;;;;;;;;;;;;;;;;
2019/07/30;1500 UTC;;;;;;;;;;;;;;;;;;
2019/07/30;1600 UTC;;;;;;;;;;;;;;;;;;
2019/07/30;1700 UTC;;;;;;;;;;;;;;;;;;
2019/07/30;1800 UTC;;;;;;;;;;;;;;;;;;
2019/07/30;1900 UTC;;;;;;;;;;;;;;;;;;
2019/07/30;2000 UTC;;;;;;;;;;;;;;;;;;
2019/07/30;2100 UTC;;;;;;;;;;;;;;;;;;
2019/07/30;2200 UTC;;;;;;;;;;;;;;;;;;
2019/07/30;2300 UTC;;;;;;;;;;;;;;;;;;
2019/07/31;0000 UTC;;;;;;;;;;;;;;;;;;
2019/07/31;0100 UTC;;;;;;;;;;;;;;;;;;
2019/07/31;0200 UTC;;;;;;;;;;;;;;;;;;
2019/07/31;0300 UTC;;;;;;;;;;;;;;;;;;
2019/07/31;0400 UTC;;;;;;;;;;;;;;;;;;
2019/07/31;0500 UTC;;;;;;;;;;;;;;;;;;
2019/07/31;0600 UTC;;;;;;;;;;;;;;;;;;
2019/07/31;0700 UTC;;;;;;;;;;;;;;;;;;
2019/07/31;0800 UTC;;;;;;;;;;;;;;;;;;
2019/07/31;0900 UTC;;;;;;;;;;;;;;;;;;
2019/07/31;1000 UTC;;;;;;;;;;;;;;;;;;
2019/07/31;1100 UTC;;;;;;;;;;;;;;;;;;
2019/07/31;1200 UTC;;;;;;;;;;;;;;;;;;
2019/07/31;1300 UTC;;;;;;;;;;;;;;;;;;
2019/07/31;1400 UTC;;;;;;;;;;;;;;;;;;
2019/07/31;1500 UTC;;;;;;;;;;;;;;;;;;
2019/07/31;1600 UTC;;;;;;;;;;;;;;;;;;
2019/07/31;1700 UTC;;;;;;;;;;;;;;;;;;
2019/07/31;1800 UTC;;;;;;;;;;;;;;;;;;
2019/07/31;1900 UTC;;;;;;;;;;;;;;;;;;
2019/07/31;2000 UTC;;;;;;;;;;;;;;;;;;
2019/07/31;2100 UTC;;;;;;;;;;;;;;;;;;
2019/07/31;2200 UTC;;;;;;;;;;;;;;;;;;
2019/07/31;2300 UTC;;;;;;;;;;;;;;;;;;
2019/08/01;0000 UTC;;;;;;;;;;;;;;;;;;
2019/08/01;0100 UTC;;;;;;;;;;;;;;;;;;
2019/08/01;0200 UTC;;;;;;;;;;;;;;;;;;
2019/08/01;0300 UTC;;;;;;;;;;;;;;;;;;
2019/08/01;0400 UTC;;;;;;;;;;;;;;;;;;
2019/08/01;0500 UTC;;;;;;;;;;;;;;;;;;
2019/08/01;0600 UTC;;;;;;;;;;;;;;;;;;
2019/08/01;0700 UTC;;;;;;;;;;;;;;;;;;
2019/08/01;0800 UTC;;;;;;;;;;;;;;;;;;
2019/08/01;0900 UTC;;;;;;;;;;;;;;;;;;
2019/08/01;1000 UTC;;;;;;;;;;;;;;;;;;
2019/08/01;1100 UTC;;;;;;;;;;;;;;;;;;
2019/08/01;1200 UTC;;;;;;;;;;;;;;;;;;
2019/08/01;1300 UTC;;;;;;;;;;;;;;;;;;
2019/08/01;1400 UTC;;;;;;;;;;;;;;;;;;
2019/08/01;1500 UTC;;;;;;;;;;;;;;;;;;
2019/08/01;1600 UTC;;;;;;;;;;;;;;;;;;
2019/08/01;1700 UTC;;;;;;;;;;;;;;;;;;
2019/08/01;1800 UTC;;;;;;;;;;;;;;;;;;
2019/08/01;1900 UTC;;;;;;;;;;;;;;;;;;
2019/08/01;2000 UTC;;;;;;;;;;;;;;;;;;
2019/08/01;2100 UTC;;;;;;;;;;;;;;;;;;
2019/08/01;2200 UTC;;;;;;;;;;;;;;;;;;
2019/08/01;2300 UTC;;;;;;;;;;;;;;;;;;
2019/08/02;0000 UTC;;;;;;;;;;;;;;;;;;
2019/08/02;0100 UTC;;;;;;;;;;;;;;;;;;
2019/08/02;0200 UTC;;;;;;;;;;;;;;;;;;
2019/08/02;0300 UTC;;;;;;;;;;;;;;;;;;
2019/08/02;0400 UTC;;;;;;;;;;;;;;;;;;
2019/08/02;0500 UTC;;;;;;;;;;;;;;;;;;
2019/08/02;0600 UTC;;;;;;;;;;;;;;;;;;
2019/08/02;0700 UTC;;;;;;;;;;;;;;;;;;
2019/08/02;0800 UTC;;;;;;;;;;;;;;;;;;
2019/08/02;0900 UTC;;;;;;;;;;;;;;;;;;
2019/08/02;1000 UTC;;;;;;;;;;;;;;;;;;
2019/08/02;1100 UTC;;;;;;;;;;;;;;;;;;
2019/08/02;1200 UTC;;;;;;;;;;;;;;;;;;
2019/08/02;1300 UTC;;;;;;;;;;;;;;;;;;
2019/08/02;1400 UTC;;;;;;;;;;;;;;;;;;
2019/08/02;1500 UTC;;;;;;;;;;;;;;;;;;
2019/08/02;1600 UTC;;;;;;;;;;;;;;;;;;
2019/08/02;1700 UTC;;;;;;;;;;;;;;;;;;
2019/08/02;1800 UTC;;;;;;;;;;;;;;;;;;
2019/08/02;1900 UTC;;;;;;;;;;;;;;;;;;
2019/08/02;2000 UTC;;;;;;;;;;;;;;;;;;
2019/08/02;2100 UTC;;;;;;;;;;;;;;;;;;
2019/08/02;2200 UTC;;;;;;;;;;;;;;;;;;
2019/08/02;2300 UTC;;;;;;;;;;;;;;;;;;
2019/08/03;0000 UTC;;;;;;;;;;;;;;;;;;
2019/08/03;0100 UTC;;;;;;;;;;;;;;;;;;
2019/08/03;0200 UTC;;;;;;;;;;;;;;;;;;
2019/08/03;0300 UTC;;;;;;;;;;;;;;;;;;
2019/08/03;0400 UTC;;;;;;;;;;;;;;;;;;
2019/08/03;0500 UTC;;;;;;;;;;;;;;;;;;
2019/08/03;0600 UTC;;;;;;;;;;;;;;;;;;
2019/08/03;0700 UTC;;;;;;;;;;;;;;;;;;
2019/08/03;0800 UTC;;;;;;;;;;;;;;;;;;
2019/08/03;0900 UTC;;;;;;;;;;;;;;;;;;
2019/08/03;1000 UTC;;;;;;;;;;;;;;;;;;
2019/08/03;1100 UTC;;;;;;;;;;;;;;;;;;
2019/08/03;1200 UTC;;;;;;;;;;;;;;;;;;
2019/08/03;1300 UTC;;;;;;;;;;;;;;;;;;
2019/08/03;1400 UTC;;;;;;;;;;;;;;;;;;
2019/08/03;1500 UTC;;;;;;;;;;;;;;;;;;
2019/08/03;1600 UTC;;;;;;;;;;;;;;;;;;
2019/08/03;1700 UTC;;;;;;;;;;;;;;;;;;
2019/08/03;1800 UTC;;;;;;;;;;;;;;;;;;
2019/08/03;1900 UTC;;;;;;;;;;;;;;;;;;
2019/08/03;2000 UTC;;;;;;;;;;;;;;;;;;
2019/08/03;2100 UTC;;;;;;;;;;;;;;;;;;
2019/08/03;2200 UTC;;;;;;;;;;;;;;;;;;
2019/08/03;2300 UTC;;;;;;;;;;;;;;;;;;
2019/08/04;0000 UTC;;;;;;;;;;;;;;;;;;
2019/08/04;0100 UTC;;;;;;;;;;;;;;;;;;
2019/08/04;0200 UTC;;;;;;;;;;;;;;;;;;
2019/08/04;0300 UTC;;;;;;;;;;;;;;;;;;
2019/08/04;0400 UTC;;;;;;;;;;;;;;;;;;
2019/08/04;0500 UTC;;;;;;;;;;;;;;;;;;
2019/08/04;0600 UTC;;;;;;;;;;;;;;;;;;
2019/08/04;0700 UTC;;;;;;;;;;;;;;;;;;
2019/08/04;0800 UTC;;;;;;;;;;;;;;;;;;
2019/08/04;0900 UTC;;;;;;;;;;;;;;;;;;
2019/08/04;1000 UTC;;;;;;;;;;;;;;;;;;
2019/08/04;1100 UTC;;;;;;;;;;;;;;;;;;
2019/08/04;1200 UTC;;;;;;;;;;;;;;;;;;
2019/08/04;1300 UTC;;;;;;;;;;;;;;;;;;
2019/08/04;1400 UTC;;;;;;;;;;;;;;;;;;
2019/08/04;1500 UTC;;;;;;;;;;;;;;;;;;
2019/08/04;1600 UTC;;;;;;;;;;;;;;;;;;
2019/08/04;1700 UTC;;;;;;;;;;;;;;;;;;
2019/08/04;1800 UTC;;;;;;;;;;;;;;;;;;
2019/08/04;1900 UTC;;;;;;;;;;;;;;;;;;
2019/08/04;2000 UTC;;;;;;;;;;;;;;;;;;
2019/08/04;2100 UTC;;;;;;;;;;;;;;;;;;
2019/08/04;2200 UTC;;;;;;;;;;;;;;;;;;
2019/08/04;2300 UTC;;;;;;;;;;;;;;;;;;
2019/08/05;0000 UTC;;;;;;;;;;;;;;;;;;
2019/08/05;0100 UTC;;;;;;;;;;;;;;;;;;
2019/08/05;0200 UTC;;;;;;;;;;;;;;;;;;
2019/08/05;0300 UTC;;;;;;;;;;;;;;;;;;
2019/08/05;0400 UTC;;;;;;;;;;;;;;;;;;
2019/08/05;0500 UTC;;;;;;;;;;;;;;;;;;
2019/08/05;0600 UTC;;;;;;;;;;;;;;;;;;
2019/08/05;0700 UTC;;;;;;;;;;;;;;;;;;
2019/08/05;0800 UTC;;;;;;;;;;;;;;;;;;
2019/08/05;0900 UTC;;;;;;;;;;;;;;;;;;
2019/08/05;1000 UTC;;;;;;;;;;;;;;;;;;
2019/08/05;1100 UTC;;;;;;;;;;;;;;;;;;
2019/08/05;1200 UTC;;;;;;;;;;;;;;;;;;
2019/08/05;1300 UTC;;;;;;;;;;;;;;;;;;
2019/08/05;1400 UTC;;;;;;;;;;;;;;;;;;
2019/08/05;1500 UTC;;;;;;;;;;;;;;;;;;
2019/08/05;1600 UTC;;;;;;;;;;;;;;;;;;
2019/08/05;1700 UTC;;;;;;;;;;;;;;;;;;
2019/08/05;1800 UTC;;;;;;;;;;;;;;;;;;
2019/08/05;1900 UTC;;;;;;;;;;;;;;;;;;
2019/08/05;2000 UTC;;;;;;;;;;;;;;;;;;
2019/08/05;2100 UTC;;;;;;;;;;;;;;;;;;
2019/08/05;2200 UTC;;;;;;;;;;;;;;;;;;
2019/08/05;2300 UTC;;;;;;;;;;;;;;;;;;
2019/08/06;0000 UTC;;;;;;;;;;;;;;;;;;
2019/08/06;0100 UTC;;;;;;;;;;;;;;;;;;
2019/08/06;0200 UTC;;;;;;;;;;;;;;;;;;
2019/08/06;0300 UTC;;;;;;;;;;;;;;;;;;
2019/08/06;0400 UTC;;;;;;;;;;;;;;;;;;
2019/08/06;0500 UTC;;;;;;;;;;;;;;;;;;
2019/08/06;0600 UTC;;;;;;;;;;;;;;;;;;
2019/08/06;0700 UTC;;;;;;;;;;;;;;;;;;
2019/08/06;0800 UTC;;;;;;;;;;;;;;;;;;
2019/08/06;0900 UTC;;;;;;;;;;;;;;;;;;
2019/08/06;1000 UTC;;;;;;;;;;;;;;;;;;
2019/08/06;1100 UTC;;;;;;;;;;;;;;;;;;
2019/08/06;1200 UTC;;;;;;;;;;;;;;;;;;
2019/08/06;1300 UTC;;;;;;;;;;;;;;;;;;
2019/08/06;1400 UTC;;;;;;;;;;;;;;;;;;
2019/08/06;1500 UTC;;;;;;;;;;;;;;;;;;
2019/08/06;1600 UTC;;;;;;;;;;;;;;;;;;
2019/08/06;1700 UTC;;;;;;;;;;;;;;;;;;
2019/08/06;1800 UTC;;;;;;;;;;;;;;;;;;
2019/08/06;1900 UTC;;;;;;;;;;;;;;;;;;
2019/08/06;2000 UTC;;;;;;;;;;;;;;;;;;
2019/08/06;2100 UTC;;;;;;;;;;;;;;;;;;
2019/08/06;2200 UTC;;;;;;;;;;;;;;;;;;
2019/08/06;2300 UTC;;;;;;;;;;;;;;;;;;
2019/08/07;0000 UTC;;;;;;;;;;;;;;;;;;
2019/08/07;0100 UTC;;;;;;;;;;;;;;;;;;
2019/08/07;0200 UTC;;;;;;;;;;;;;;;;;;
2019/08/07;0300 UTC;;;;;;;;;;;;;;;;;;
2019/08/07;0400 UTC;;;;;;;;;;;;;;;;;;
2019/08/07;0500 UTC;;;;;;;;;;;;;;;;;;
2019/08/07;0600 UTC;;;;;;;;;;;;;;;;;;
2019/08/07;0700 UTC;;;;;;;;;;;;;;;;;;
2019/08/07;0800 UTC;;;;;;;;;;;;;;;;;;
2019/08/07;0900 UTC;;;;;;;;;;;;;;;;;;
2019/08/07;1000 UTC;;;;;;;;;;;;;;;;;;
2019/08/07;1100 UTC;;;;;;;;;;;;;;;;;;
2019/08/07;1200 UTC;;;;;;;;;;;;;;;;;;
2019/08/07;1300 UTC;;;;;;;;;;;;;;;;;;
2019/08/07;1400 UTC;;;;;;;;;;;;;;;;;;
2019/08/07;1500 UTC;;;;;;;;;;;;;;;;;;
2019/08/07;1600 UTC;;;;;;;;;;;;;;;;;;
2019/08/07;1700 UTC;;;;;;;;;;;;;;;;;;
2019/08/07;1800 UTC;;;;;;;;;;;;;;;;;;
2019/08/07;1900 UTC;;;;;;;;;;;;;;;;;;
2019/08/07;2000 UTC;;;;;;;;;;;;;;;;;;
2019/08/07;2100 UTC;;;;;;;;;;;;;;;;;;
2019/08/07;2200 UTC;;;;;;;;;;;;;;;;;;
2019/08/07;2300 UTC;;;;;;;;;;;;;;;;;;
2019/08/08;0000 UTC;;;;;;;;;;;;;;;;;;
2019/08/08;0100 UTC;;;;;;;;;;;;;;;;;;
2019/08/08;0200 UTC;;;;;;;;;;;;;;;;;;
2019/08/08;0300 UTC;;;;;;;;;;;;;;;;;;
2019/08/08;0400 UTC;;;;;;;;;;;;;;;;;;
2019/08/08;0500 UTC;;;;;;;;;;;;;;;;;;
2019/08/08;0600 UTC;;;;;;;;;;;;;;;;;;
2019/08/08;0700 UTC;;;;;;;;;;;;;;;;;;
2019/08/08;0800 UTC;;;;;;;;;;;;;;;;;;
2019/08/08;0900 UTC;;;;;;;;;;;;;;;;;;
2019/08/08;1000 UTC;;;;;;;;;;;;;;;;;;
2019/08/08;1100 UTC;;;;;;;;;;;;;;;;;;
2019/08/08;1200 UTC;;;;;;;;;;;;;;;;;;
2019/08/08;1300 UTC;;;;;;;;;;;;;;;;;;
2019/08/08;1400 UTC;;;;;;;;;;;;;;;;;;
2019/08/08;1500 UTC;;;;;;;;;;;;;;;;;;
2019/08/08;1600 UTC;;;;;;;;;;;;;;;;;;
2019/08/08;1700 UTC;;;;;;;;;;;;;;;;;;
2019/08/08;1800 UTC;;;;;;;;;;;;;;;;;;
2019/08/08;1900 UTC;;;;;;;;;;;;;;;;;;
2019/08/08;2000 UTC;;;;;;;;;;;;;;;;;;
2019/08/08;2100 UTC;;;;;;;;;;;;;;;;;;
2019/08/08;2200 UTC;;;;;;;;;;;;;;;;;;
2019/08/08;2300 UTC;;;;;;;;;;;;;;;;;;
2019/08/09;0000 UTC;;;;;;;;;;;;;;;;;;
2019/08/09;0100 UTC;;;;;;;;;;;;;;;;;;
2019/08/09;0200 UTC;;;;;;;;;;;;;;;;;;
2019/08/09;0300 UTC;;;;;;;;;;;;;;;;;;
2019/08/09;0400 UTC;;;;;;;;;;;;;;;;;;
2019/08/09;0500 UTC;;;;;;;;;;;;;;;;;;
2019/08/09;0600 UTC;;;;;;;;;;;;;;;;;;
2019/08/09;0700 UTC;;;;;;;;;;;;;;;;;;
2019/08/09;0800 UTC;;;;;;;;;;;;;;;;;;
2019/08/09;0900 UTC;;;;;;;;;;;;;;;;;;
2019/08/09;1000 UTC;;;;;;;;;;;;;;;;;;
2019/08/09;1100 UTC;;;;;;;;;;;;;;;;;;
2019/08/09;1200 UTC;;;;;;;;;;;;;;;;;;
2019/08/09;1300 UTC;;;;;;;;;;;;;;;;;;
2019/08/09;1400 UTC;;;;;;;;;;;;;;;;;;
2019/08/09;1500 UTC;;;;;;;;;;;;;;;;;;
2019/08/09;1600 UTC;;;;;;;;;;;;;;;;;;
2019/08/09;1700 UTC;;;;;;;;;;;;;;;;;;
2019/08/09;1800 UTC;;;;;;;;;;;;;;;;;;
2019/08/09;1900 UTC;;;;;;;;;;;;;;;;;;
2019/08/09;2000 UTC;;;;;;;;;;;;;;;;;;
2019/08/09;2100 UTC;;;;;;;;;;;;;;;;;;
2019/08/09;2200 UTC;;;;;;;;;;;;;;;;;;
2019/08/09;2300 UTC;;;;;;;;;;;;;;;;;;
2019/08/10;0000 UTC;;;;;;;;;;;;;;;;;;
2019/08/10;0100 UTC;;;;;;;;;;;;;;;;;;
2019/08/10;0200 UTC;;;;;;;;;;;;;;;;;;
2019/08/10;0300 UTC;;;;;;;;;;;;;;;;;;
2019/08/10;0400 UTC;;;;;;;;;;;;;;;;;;
2019/08/10;0500 UTC;;;;;;;;;;;;;;;;;;
2019/08/10;0600 UTC;;;;;;;;;;;;;;;;;;
2019/08/10;0700 UTC;;;;;;;;;;;;;;;;;;
2019/08/10;0800 UTC;;;;;;;;;;;;;;;;;;
2019/08/10;0900 UTC;;;;;;;;;;;;;;;;;;
2019/08/10;1000 UTC;;;;;;;;;;;;;;;;;;
2019/08/10;1100 UTC;;;;;;;;;;;;;;;;;;
2019/08/10;1200 UTC;;;;;;;;;;;;;;;;;;
2019/08/10;1300 UTC;;;;;;;;;;;;;;;;;;
2019/08/10;1400 UTC;;;;;;;;;;;;;;;;;;
2019/08/10;1500 UTC;;;;;;;;;;;;;;;;;;
2019/08/10;1600 UTC;;;;;;;;;;;;;;;;;;
2019/08/10;1700 UTC;;;;;;;;;;;;;;;;;;
2019/08/10;1800 UTC;;;;;;;;;;;;;;;;;;
2019/08/10;1900 UTC;;;;;;;;;;;;;;;;;;
2019/08/10;2000 UTC;;;;;;;;;;;;;;;;;;
2019/08/10;2100 UTC;;;;;;;;;;;;;;;;;;
2019/08/10;2200 UTC;;;;;;;;;;;;;;;;;;
2019/08/10;2300 UTC;;;;;;;;;;;;;;;;;;
2019/08/11;0000 UTC;;;;;;;;;;;;;;;;;;
2019/08/11;0100 UTC;;;;;;;;;;;;;;;;;;
2019/08/11;0200 UTC;;;;;;;;;;;;;;;;;;
2019/08/11;0300 UTC;;;;;;;;;;;;;;;;;;
2019/08/11;0400 UTC;;;;;;;;;;;;;;;;;;
2019/08/11;0500 UTC;;;;;;;;;;;;;;;;;;
2019/08/11;0600 UTC;;;;;;;;;;;;;;;;;;
2019/08/11;0700 UTC;;;;;;;;;;;;;;;;;;
2019/08/11;0800 UTC;;;;;;;;;;;;;;;;;;
2019/08/11;0900 UTC;;;;;;;;;;;;;;;;;;
2019/08/11;1000 UTC;;;;;;;;;;;;;;;;;;
2019/08/11;1100 UTC;;;;;;;;;;;;;;;;;;
2019/08/11;1200 UTC;;;;;;;;;;;;;;;;;;
2019/08/11;1300 UTC;;;;;;;;;;;;;;;;;;
2019/08/11;1400 UTC;;;;;;;;;;;;;;;;;;
2019/08/11;1500 UTC;;;;;;;;;;;;;;;;;;
2019/08/11;1600 UTC;;;;;;;;;;;;;;;;;;
2019/08/11;1700 UTC;;;;;;;;;;;;;;;;;;
2019/08/11;1800 UTC;;;;;;;;;;;;;;;;;;
2019/08/11;1900 UTC;;;;;;;;;;;;;;;;;;
2019/08/11;2000 UTC;;;;;;;;;;;;;;;;;;
2019/08/11;2100 UTC;;;;;;;;;;;;;;;;;;
2019/08/11;2200 UTC;;;;;;;;;;;;;;;;;;
2019/08/11;2300 UTC;;;;;;;;;;;;;;;;;;
2019/08/12;0000 UTC;;;;;;;;;;;;;;;;;;
2019/08/12;0100 UTC;;;;;;;;;;;;;;;;;;
2019/08/12;0200 UTC;;;;;;;;;;;;;;;;;;
2019/08/12;0300 UTC;;;;;;;;;;;;;;;;;;
2019/08/12;0400 UTC;;;;;;;;;;;;;;;;;;
2019/08/12;0500 UTC;;;;;;;;;;;;;;;;;;
2019/08/12;0600 UTC;;;;;;;;;;;;;;;;;;
2019/08/12;0700 UTC;;;;;;;;;;;;;;;;;;
2019/08/12;0800 UTC;;;;;;;;;;;;;;;;;;
2019/08/12;0900 UTC;;;;;;;;;;;;;;;;;;
2019/08/12;1000 UTC;;;;;;;;;;;;;;;;;;
2019/08/12;1100 UTC;;;;;;;;;;;;;;;;;;
2019/08/12;1200 UTC;;;;;;;;;;;;;;;;;;
2019/08/12;1300 UTC;;;;;;;;;;;;;;;;;;
2019/08/12;1400 UTC;;;;;;;;;;;;;;;;;;
2019/08/12;1500 UTC;;;;;;;;;;;;;;;;;;
2019/08/12;1600 UTC;;;;;;;;;;;;;;;;;;
2019/08/12;1700 UTC;;;;;;;;;;;;;;;;;;
2019/08/12;1800 UTC;;;;;;;;;;;;;;;;;;
2019/08/12;1900 UTC;;;;;;;;;;;;;;;;;;
2019/08/12;2000 UTC;;;;;;;;;;;;;;;;;;
2019/08/12;2100 UTC;;;;;;;;;;;;;;;;;;
2019/08/12;2200 UTC;;;;;;;;;;;;;;;;;;
2019/08/12;2300 UTC;;;;;;;;;;;;;;;;;;
2019/08/13;0000 UTC;;;;;;;;;;;;;;;;;;
2019/08/13;0100 UTC;;;;;;;;;;;;;;;;;;
2019/08/13;0200 UTC;;;;;;;;;;;;;;;;;;
2019/08/13;0300 UTC;;;;;;;;;;;;;;;;;;
2019/08/13;0400 UTC;;;;;;;;;;;;;;;;;;
2019/08/13;0500 UTC;;;;;;;;;;;;;;;;;;
2019/08/13;0600 UTC;;;;;;;;;;;;;;;;;;
2019/08/13;0700 UTC;;;;;;;;;;;;;;;;;;
2019/08/13;0800 UTC;;;;;;;;;;;;;;;;;;
2019/08/13;0900 UTC;;;;;;;;;;;;;;;;;;
2019/08/13;1000 UTC;;;;;;;;;;;;;;;;;;
2019/08/13;1100 UTC;;;;;;;;;;;;;;;;;;
2019/08/13;1200 UTC;;;;;;;;;;;;;;;;;;
2019/08/13;1300 UTC;;;;;;;;;;;;;;;;;;
2019/08/13;1400 UTC;;;;;;;;;;;;;;;;;;
2019/08/13;1500 UTC;;;;;;;;;;;;;;;;;;
2019/08/13;1600 UTC;;;;;;;;;;;;;;;;;;
2019/08/13;1700 UTC;;;;;;;;;;;;;;;;;;
2019/08/13;1800 UTC;;;;;;;;;;;;;;;;;;
2019/08/13;1900 UTC;;;;;;;;;;;;;;;;;;
2019/08/13;2000 UTC;;;;;;;;;;;;;;;;;;
2019/08/13;2100 UTC;;;;;;;;;;;;;;;;;;
2019/08/13;2200 UTC;;;;;;;;;;;;;;;;;;
2019/08/13;2300 UTC;;;;;;;;;;;;;;;;;;
2019/08/14;0000 UTC;;;;;;;;;;;;;;;;;;
2019/08/14;0100 UTC;;;;;;;;;;;;;;;;;;
2019/08/14;0200 UTC;;;;;;;;;;;;;;;;;;
2019/08/14;0300 UTC;;;;;;;;;;;;;;;;;;
2019/08/14;0400 UTC;;;;;;;;;;;;;;;;;;
2019/08/14;0500 UTC;;;;;;;;;;;;;;;;;;
2019/08/14;0600 UTC;;;;;;;;;;;;;;;;;;
2019/08/14;0700 UTC;;;;;;;;;;;;;;;;;;
2019/08/14;0800 UTC;;;;;;;;;;;;;;;;;;
2019/08/14;0900 UTC;;;;;;;;;;;;;;;;;;
2019/08/14;1000 UTC;;;;;;;;;;;;;;;;;;
2019/08/14;1100 UTC;;;;;;;;;;;;;;;;;;
2019/08/14;1200 UTC;;;;;;;;;;;;;;;;;;
2019/08/14;1300 UTC;;;;;;;;;;;;;;;;;;
2019/08/14;1400 UTC;;;;;;;;;;;;;;;;;;
2019/08/14;1500 UTC;;;;;;;;;;;;;;;;;;
2019/08/14;1600 UTC;;;;;;;;;;;;;;;;;;
2019/08/14;1700 UTC;;;;;;;;;;;;;;;;;;
2019/08/14;1800 UTC;;;;;;;;;;;;;;;;;;
2019/08/14;1900 UTC;;;;;;;;;;;;;;;;;;
2019/08/14;2000 UTC;;;;;;;;;;;;;;;;;;
2019/08/14;2100 UTC;;;;;;;;;;;;;;;;;;
2019/08/14;2200 UTC;;;;;;;;;;;;;;;;;;
2019/08/14;2300 UTC;;;;;;;;;;;;;;;;;;
2019/08/15;0000 UTC;;;;;;;;;;;;;;;;;;
2019/08/15;0100 UTC;;;;;;;;;;;;;;;;;;
2019/08/15;0200 UTC;;;;;;;;;;;;;;;;;;
2019/08/15;0300 UTC;;;;;;;;;;;;;;;;;;
2019/08/15;0400 UTC;;;;;;;;;;;;;;;;;;
2019/08/15;0500 UTC;;;;;;;;;;;;;;;;;;
2019/08/15;0600 UTC;;;;;;;;;;;;;;;;;;
2019/08/15;0700 UTC;;;;;;;;;;;;;;;;;;
2019/08/15;0800 UTC;;;;;;;;;;;;;;;;;;
2019/08/15;0900 UTC;;;;;;;;;;;;;;;;;;
2019/08/15;1000 UTC;;;;;;;;;;;;;;;;;;
2019/08/15;1100 UTC;;;;;;;;;;;;;;;;;;
2019/08/15;1200 UTC;;;;;;;;;;;;;;;;;;
2019/08/15;1300 UTC;;;;;;;;;;;;;;;;;;
2019/08/15;1400 UTC;;;;;;;;;;;;;;;;;;
2019/08/15;1500 UTC;;;;;;;;;;;;;;;;;;
2019/08/15;1600 UTC;;;;;;;;;;;;;;;;;;
2019/08/15;1700 UTC;;;;;;;;;;;;;;;;;;
2019/08/15;1800 UTC;;;;;;;;;;;;;;;;;;
2019/08/15;1900 UTC;1,6;985,1;;;1337,6;26,6;10,6;;;;;;;37;170;;6,2;
2019/08/15;2000 UTC;0;982,9;985,6;982,9;733,7;25,9;10,1;26,8;25,9;10,7;9,8;38;35;37;170;9,8;5,2;
2019/08/15;2100 UTC;0;975,6;982,8;975,6;248,7;24,8;10,3;25,9;24,7;10,6;9,9;41;37;40;186;8,4;3,7;
2019/08/15;2200 UTC;0;967,2;975,6;967,2;7,3;23,4;10,3;24,8;23,3;10,5;10,3;44;40;44;202;6;3,4;
2019/08/15;2300 UTC;0;962,1;967,2;962,1;0;22,2;10,4;23,5;22,1;10,5;10,3;47;43;47;196;5,4;3,5;
2019/08/16;0000 UTC;0;957,9;962,1;957,9;0;21,2;10,4;22,3;20,8;10,6;10,4;52;47;50;194;6,1;4;
2019/08/16;0100 UTC;0;957,1;957,9;957,1;0;21,3;10,3;21,7;21;10,4;10,2;51;48;50;197;6,6;4,2;
2019/08/16;0200 UTC;0;956,9;957,3;956,9;0;20,8;10,5;21,5;20,7;10,6;10,2;52;49;52;196;7,5;4,3;
2019/08/16;0300 UTC;0;956,2;957,1;956,1;0;20,5;10,6;20,8;20,5;10,6;10,5;53;52;53;199;7,4;4,3;
2019/08/16;0400 UTC;0;955,9;956,4;955,9;0;20,2;10,7;20,5;20,1;10,7;10,6;54;53;54;203;7,6;4,8;
2019/08/16;0500 UTC;0;955,4;956,1;955,4;0;19,8;10,8;20,3;19,7;10,8;10,6;56;54;56;200;8;4,2;
2019/08/16;0600 UTC;0;954,8;955,5;954,8;0;19,3;11;19,9;19,3;11;10,7;59;56;59;210;7,3;4;
2019/08/16;0700 UTC;0;954,3;954,9;954,3;0;19,3;11;19,6;19,2;11;10,8;59;57;58;211;8,3;4,9;
2019/08/16;0800 UTC;0;955,3;955,3;954,3;0;19;10,7;19,6;19;11;10,6;59;57;59;215;10,6;5,3;
2019/08/16;0900 UTC;0;954,5;955,6;954,5;0;18,5;10,6;19;18,4;10,8;10,6;61;59;60;210;10,7;6,4;
2019/08/16;1000 UTC;0;953,1;954,6;953,1;,5;17,5;10,5;18,5;17,5;10,6;10,5;64;60;64;205;10,1;5,2;
2019/08/16;1100 UTC;0;953,1;953,1;952,2;164,2;18,5;10,7;18,5;17,4;10,7;10,5;64;60;60;203;11;6,1;
2019/08/16;1200 UTC;0;959,7;959,7;953,1;598,8;20,1;10,1;20,3;18,5;10,8;10,1;60;52;53;199;12,3;7;
2019/08/16;1300 UTC;0;968,1;968,1;959,7;1050,1;22,2;10,3;22,2;20;10,5;9,7;54;46;47;192;12,3;6;
2019/08/16;1400 UTC;0;976,2;976,2;968,1;1475,8;23,3;10,4;23,6;22,1;11,3;9,8;47;43;44;188;10,5;6,6;
2019/08/16;1500 UTC;0;984,1;984,1;976,2;1767,3;26,8;9,3;26,8;23,3;11,3;9,2;45;33;33;175;11,6;7,9;
2019/08/16;1600 UTC;0;993;993;984,1;1905,5;27,9;7,7;28,5;26,8;9,9;7,4;34;27;28;157;12,4;7,1;
2019/08/16;1700 UTC;0;997,1;997,1;993;1849,5;28,7;7,7;28,9;27,8;8,6;6,6;29;25;27;169;12,2;6,5;
2019/08/16;1800 UTC;0;998,7;998,7;997,1;1592,4;28,6;6,4;29,1;28,2;7,3;5,3;27;23;25;176;13,2;6,7;
2019/08/16;1900 UTC;0;998,5;999,2;998,5;1227,9;28,4;6,2;29,3;28,3;7,1;4,8;26;22;25;163;11,9;5,4;
2019/08/16;2000 UTC;0;994,5;998,6;994,5;715,7;27,7;6,6;28,8;27,7;7,5;4,9;28;22;26;153;10,8;4,2;
2019/08/16;2100 UTC;0;986,5;994,5;986,5;222,8;25,7;6,9;27,7;25,7;7,2;6,4;30;26;30;154;7,7;3,3;
2019/08/16;2200 UTC;0;974,7;986,5;974,7;8;23,6;7,8;25,8;23,6;7,8;6,8;36;30;36;194;4,8;2,1;
2019/08/16;2300 UTC;0;966,3;974,7;966,3;0;22,8;8,1;23,6;22,5;8,2;7,7;40;36;39;209;3,7;2,6;
2019/08/17;0000 UTC;0;963,5;966,3;963,5;0;22,6;7,2;22,9;22,1;8,2;7,2;41;37;37;202;5,7;3,7;
2019/08/17;0100 UTC;0;963,2;963,7;963,1;0;22,3;3,7;22,6;21,8;7,3;3,7;38;30;30;203;6,8;4,5;
2019/08/17;0200 UTC;0;963,1;963,6;963,1;0;21,6;4,1;22,5;21,3;4,1;3,5;32;29;32;208;8,1;4,5;
2019/08/17;0300 UTC;0;961,9;963,1;961,8;0;21,9;3,8;22;21;4,6;3,8;34;30;30;199;9,2;5,7;
2019/08/17;0400 UTC;0;962,7;962,8;961,9;0;20,8;3,9;21,9;20,8;3,9;3,6;33;30;33;201;9,8;5,2;
2019/08/17;0500 UTC;0;960,5;962,8;960,5;0;20,1;4,2;20,9;20,1;4,2;3,8;35;33;35;203;9,2;5,1;
2019/08/17;0600 UTC;0;958,2;960,5;958,2;0;19,1;5,5;20,1;19,1;5,7;4,2;41;35;41;204;8,4;5,1;
2019/08/17;0700 UTC;0;956,1;958,2;956,1;0;19,3;5,5;19,5;18,8;6,1;5,4;43;40;40;203;9,3;5,4;
2019/08/17;0800 UTC;0;955,6;956,2;955,5;0;19,3;5,7;19,4;18,8;6;5,5;43;40;41;200;10,7;6,4;
2019/08/17;0900 UTC;0;956,2;956,2;955,6;0;18,8;5,6;19,3;18,8;5,8;5,5;42;40;42;197;9,6;5,5;
2019/08/17;1000 UTC;0;955,5;956,3;955,4;,1;18,4;5,5;19,1;18,4;5,7;5,4;43;41;42;200;9,2;4,6;
2019/08/17;1100 UTC;0;956,1;956,1;955,2;132,3;19,3;5,9;19,3;18,3;6;5,3;43;41;42;196;8,2;4,3;
2019/08/17;1200 UTC;0;963,1;963,1;956,1;570,6;21,5;6,4;21,5;19,3;6,7;5,7;42;37;38;193;9,8;6,4;
2019/08/17;1300 UTC;0;973,4;973,4;963,1;1085,3;24,5;7,3;24,6;21,5;7,7;6,4;39;32;33;185;10,6;6,3;
2019/08/17;1400 UTC;0;983,4;983,4;973,4;1504,8;26,8;7,9;26,9;24,4;8,5;6,8;34;30;30;182;11,9;7,4;
2019/08/17;1500 UTC;0;993,6;993,6;983,4;1792,7;29,1;7,2;29,5;26,7;8,5;6,9;31;24;25;168;14,5;8,8;
2019/08/17;1600 UTC;0;999,7;999,7;993,6;1912,9;29,4;7,8;29,9;29,1;8,3;6,7;26;24;26;150;14,5;7,9;
2019/08/17;1700 UTC;0;1002,2;1002,2;999,7;1807,9;30,4;8,3;30,9;29,4;9,2;7,2;28;24;25;161;13,4;6,6;
2019/08/17;1800 UTC;0;1004,1;1004,1;1002,2;1566,9;30,7;7,9;31,1;30,2;9,3;7,9;27;24;24;152;10,9;6,2;
2019/08/17;1900 UTC;0;1003,9;1004,5;1003,9;1212,3;31,2;7,9;31,5;30,7;8,9;7,8;25;23;23;161;9,9;5,3;
2019/08/17;2000 UTC;0;1001,5;1004;1001,5;741,6;30,6;8,1;31,3;30,6;8,3;6,7;25;22;25;166;8,7;4,3;
2019/08/17;2100 UTC;0;993,1;1001,5;993,1;187,6;28,5;7,9;30,6;28,5;8,2;7,5;28;24;27;178;7,7;3,9;
2019/08/17;2200 UTC;0;981,6;993,1;981,6;4,6;26,9;8,3;28,5;26,8;8,4;7,9;31;27;31;185;5,6;3,5;
2019/08/17;2300 UTC;0;975,8;981,6;975,8;0;26,2;8,6;27;25,8;8,8;8,1;34;30;33;199;5,3;3,2;
2019/08/18;0000 UTC;0;972,2;975,8;972,2;0;25,6;8,9;26,4;25,4;9;8,4;35;32;35;190;6,1;3,7;
2019/08/18;0100 UTC;0;971,5;972,2;971,4;0;25,8;8,4;26,1;25,5;8,9;8,4;35;32;33;186;6,9;4,6;
2019/08/18;0200 UTC;0;971,3;971,8;971,3;0;25,9;8,3;26;25,4;8,5;8,3;34;33;33;178;7,6;4,9;
2019/08/18;0300 UTC;0;969,5;971,6;969,5;0;23,9;8,8;25,9;23,8;9;8,3;39;33;38;176;7,1;4;
2019/08/18;0400 UTC;0;966,3;969,5;966,3;0;23,7;8,9;24,7;23,6;9;8,5;39;36;39;175;6,7;4,2;
2019/08/18;0500 UTC;0;963,9;966,3;963,9;0;22,6;9,3;24,4;22,5;9,3;8,7;43;37;43;176;7,4;3,8;
2019/08/18;0600 UTC;0;960,7;963,9;960,7;0;22,6;9,2;22,9;22,2;9,4;9,2;44;42;42;186;5,3;3,8;
2019/08/18;0700 UTC;0;959;960,8;959;0;22,3;9,4;22,7;22;9,5;9,2;45;42;44;189;5,3;3,9;
2019/08/18;0800 UTC;0;957,8;959,1;957,8;0;21,6;10,3;22,3;21,2;10,5;9,3;50;44;49;187;5,4;4;
2019/08/18;0900 UTC;0;956,7;957,9;956,7;0;21;10,5;21,6;20,7;10,6;10,1;52;48;51;187;5,3;3,9;
2019/08/18;1000 UTC;0;957,2;957,2;956,7;,2;21,5;10,2;21,6;20,8;10,6;10,1;52;48;48;186;5,5;4,4;
2019/08/18;1100 UTC;0;959,1;959,1;957,2;25,5;22;10,3;22,1;21,4;10,3;9,9;49;47;47;183;5,9;4,1;
2019/08/18;1200 UTC;0;961,1;961,1;959,1;123,2;22,2;10,8;22,3;21,6;10,8;10,1;49;47;48;176;5,4;3,8;
2019/08/18;1300 UTC;0;964,9;964,9;961,1;429,7;23,7;11,2;23,7;22,2;11,2;10,5;49;45;46;174;5,6;4,3;
2019/08/18;1400 UTC;0;969,9;969,9;964,9;444,3;24,4;10,7;24,4;23,7;11,2;10,5;46;42;42;161;7,2;4,9;
2019/08/18;1500 UTC;0;972,3;972,3;969,9;550,5;25,1;11,4;25,1;24,2;11,6;10,7;45;42;42;159;7,2;5,2;
2019/08/18;1600 UTC;0;977,7;977,7;972,3;882,5;25,7;12,6;26,1;25,1;12,8;11,2;45;41;44;151;8,3;4,2;
2019/08/18;1700 UTC;0;979,2;979,2;977,7;597,3;26,7;13,3;26,8;25,7;13,7;12,6;47;43;44;157;7,2;3,7;
2019/08/18;1800 UTC;0;984,3;984,3;979,2;854,9;28,8;13;28,8;26,7;14,2;12,9;44;38;38;161;5,2;3,7;
2019/08/18;1900 UTC;0;988,7;988,7;984,3;736,5;29,1;13,9;29,2;28,7;14;12,8;40;37;39;175;5,5;3,2;
2019/08/18;2000 UTC;0;986,9;989;986,9;299,6;28,6;13,8;29,1;28,4;14,1;13,3;41;38;40;167;5,2;3,1;
2019/08/18;2100 UTC;0;981,5;986,8;981,5;68,1;27;13,5;28,6;27;14,1;13,4;44;40;44;175;4,6;3,2;
2019/08/18;2200 UTC;0;974,7;981,5;974,7;4,1;26;13,3;27;26;13,7;13,3;46;43;45;175;4,4;3,2;
2019/08/18;2300 UTC;0;970,8;974,7;970,8;0;25,2;13,4;26,2;25,1;13,4;13,2;48;45;48;187;5,5;3,1;
2019/08/19;0000 UTC;0;969;970,8;969;0;25,3;13,1;25,8;25,1;13,4;13;48;45;47;187;6;3,4;
2019/08/19;0100 UTC;0;968,8;969,1;968,8;0;25,1;13;25,7;24,9;13,2;12,9;48;45;47;185;6;4;
2019/08/19;0200 UTC;0;967,7;968,8;967,7;0;25,1;12,7;25,3;24,4;13,1;12,7;49;46;46;179;6,3;3,6;
2019/08/19;0300 UTC;0;967,8;967,9;967,7;0;24,7;12,9;25,1;24,4;13,1;12,7;49;46;48;178;5,7;3,3;
2019/08/19;0400 UTC;0;965,4;967,9;965,4;0;23,2;13,9;25;22,9;13,9;12,9;56;47;56;125;5,9;2,4;
2019/08/19;0500 UTC;0;962,4;965,4;962,4;0;22,7;14,5;23,5;22,6;14,5;13,8;60;55;60;142;5,3;3,2;
2019/08/19;0600 UTC;0;958,7;962,4;958,7;0;21,6;14,8;22,7;21,2;14,8;14,3;65;60;65;130;4,9;3,4;
2019/08/19;0700 UTC;0;956;958,7;956;0;20,2;15;21,7;20,2;15;14,7;72;65;72;137;5,1;3;
2019/08/19;0800 UTC;0;952,2;956;952,2;0;19,4;15;20,2;19,2;15,1;14,8;76;72;76;145;4,2;1,2;
2019/08/19;0900 UTC;0;948,7;952,2;948,7;0;18,3;15,2;19,4;18;15,2;14,7;82;75;82;25;4,8;3,5;
2019/08/19;1000 UTC;0;946,4;948,7;946,4;,4;17,6;15,6;18,3;17,5;15,8;14,8;88;82;88;27;6,3;3,8;
2019/08/19;1100 UTC;0;947,1;947,1;946,3;75,3;18,2;16,6;18,2;17,5;16,6;15,5;91;88;90;36;5,5;2,9;
2019/08/19;1200 UTC;0;950,5;950,5;947,1;260,9;19,1;16,7;19,2;18,2;16,9;16,5;90;86;86;15;7,9;5,8;
2019/08/19;1300 UTC;0;955,4;955,4;950,5;545,3;20;16,3;20,1;19,1;16,7;16,1;86;79;79;3;8,2;5,2;
2019/08/19;1400 UTC;0;964,9;964,9;955,4;1299,9;21,9;15,9;22,2;20;16,6;15,9;79;69;69;22;7,7;4,5;
2019/08/19;1500 UTC;0;973,9;973,9;964,9;1609,7;24,2;16,1;24,3;21,9;16,6;15,7;69;60;61;17;7,7;4,7;
2019/08/19;1600 UTC;0;980,5;980,5;973,9;1721,7;25,7;15,8;25,8;23,8;16,4;15,1;61;53;54;5;8,1;4,3;
2019/08/19;1700 UTC;0;986,3;986,3;980,5;1670,9;27,1;15,5;27,3;25,4;16,4;14,9;55;48;49;28;8;4,1;
2019/08/19;1800 UTC;0;990,3;990,3;986,3;1433,7;27,7;15,1;28,3;26,6;15,9;14,5;50;45;46;338;8,4;3,6;
2019/08/19;1900 UTC;0;990,4;991;990,3;1076,5;27,3;15;28;27;15,2;14,5;47;45;47;30;6,7;4,3;
2019/08/19;2000 UTC;0;985,7;990,4;985,7;637,5;26,1;14,8;27,5;26,1;15,2;14,6;50;46;50;21;8,3;5,6;
2019/08/19;2100 UTC;0;978,3;985,7;978,3;230,2;24,6;14,6;26,2;24,6;14,9;14,5;54;49;54;6;8,3;5;
2019/08/19;2200 UTC;0;969,2;978,3;969,2;8,9;22,5;14,1;24,6;22,5;14,7;14,1;60;54;59;2;7,1;5,3;
2019/08/19;2300 UTC;0;963,3;969,2;963,3;0;21,4;13,9;22,5;21,4;14,2;13,9;63;59;62;1;8,4;5,7;
2019/08/20;0000 UTC;0;959,8;963,3;959,8;0;20,7;13,7;21,5;20,7;13,9;13,7;64;62;64;348;8,4;5,3;
2019/08/20;0100 UTC;0;957,9;959,8;957,9;0;19,7;13;20,8;19,7;13,7;12,8;65;62;65;353;10,3;6,5;
2019/08/20;0200 UTC;0;955;957,9;955;0;19;12,8;19,7;18,9;13,1;12,7;67;65;67;349;9,9;4;
2019/08/20;0300 UTC;0;951,7;955;951,7;0;18,1;12,3;19;17,9;12,8;12,2;70;67;69;358;5,9;4,2;
2019/08/20;0400 UTC;0;948,6;951,7;948,5;0;17,7;12,8;18,1;17,1;12,8;11,9;73;69;73;306;5,7;1,7;
2019/08/20;0500 UTC;0;949;949;948,3;0;18,5;13,8;18,7;17,6;13,9;12,7;75;73;74;238;4,6;2,7;
2019/08/20;0600 UTC;0;950,1;950,1;949;0;17,5;13,4;18,5;17,5;14;13,4;78;74;77;198;9;5,5;
2019/08/20;0700 UTC;0;949,6;950,3;949,6;0;17,2;12,4;17,6;17,2;13,4;12,4;77;73;73;196;10,8;6,6;
2019/08/20;0800 UTC;0;948,9;949,7;948,9;0;16,6;12,2;17,2;16,6;12,4;12,2;75;73;75;195;9,7;3,1;
2019/08/20;0900 UTC;0;947,1;948,9;947,1;0;15,7;12;16,6;15,7;12,2;12;78;75;78;193;6,1;2,8;
2019/08/20;1000 UTC;0;945,4;947,1;945,4;,4;15,4;12;15,7;15,3;12;11,9;80;78;80;210;4,7;2,2;
2019/08/20;1100 UTC;0;945,7;945,7;945,1;116,7;16;12,4;16;15,1;12,6;11,9;82;79;79;180;6,4;4;
2019/08/20;1200 UTC;0;951,9;951,9;945,7;471,6;17,8;12,3;17,9;16;12,7;12,2;79;70;70;200;7,4;4,3;
2019/08/20;1300 UTC;0;962,2;962,2;951,9;990;19,6;12,1;20,4;17,8;13;12,1;71;60;62;198;7,4;4,5;
2019/08/20;1400 UTC;0;971,8;971,8;962,2;1405,1;22,3;13;22,4;19,6;13,4;12,2;64;56;56;183;7,1;3,3;
2019/08/20;1500 UTC;0;982,3;982,3;971,8;1688,8;24;12,9;24;21,8;13,7;12,4;57;49;50;182;6,6;1,1;
2019/08/20;1600 UTC;0;991,4;991,4;982,4;1820,4;25,4;12,9;26,3;24,1;14;12,2;52;44;46;310;5,1;2;
2019/08/20;1700 UTC;0;996,3;996,3;991,4;1707,9;26,1;13,1;26,6;24,8;13,6;12,4;47;42;45;108;4,2;,8;
2019/08/20;1800 UTC;0;999;999;996,3;1553,7;26,6;12,6;27,3;25,7;13,6;12,4;45;41;42;278;4,9;1,3;
2019/08/20;1900 UTC;0;999,7;1000,5;999;1205;27,7;12,9;27,7;26,5;13,6;12,3;44;40;40;47;5,4;,8;
2019/08/20;2000 UTC;0;995,6;999,7;995,6;709;27,1;13,2;27,7;26,5;13,4;12,5;43;40;42;356;4,3;1,1;
2019/08/20;2100 UTC;0;988,2;995,6;988,2;237,3;25;13,5;27,1;25;13,6;12,8;49;42;49;298;4,4;2,3;
2019/08/20;2200 UTC;0;978;988,2;978;8,2;23;13,9;25;23;13,9;13,5;57;49;57;314;4,6;2,3;
2019/08/20;2300 UTC;0;970,8;978;970,8;0;21,8;13,9;23,1;21,8;14;13,8;61;57;61;320;4,6;2,8;
2019/08/21;0000 UTC;0;967;970,8;967;0;21,5;14,1;22;21,4;14,2;13,8;63;60;63;299;4,8;2,5;
2019/08/21;0100 UTC;0;965,1;967;965,1;0;21,5;14,1;21,7;21,2;14,2;14;63;62;63;268;4,8;3,3;
2019/08/21;0200 UTC;0;965,8;965,9;965,1;0;20,8;13,8;22,1;20,8;14,2;13,8;64;61;64;231;5,6;1,8;
2019/08/21;0300 UTC;0;961,6;965,8;961,6;0;20,2;13,7;20,8;18,9;14,3;13,2;72;64;66;271;3,4;1,1;
2019/08/21;0400 UTC;0;958,8;961,6;958,8;0;19,5;13,6;20,2;19,4;13,7;13,6;69;66;69;206;4,5;3;
2019/08/21;0500 UTC;0;957,2;958,9;957,2;0;18,5;12,9;19,5;18,4;13,6;12,8;71;69;70;228;5,2;2,8;
2019/08/21;0600 UTC;0;955,2;957,2;955,2;0;17,4;12,6;18,6;17,3;12,9;12,5;73;70;73;216;6,2;2,3;
2019/08/21;0700 UTC;0;952,9;955,2;952,9;0;16,8;12,1;17,4;16,8;12,5;12,1;74;73;74;239;5,7;3,6;
2019/08/21;0800 UTC;0;951,4;952,9;951,4;0;16,1;11,9;16,9;16;12,1;11,8;76;74;76;239;6,1;3,5;
2019/08/21;0900 UTC;0;949,5;951,4;949,5;0;15,6;11,7;16,1;15,5;11,9;11,6;77;76;77;235;6,8;3,1;
2019/08/21;1000 UTC;0;948,5;949,6;948,5;,6;15,2;11,4;15,7;15,2;11,6;11,4;78;77;78;221;6,3;2,1;
2019/08/21;1100 UTC;0;949,6;949,6;948,3;148,3;16,3;11,7;16,3;15,2;11,8;11,4;78;74;74;208;5,2;2,1;
2019/08/21;1200 UTC;0;958,4;958,4;949,6;579,1;18,1;12,2;18,2;16,3;12,4;11,7;75;67;69;211;5,1;3,1;
2019/08/21;1300 UTC;0;968,5;968,5;958,4;1084,7;19,9;12,3;20,2;18,1;13;11,8;69;61;62;205;5,4;2,6;
2019/08/21;1400 UTC;0;979,3;979,3;968,6;1504,9;22,4;12,8;22,5;19,9;13,3;12;62;53;55;181;5;2,7;
2019/08/21;1500 UTC;0;989,3;989,3;979,4;1789,9;25,5;13,2;25,5;22,3;13,8;12;55;45;47;155;5;1,2;
2019/08/21;1600 UTC;0;998;998;989,3;1911,2;26,2;12,2;26,7;24,5;13,2;11,6;47;41;42;346;4,1;2;
2019/08/21;1700 UTC;0;1002,9;1002,9;998;1812,8;27;13;27,5;25,8;13,3;11,9;44;40;42;357;7,1;4;
2019/08/21;1800 UTC;0;1003,4;1004,1;1002,9;1434,8;26,4;11,8;28,2;26,3;13;11,3;42;36;40;316;7,2;3,9;
2019/08/21;1900 UTC;0;1000,2;1003,4;1000,2;1338,9;27,3;11,3;27,8;26,1;12,5;11,1;41;36;37;308;7,4;2,7;
2019/08/21;2000 UTC;0;999;1000,4;999;845,5;26,9;11,6;28;26,8;11,7;10,6;39;35;39;356;6,4;4,1;
2019/08/21;2100 UTC;0;990,3;999;990,3;251;25;11,6;27;25;12;11,3;43;38;43;320;6,4;2,7;
2019/08/21;2200 UTC;0;979,4;990,3;979,4;9,6;23,7;11,9;25,1;23,6;12;11,6;48;43;48;298;4;1,8;
2019/08/21;2300 UTC;0;971,9;979,4;971,9;0;22,7;11,5;23,7;22,7;11,9;11,5;50;48;49;278;3,4;2,6;
2019/08/22;0000 UTC;0;968,9;971,9;968,9;0;22,3;11,7;22,7;22,2;11,7;11,5;51;49;51;276;4,2;2,9;
2019/08/22;0100 UTC;0;967,5;968,9;967,5;0;22,2;11,6;22,4;22;11,8;11,5;52;51;51;264;4;3,1;
2019/08/22;0200 UTC;0;967,1;967,6;967,1;0;21,9;11,1;22,5;21,8;11,5;11;51;50;50;245;4;2,9;
2019/08/22;0300 UTC;0;966;967,3;966;0;21,3;10,8;21,9;21,3;11,1;10,6;51;50;51;252;4;2,9;
2019/08/22;0400 UTC;0;963,4;966,1;963,4;0;19,8;10,9;21,4;19,8;11;10,7;57;51;56;221;4;1,6;
2019/08/22;0500 UTC;0;959,1;963,4;959,1;0;19,1;10,6;19,8;18,6;11;10,3;60;56;58;225;3,4;1,9;
2019/08/22;0600 UTC;0;956,4;959,1;956,4;0;18,3;10,8;19,3;17,9;10,9;10,5;63;58;62;230;3,8;2,4;
2019/08/22;0700 UTC;0;955,1;956,4;955,1;0;17,5;10,7;18,3;17,5;10,9;10,5;64;62;64;223;7;3,7;
2019/08/22;0800 UTC;0;954,7;955,2;954,7;0;17,3;10,8;17,8;17,2;10,8;10,6;66;63;66;212;8,6;5;
2019/08/22;0900 UTC;0;954,3;954,9;954,3;0;17;11,1;17,3;16,9;11,1;10,7;68;66;68;197;9,5;5,2;
2019/08/22;1000 UTC;0;953,5;954,5;953,5;1;16,4;11,2;17,1;16,3;11,2;11;71;68;71;191;9,3;5,6;
2019/08/22;1100 UTC;0;954,3;954,3;953,3;167;16,8;11;16,8;16,3;11,2;10,9;72;68;69;192;11,3;6,9;
2019/08/22;1200 UTC;0;959,3;959,3;954,3;613,3;18,3;11;18,3;16,8;11,2;10,8;69;62;62;197;11,3;6,5;
2019/08/22;1300 UTC;0;966,5;966,5;959,3;1118,4;19,5;10,9;19,8;17,9;11,4;10,4;63;56;57;192;13,3;7,2;
2019/08/22;1400 UTC;0;973,7;973,7;966,5;1536,7;21,3;10,9;21,7;19,6;11,7;10,4;57;51;51;186;11,2;6,7;
2019/08/22;1500 UTC;0;981,5;981,5;973,7;1818,8;23,1;10,9;23,1;21,1;11,6;10,5;53;46;46;193;11,1;4,1;
2019/08/22;1600 UTC;0;988,3;988,3;981,5;1936,3;24;10,3;24,4;22,8;11,8;10,1;49;42;42;185;7,8;2,7;
2019/08/22;1700 UTC;0;994,2;994,2;988,4;1868,5;25,5;10,2;25,6;24;11,9;9,9;44;38;38;177;8,4;4,7;
2019/08/22;1800 UTC;0;997,6;997,6;994,2;1626,8;26,9;9,4;27;25,2;11;9,1;40;33;33;223;8,4;2,7;
2019/08/22;1900 UTC;0;1000,5;1000,5;997,7;1234,7;27,2;9,3;27,5;26,5;10,7;8,5;37;31;33;197;6,4;1,6;
2019/08/22;2000 UTC;0;999,9;1001,2;999,9;744,2;26,7;9,4;27,8;26,7;10,4;8,3;35;30;34;239;4,5;2,1;
2019/08/22;2100 UTC;0;992,7;999,9;992,7;248,7;25,2;9,8;26,7;25,2;9,9;8,6;38;32;38;211;4,5;1,7;
2019/08/22;2200 UTC;0;981,4;992,7;981,4;5,6;24,4;9,6;25,2;24,3;9,9;9,3;39;37;39;220;2,7;1,3;
2019/08/22;2300 UTC;0;975,1;981,4;975,1;0;24;9,7;24,4;23,5;10;9,6;42;39;40;250;2,3;,9;
2019/08/23;0000 UTC;0;973,6;975,1;973,6;0;23,6;10,2;24,3;22,1;10,3;9,6;46;39;43;229;2,4;1,6;
2019/08/23;0100 UTC;0;971;973,7;971;0;21,7;10,8;23,6;20,1;11,2;9,7;56;42;50;314;3,9;2,3;
2019/08/23;0200 UTC;0;969,5;971;969,5;0;21,8;10,1;22,9;21,3;10,7;10;51;44;48;345;3,4;2,1;
2019/08/23;0300 UTC;0;967,2;969,7;967,2;0;19,8;11,9;21,8;19,8;12,1;10;60;48;60;340;7,1;3,8;
2019/08/23;0400 UTC;0;965,5;967,2;965,5;0;20,3;12,8;20,3;19,7;12,9;11,9;63;60;62;337;7,9;4,8;
2019/08/23;0500 UTC;0;964,9;965,8;964,9;0;19,5;13;20,3;19,4;13;12,8;66;62;66;32;7,6;1,1;
2019/08/23;0600 UTC;0;962;964,9;962;0;18,8;12,9;19,5;18,8;13,1;12,5;69;65;69;332;2,9;1,3;
2019/08/23;0700 UTC;,6;958,9;962,1;958,9;0;18,2;14,1;18,8;17,6;14,2;13;80;69;77;242;5,2;2,9;
2019/08/23;0800 UTC;0;958,4;959;958,4;0;18,1;14,2;18,2;17,9;14,2;14;79;77;78;229;4,4;1,7;
2019/08/23;0900 UTC;0;957,1;958,6;957,1;0;17,1;13,6;18,1;17,1;14,2;13,6;80;78;80;225;4,3;1,6;
2019/08/23;1000 UTC;0;954,5;957,1;954,5;,8;16,6;13,4;17,4;16,6;13,7;13,1;82;78;82;287;3,2;,1;
2019/08/23;1100 UTC;0;954,6;954,6;953,4;162,6;17,9;12,8;18,1;16,4;13,9;12,8;84;72;72;183;2,8;1,7;
2019/08/23;1200 UTC;0;962,2;962,2;954,6;624,9;18,7;11,8;18,7;17,8;13,1;11,4;73;64;64;204;5,6;2,5;
2019/08/23;1300 UTC;0;971,5;971,5;962,2;1120,6;20,6;10,6;21;18,6;12,4;10,5;65;53;53;222;3,9;1,1;
2019/08/23;1400 UTC;0;981,8;981,8;971,5;1557,7;22,2;12,3;22,5;20,4;12,3;10,8;58;50;53;68;3,6;1,5;
2019/08/23;1500 UTC;0;989,6;989,6;981,8;1870,6;23,3;10,6;23,9;21,7;12,4;10,5;53;44;45;10;5,3;2,4;
2019/08/23;1600 UTC;0;995,5;995,5;989,6;2008,2;26,2;8,9;26,3;23,4;11,5;7,5;45;31;34;100;7,4;1,3;
2019/08/23;1700 UTC;0;1001,3;1001,3;995,5;1972,7;27,2;5,1;27,5;25,6;7,2;4,6;33;24;24;357;6;2,1;
2019/08/23;1800 UTC;0;1002,1;1002,8;1001,3;1747,6;27,8;6,1;28;26,4;6,9;3,8;28;23;25;314;7;2,2;
2019/08/23;1900 UTC;0;1000;1002,3;1000;1368,1;26,8;5;28;26,7;6,4;4,5;27;24;25;297;7,3;2,9;
2019/08/23;2000 UTC;0;996,6;1000;996,6;876,5;26,5;4,6;27,3;26,4;5,7;4,3;26;24;25;335;5,8;3,5;
2019/08/23;2100 UTC;0;989,9;996,6;989,9;332,9;24,7;5;26,5;24,7;5,2;4,1;28;24;28;311;5,7;2,5;
2019/08/23;2200 UTC;0;977,6;989,9;977,6;11,3;21,9;6,4;24,7;21,9;6,4;5;37;28;37;307;4,1;2,4;
2019/08/23;2300 UTC;0;968,7;977,6;968,7;0;21,6;7,1;21,9;21,1;7,3;6,4;40;37;39;302;4,1;2,3;
2019/08/24;0000 UTC;0;964;968,7;964;0;19,8;7,2;21,9;18,1;7,8;6,2;48;39;44;344;3,8;2,6;
2019/08/24;0100 UTC;0;960,1;964;960,1;0;18,8;7,8;19,8;18,4;7,8;7,2;49;44;49;333;4,2;2,3;
2019/08/24;0200 UTC;0;957,6;960,1;957,6;0;19,1;7,9;19,3;18,2;8,1;7,6;51;48;48;329;3,6;2,1;
2019/08/24;0300 UTC;0;956,6;957,8;956,6;0;18,4;8,1;19,1;18,1;8,3;7,6;52;48;51;308;3,2;1,3;
2019/08/24;0400 UTC;0;955,3;956,6;955,3;0;18;8,3;18,5;17,5;8,5;8;55;51;53;278;4,3;2,7;
2019/08/24;0500 UTC;0;954,3;955,4;954,3;0;16,9;7,9;18,1;16,9;8,2;7,9;55;53;55;282;3,9;2,7;
2019/08/24;0600 UTC;0;951,3;954,3;951,3;0;15,5;8,1;16,9;15;8,3;7,6;64;55;61;212;5;3;
2019/08/24;0700 UTC;0;949,2;951,3;949,2;0;16;8,2;16,1;15,3;8,3;8,1;62;59;60;227;5,6;3,2;
2019/08/24;0800 UTC;0;949,1;949,6;949,1;0;15,2;8,8;16,2;15,1;8,8;8;65;59;65;224;5,6;3;
2019/08/24;0900 UTC;0;948,9;949,3;948,9;0;14,8;8,9;15,3;14,7;9;8,8;68;65;68;225;7,4;4,3;
2019/08/24;1000 UTC;0;949,1;949,1;948,9;1,2;14,9;8,8;15,1;14,6;9;8,8;69;67;67;205;8,2;4,4;
2019/08/24;1100 UTC;0;953,2;953,2;949,1;195,1;16,5;9,2;16,5;14,8;9,2;8,7;67;62;62;204;10,7;6,8;
2019/08/24;1200 UTC;0;961,4;961,4;953,2;674;18,5;10,3;18,8;16,5;10,4;9,2;63;57;59;208;10,4;4,3;
2019/08/24;1300 UTC;0;970,3;970,3;961,4;1199,7;20,4;11;20,4;18,4;11;9,9;59;54;55;203;11,1;6,1;
2019/08/24;1400 UTC;0;978,1;978,1;970,3;1634,1;21;10,5;21,7;20,1;11,5;10,2;55;50;51;198;11,5;6,8;
2019/08/24;1500 UTC;0;984,8;984,8;978,1;1931,5;23,3;10,7;24;20,9;11,7;10,5;52;44;45;186;10,5;4,8;
2019/08/24;1600 UTC;0;992,6;992,6;984,8;2056,2;25,2;9,5;26,2;23,3;11,6;9,3;47;35;37;174;9,8;4,6;
2019/08/24;1700 UTC;0;999,2;999,2;992,7;1996;26,6;8,1;26,8;25,1;10,3;7,9;39;30;31;177;9,8;3,9;
2019/08/24;1800 UTC;0;1003,3;1003,3;999,2;1766,1;27,6;7,8;27,6;26,5;8,8;6,7;33;27;29;201;7,8;3,8;
2019/08/24;1900 UTC;0;1003,7;1004;1003,3;1389,5;27,6;7,6;28;26,9;8,4;6,5;30;26;28;170;7,4;3,3;
2019/08/24;2000 UTC;0;1001,4;1003,8;1001,4;884,4;27,2;6,8;27,7;26,9;8,2;6,3;30;26;27;201;7,1;3,2;
2019/08/24;2100 UTC;0;995,9;1001,4;995,9;336,1;25,5;6,4;27,2;25,5;7,9;6,2;30;27;29;209;5,7;2,9;
2019/08/24;2200 UTC;0;982,9;995,9;982,9;12,8;23,4;7,2;25,5;23,4;7,2;6,3;35;29;35;236;4,8;2,6;
2019/08/24;2300 UTC;0;975,9;982,9;975,9;0;22,7;6,9;23,6;22,7;7,3;6,9;36;35;36;234;5,2;3;
2019/08/25;0000 UTC;0;971,6;975,9;971,6;0;21,9;6,8;22,7;21,5;7,1;6,8;39;36;38;229;6,2;3,1;
2019/08/25;0100 UTC;0;968;971,6;968;0;20;7,6;21,9;20;7,6;6,8;45;38;45;224;6,3;3,4;
2019/08/25;0200 UTC;0;965;968;965;0;19,4;8,3;20,2;19,4;8,3;7,7;49;45;49;228;8,4;4,6;
2019/08/25;0300 UTC;0;961,7;965,1;961,7;0;18,1;8,8;19,4;18,1;8,8;8,3;55;49;55;217;8,5;4,7;
2019/08/25;0400 UTC;0;958,5;961,7;958,5;0;17,2;8,9;18,1;17,2;9,1;8,8;58;55;58;214;8,9;5,1;
2019/08/25;0500 UTC;0;955,4;958,5;955,4;0;16,5;8,8;17,2;16,3;8,9;8,8;61;58;61;220;10,9;5,6;
2019/08/25;0600 UTC;0;953,9;955,3;953,9;0;15,8;8,5;16,5;15,8;8,8;8,5;62;60;62;217;10,9;6,1;
2019/08/25;0700 UTC;0;952,1;953,9;952,1;0;15,1;8,3;15,8;15;8,5;8,3;64;62;64;209;10,6;5,9;
2019/08/25;0800 UTC;0;951,1;952,1;951,1;0;14,7;7,9;15,3;14,7;8,3;7,9;64;62;64;206;12;6,5;
2019/08/25;0900 UTC;0;950;951,2;950;0;14,4;8;14,9;14,3;8,1;7,9;66;64;66;207;12;7;
2019/08/25;1000 UTC;0;948,7;950,1;948,7;1,9;13,8;8;14,4;13,7;8,1;7,9;68;66;68;209;12,4;6,1;
2019/08/25;1100 UTC;0;950,4;950,4;948,7;210,1;14,9;8,1;14,9;13,7;8,2;8;68;64;64;211;12,1;7,5;
2019/08/25;1200 UTC;0;957,3;957,3;950,4;704,4;17,1;8;17,1;14,9;8,3;7,9;64;55;55;208;14,6;7,3;
2019/08/25;1300 UTC;0;966,9;966,9;957,3;1226,1;19;7,7;19,5;17;8,6;7,6;56;47;48;206;12,9;7,2;
2019/08/25;1400 UTC;0;976,7;976,7;966,9;1667,8;21,4;8;21,4;19;8,6;7,6;49;42;42;204;12,6;6;
2019/08/25;1500 UTC;0;984,1;984,1;976,7;1969,6;22,7;8,5;22,8;21;8,9;7,9;44;40;40;191;11,3;6,8;
2019/08/25;1600 UTC;0;990,8;990,8;984,1;2103,1;24,7;8,1;24,8;22,5;9,2;7,6;42;34;35;185;11;6,5;
2019/08/25;1700 UTC;0;997,1;997,1;990,8;2049,3;26,2;7,3;26,5;24,6;8,7;6,8;36;30;30;200;10,4;5,2;
2019/08/25;1800 UTC;0;1001,4;1001,4;997,1;1813,1;27,4;6,8;27,4;26;8;6,4;31;27;27;197;10,9;5,3;
2019/08/25;1900 UTC;0;1003,4;1003,5;1001,4;1432,9;27,5;5,8;27,9;27,3;7,2;5,3;28;24;25;192;9,9;5,8;
2019/08/25;2000 UTC;0;1001,8;1003,6;1001,8;934,1;27,4;5,3;28,1;27,3;6,6;5;26;24;24;210;10,4;5,6;
2019/08/25;2100 UTC;0;996,7;1001,8;996,7;370,4;26;4,5;27,4;25,9;5,4;4,4;26;24;25;204;10,6;5,5;
2019/08/25;2200 UTC;0;987,1;996,7;987,1;12,4;24,5;4,9;26;24,4;5;4,5;28;25;28;206;9,7;4,1;
2019/08/25;2300 UTC;0;979,4;987,1;979,4;0;22,9;5;24,5;22,6;5;4,6;32;28;31;194;7,5;3,6;
2019/08/26;0000 UTC;0;973,1;979,4;973,1;0;21,6;5,9;23,1;21,3;5,9;4,9;37;31;36;186;5,8;3,2;
2019/08/26;0100 UTC;0;969,7;973,1;969,7;0;21,2;6,4;21,6;21,1;6,4;5,8;38;36;38;197;7,1;4;
2019/08/26;0200 UTC;0;966,5;969,8;966,5;0;19,7;7;21,2;19,5;7;6,3;44;38;44;193;7,1;4,2;
2019/08/26;0300 UTC;0;964,7;966,5;964,7;0;19,4;7,3;20,1;19,4;7,3;7;46;43;45;203;6,8;4,3;
2019/08/26;0400 UTC;0;964,3;964,8;964,3;0;19,4;7,7;19,8;19,2;7,7;7,3;47;45;47;205;9,2;5,8;
2019/08/26;0500 UTC;0;963,7;964,6;963,7;0;18,7;8;19,4;18,7;8,1;7,7;50;47;50;204;10,1;5,1;
2019/08/26;0600 UTC;0;961,2;963,7;961,2;0;17,8;8,8;18,7;17,5;8,9;8;57;50;56;210;9,4;5,6;
2019/08/26;0700 UTC;0;958,3;961,2;958,3;0;16,8;9,2;17,8;16,7;9,2;8,8;61;56;61;198;9,3;4,4;
2019/08/26;0800 UTC;0;956,1;958,3;956,1;0;16,7;9,5;16,9;16,3;9,5;9,2;64;61;63;198;9,2;5,5;
2019/08/26;0900 UTC;0;955,4;956,2;955,3;0;16,1;9,5;16,7;16;9,6;9,5;65;62;65;197;11,6;7,3;
2019/08/26;1000 UTC;0;954,2;955,4;954,2;2,8;15,3;9,4;16,2;15,3;9,5;9,4;68;65;68;188;13,2;5,7;
2019/08/26;1100 UTC;0;953,7;954,3;953,4;176,1;15,6;9,8;15,6;15,1;9,8;9,4;69;68;69;194;10,1;4,8;
2019/08/26;1200 UTC;0;958,6;958,6;953,7;618,1;17,3;9,5;17,4;15,6;9,9;9,4;69;60;60;197;13,6;8,8;
2019/08/26;1300 UTC;0;966,7;966,7;958,6;1048,5;19,6;10;19,6;17,3;10,2;9,5;61;53;54;189;14,9;8,6;
2019/08/26;1400 UTC;0;974,2;974,2;966,7;1266,6;21,4;10,6;21,4;19,5;10,7;9,7;54;50;50;188;13,7;6,2;
2019/08/26;1500 UTC;0;985;985;974,2;1837,6;25;10,4;25,3;21,4;11,6;10,1;50;40;40;175;12;6,8;
2019/08/26;1600 UTC;0;996,8;996,8;985;1994,1;27,7;9,7;27,9;24,8;10,8;9,3;41;32;32;174;11;6,5;
2019/08/26;1700 UTC;0;1005,8;1005,8;996,8;1793,9;28,7;9,8;29,6;27,7;10,3;8,9;34;28;31;189;10,4;2,1;
2019/08/26;1800 UTC;0;1009,7;1009,7;1005,8;1485,3;28,8;9,3;29,7;28,2;11,4;8,5;34;27;30;71;6,1;2,9;
2019/08/26;1900 UTC;0;1009,1;1010,6;1009,1;1110,1;28,9;9,5;29,6;28,5;10,5;9;32;28;30;35;6,3;2,6;
2019/08/26;2000 UTC;0;1005,1;1009,1;1005,1;612,6;27,9;10,4;29,6;27,9;10,4;8,7;34;28;34;44;5,4;2,8;
2019/08/26;2100 UTC;0;986;1005,1;986;203,4;22,1;10,1;27,9;22;11;9,9;47;33;47;357;18,5;10,4;
2019/08/26;2200 UTC;0;974,2;986;974,2;7,5;21,3;10,1;22,2;21,2;10,2;9,9;49;46;49;336;15,7;5,9;
2019/08/26;2300 UTC;0;969;974,2;969;0;20,4;9,9;21,3;20,1;10,2;9,9;52;49;51;338;9,3;5,6;
2019/08/27;0000 UTC;0;966,4;969;966,4;0;19,9;9,9;20,5;19,7;10,1;9,8;53;51;53;329;8,8;5,3;
2019/08/27;0100 UTC;0;964,1;966,5;964,1;0;18,3;9,9;19,9;18,3;10,2;9,8;58;53;58;351;7,5;2,8;
2019/08/27;0200 UTC;0;961,8;964,1;961,8;0;19,1;10,2;19,5;18,3;10,3;9,8;58;55;56;297;5,4;2,4;
2019/08/27;0300 UTC;0;964;964;961,8;0;20,6;9,9;20,6;19,1;10,4;9,9;56;50;50;243;6,2;3,4;
2019/08/27;0400 UTC;0;965,9;965,9;964;0;20,5;10,1;20,7;20;10,2;10;53;50;51;206;6,1;3,1;
2019/08/27;0500 UTC;0;967,8;967,8;965,9;0;20,5;10,1;21;20,5;10,1;10;51;49;51;204;6,4;3,6;
2019/08/27;0600 UTC;0;966,5;968,1;966,5;0;20;10,3;20,5;19,8;10,5;10,1;55;52;54;202;6,4;3,9;
2019/08/27;0700 UTC;0;964,4;966,5;964,4;0;18,6;10,3;20,3;18,5;10,6;9,8;58;53;58;357;6,2;,5;
2019/08/27;0800 UTC;0;962,3;964,4;962,3;0;19,1;10,5;19,5;18,6;10,8;10,3;59;56;57;212;3,7;1,4;
2019/08/27;0900 UTC;0;960;962,3;960;0;19,2;11;19,3;17;11,1;9,8;65;56;59;216;4;2,5;
2019/08/27;1000 UTC;0;961,6;961,6;960;2,1;19,5;11,3;19,5;18,5;11,3;10,8;62;59;59;184;7,4;5,2;
2019/08/27;1100 UTC;0;966,3;966,3;961,6;180,1;20,8;11,8;20,8;19,4;11,9;11,3;59;55;56;201;8,4;4,9;
2019/08/27;1200 UTC;0;973,6;973,6;966,3;500,1;23;11,5;23;20,8;11,8;11,2;56;48;48;68;9,8;1;
2019/08/27;1300 UTC;0;983,5;983,5;973,6;769,5;24,1;11,1;24,3;23;12,1;10,9;49;44;44;251;6,5;2,3;
2019/08/27;1400 UTC;0;988,8;988,8;983,5;729,9;24,7;11,2;25,5;24;12,2;10,8;45;40;43;210;5,1;3;
2019/08/27;1500 UTC;0;988,9;989,1;988,7;419;25,6;11,3;25,7;24,6;11,8;10,7;44;39;41;236;4,9;2,1;
2019/08/27;1600 UTC;0;991,3;991,3;988,9;485,6;25,8;10,9;26,2;25,5;11,9;10,5;42;38;39;326;4,4;1,6;
2019/08/27;1700 UTC;0;993,4;993,4;991,3;710,7;27,1;10,1;27,4;25,8;11,4;9,7;40;33;34;12;3,1;1;
2019/08/27;1800 UTC;0;999,2;999,2;993,4;838,4;27;10,7;28,7;26,8;11,8;9,4;39;32;36;149;3,6;2,1;
2019/08/27;1900 UTC;0;997,2;999,4;997,2;955,6;26,5;12,8;27,1;25,7;14,2;11,4;47;36;43;142;6,2;2,6;
2019/08/27;2000 UTC;0;993,8;997,4;993,8;568;25,1;13;27,1;25,1;13,9;12,6;48;42;47;163;4,6;3;
2019/08/27;2100 UTC;0;985,1;993,8;985,1;225,4;24;13;25,1;23,8;13,6;13;52;47;50;175;4,7;2,8;
2019/08/27;2200 UTC;0;977,1;985,1;977,1;20,2;23,1;12,3;24;22,9;13;12,3;52;49;51;171;3,8;2,3;
2019/08/27;2300 UTC;0;972,4;977,1;972,4;0;23;12,1;23,4;22,4;12,3;11,9;52;49;50;47;2,8;0;
2019/08/28;0000 UTC;0;969,5;972,4;969,5;0;21,8;12,5;23,1;21,7;12,7;12;56;50;55;146;2,6;1,5;
2019/08/28;0100 UTC;0;966,4;969,5;966,4;0;21,6;12,7;21,8;21,3;13,1;12,4;59;55;57;119;2,3;,5;
2019/08/28;0200 UTC;0;964,5;966,4;964,5;0;21,2;13;21,6;21,2;13,1;12,4;60;56;60;176;2,1;1,5;
2019/08/28;0300 UTC;0;963,8;964,7;963,8;0;20,7;12,7;21,3;20,7;13;12,3;60;57;60;208;2,3;1,7;
2019/08/28;0400 UTC;0;963,3;963,9;963,3;0;19,1;12,6;21,1;19;13;12;66;59;66;6;2,4;1;
2019/08/28;0500 UTC;0;960,9;963,3;960,9;0;20;12,8;20,8;18,5;13,6;12,6;69;62;64;169;1,7;1,4;
2019/08/28;0600 UTC;0;960,4;961,1;960,4;0;19,5;12,7;20,3;19,4;13;12,6;65;62;65;216;2,6;1,9;
2019/08/28;0700 UTC;0;959,6;960,5;959,5;0;18,6;12,4;19,5;18,6;12,7;12,4;67;65;67;213;3,6;2,1;
2019/08/28;0800 UTC;0;958;959,7;958;0;18,4;12,5;18,6;18,3;12,6;12,4;69;67;68;224;3,7;1,6;
2019/08/28;0900 UTC;0;958,2;958,2;957,9;0;18,4;12,5;18,8;18,3;12,7;12,4;69;67;69;245;4,1;2,7;
2019/08/28;1000 UTC;0;958,2;958,5;958,2;2,1;18,2;12,5;18,5;18,2;12,6;12,4;69;68;69;213;4,2;2,6;
2019/08/28;1100 UTC;0;960,3;960,3;958,2;172,2;19,4;13,2;19,4;18,1;13,2;12,5;71;67;67;212;4,6;2,4;
2019/08/28;1200 UTC;0;969,2;969,2;960,3;614,1;21,6;13,3;21,6;19,4;13,6;12,9;67;59;59;212;7,4;4;
2019/08/28;1300 UTC;0;979,9;979,9;969,2;1106,2;23,9;12,9;23,9;21,6;13,8;12,8;60;50;50;204;10,5;6,7;
2019/08/28;1400 UTC;0;989,5;989,5;979,9;1482,4;26,2;11,6;26,4;23,8;13,3;11;51;39;40;193;11;6,8;
2019/08/28;1500 UTC;0;996,1;996,1;989,6;1804,9;26,4;12,4;26,9;25,9;13,1;11,3;44;39;42;187;11;6,2;
2019/08/28;1600 UTC;0;1000,6;1000,6;996,2;1942,4;28,5;12,2;28,7;26,4;13,4;12;43;36;36;190;10,6;5,2;
2019/08/28;1700 UTC;0;1006,9;1006,9;1000,6;1893,9;30,2;9,9;30,3;28,5;12,9;9,6;37;28;28;177;10,2;5,3;
2019/08/28;1800 UTC;0;1010,5;1010,5;1006,9;1664,7;30,4;9,1;31;30;10,2;8,9;29;26;27;180;9,9;5,8;
2019/08/28;1900 UTC;0;1010,5;1011;1010,5;1300,4;30,5;8,4;31;30,4;9,9;8,1;28;24;25;171;10,4;5,7;
2019/08/28;2000 UTC;0;1006,6;1010,5;1006,6;825,1;29,9;8,5;30,7;29,8;9,1;7,7;27;24;26;164;10,4;4,7;
2019/08/28;2100 UTC;0;999,1;1006,6;999,1;299,1;27,9;9,6;29,8;27,9;9,6;8,4;32;26;32;148;9;3,6;
2019/08/28;2200 UTC;0;987,5;999,1;987,5;9,8;25,1;10,6;28;25,1;10,6;9,5;40;31;40;163;5,8;2,4;
2019/08/28;2300 UTC;0;977,1;987,5;977,1;0;24,3;10,7;25,3;24,3;10,9;10,3;43;39;42;179;3,2;2,5;
2019/08/29;0000 UTC;0;971,8;977,1;971,8;0;23,6;10,8;24,3;23,4;10,8;10,6;45;42;44;180;4,2;3;
2019/08/29;0100 UTC;0;969,3;971,8;969,3;0;23,1;10,9;23,6;23;11,1;10,7;47;44;46;188;4,6;2,9;
2019/08/29;0200 UTC;0;968,7;969,4;968,5;0;23,2;10,8;23,8;22,7;11,2;10,7;48;44;46;207;5,6;3,1;
2019/08/29;0300 UTC;0;969,4;969,4;968,7;0;23,1;10,6;23,5;22,8;10,9;10,5;46;44;45;200;6,8;4,2;
2019/08/29;0400 UTC;0;969;969,6;969;0;23;10,1;23,1;22,5;10,7;10,1;47;44;44;206;8,1;5;
2019/08/29;0500 UTC;0;968,4;969,3;968,4;0;22,2;10,1;23,1;22,1;10,2;10;46;44;46;203;9,2;5,2;
2019/08/29;0600 UTC;0;966,6;968,4;966,6;0;21,4;10,5;22,3;21,4;10,5;10;50;46;50;205;9,2;5,1;
2019/08/29;0700 UTC;0;964,8;966,6;964,8;0;21,3;10,9;21,7;21,1;10,9;10,4;52;49;52;205;9,1;5,2;
2019/08/29;0800 UTC;0;963,2;964,9;963,2;0;20,8;11,2;21,3;20,6;11,3;10,9;55;51;54;204;9,6;5,4;
2019/08/29;0900 UTC;0;961,5;963,2;961,5;0;20,1;11,7;20,8;20,1;11,7;11,3;58;54;58;198;9,3;5,1;
2019/08/29;1000 UTC;0;959,8;961,5;959,8;2,7;19,8;12,1;20,2;19,6;12,1;11,7;62;58;61;198;9,7;5,7;
2019/08/29;1100 UTC;0;960,8;960,8;959,7;176,7;20,5;12,6;20,7;19,6;12,6;12,1;62;60;60;198;9,6;5,7;
2019/08/29;1200 UTC;0;966,3;966,3;960,8;554,4;22,4;12,5;22,5;20,5;13,1;12,4;60;53;53;190;11,7;7,9;
2019/08/29;1300 UTC;0;975,4;975,4;966,3;1148,4;24;12,3;24,4;22,4;13,1;12;54;47;48;193;12,2;7,8;
2019/08/29;1400 UTC;0;983,1;983,1;975,4;1568,8;26,1;12,4;26,3;24;13,3;12,1;49;42;42;178;11,8;7,2;
2019/08/29;1500 UTC;0;991,7;991,7;983,1;1857,6;28,7;11,5;28,9;25,9;12,9;11,4;44;34;35;176;12,3;6,5;
2019/08/29;1600 UTC;0;999,5;999,5;991,7;1984,8;30,8;9,9;30,9;28,5;12,1;9;36;27;28;170;12,2;6;
2019/08/29;1700 UTC;0;1004,9;1004,9;999,5;1930,5;31,4;9,4;31,4;30;9,7;8,5;28;25;26;158;11,7;4,9;
2019/08/29;1800 UTC;0;1007,1;1007,1;1004,9;1675,7;31,5;9,4;31,8;30,8;9,7;8,1;27;24;25;151;10,9;4,7;
2019/08/29;1900 UTC;0;1006,5;1007,5;1006,5;1293,3;31,2;9,3;31,7;31,2;9,7;8;26;23;26;165;8;3,9;
2019/08/29;2000 UTC;0;1003,6;1006,5;1003,6;809,3;30,9;8,4;31,5;30,9;9;7,6;26;23;25;175;6,7;3,8;
2019/08/29;2100 UTC;0;996,6;1003,6;996,6;300,7;29,2;8,4;30,9;29,2;9,2;8,2;27;25;27;168;6,5;3,1;
2019/08/29;2200 UTC;0;984,5;996,6;984,5;12,1;28,2;8,3;29,2;28,2;8,6;8,3;29;27;29;206;4,9;2,3;
2019/08/29;2300 UTC;0;977,5;984,5;977,5;0;26,7;8,3;28,2;26,7;8,5;8,2;31;29;31;206;4,3;3;
2019/08/30;0000 UTC;0;973,5;977,5;973,5;0;25,9;8,3;26,7;25,7;8,6;8,1;34;31;33;203;5,8;3,4;
2019/08/30;0100 UTC;0;970,9;973,5;970,9;0;24,9;8,2;25,9;24,9;8,4;8;35;33;35;200;6,1;3,7;
2019/08/30;0200 UTC;0;968,8;970,9;968,8;0;24,5;7,8;25,3;24,3;8,3;7,7;35;33;34;201;6,8;3,7;
2019/08/30;0300 UTC;0;967,2;968,8;967,2;0;24,1;7,7;24,7;24;7,9;7,6;35;33;35;197;7;4,1;
2019/08/30;0400 UTC;0;965,4;967,3;965,4;0;23,8;7,5;24,2;23,5;7,8;7,5;36;35;35;198;7,1;4,4;
2019/08/30;0500 UTC;0;964,1;965,5;964,1;0;23,4;6,9;23,9;23,2;7,6;6,8;36;34;35;202;7,5;4,6;
2019/08/30;0600 UTC;0;963;964,2;963;0;22,4;7,3;23,5;22,4;7,5;6,5;38;34;38;210;7,4;4,5;
2019/08/30;0700 UTC;0;961;963;961;0;22,1;7,1;22,8;22,1;7,7;6,8;39;36;38;198;8,1;4,7;
2019/08/30;0800 UTC;0;959,5;961,1;959,5;0;22;6,3;22,3;21,8;7,3;6,3;39;36;36;194;8,2;5,1;
2019/08/30;0900 UTC;0;958,4;959,6;958,4;0;21,8;6;22,2;21,5;6,6;5,9;38;35;36;197;8,4;5;
2019/08/30;1000 UTC;0;958;958,6;958;3;21,4;6,4;22;21,3;6,4;5,9;38;35;38;193;8,6;4,5;
2019/08/30;1100 UTC;0;959,3;959,3;957,9;180,7;22,5;6,8;22,5;21,2;6,9;6,2;39;36;36;194;8,6;5,2;
2019/08/30;1200 UTC;0;966,4;966,4;959,3;645,8;24,7;7,1;24,8;22,5;7,8;6,4;37;32;33;182;9,5;6,1;
2019/08/30;1300 UTC;0;975,8;975,8;966,4;1171,5;26,1;7,6;26,5;24,7;8,4;7,1;34;30;31;176;11,4;7,3;
2019/08/30;1400 UTC;0;984,3;984,3;975,8;1590,3;28,1;8,8;28,6;26,1;9,6;7,7;33;29;30;170;11,3;6,6;
2019/08/30;1500 UTC;0;993,6;993,6;984,3;1884,7;30,9;8,7;31,4;28,1;10,3;8,6;31;25;25;153;9,8;5,6;
2019/08/30;1600 UTC;0;1001,3;1001,3;993,6;2009;32,5;10,2;32,8;30,9;10,6;9;27;24;25;143;10,5;5,4;
2019/08/30;1700 UTC;0;1004,2;1004,2;1001,3;1942,9;33,1;10,2;33,4;31,9;11,6;9,4;27;24;25;136;9,7;4,3;
2019/08/30;1800 UTC;0;1005,1;1005,2;1004,2;1711;33,4;9,3;33,6;32,5;11,3;8,9;27;22;23;141;8,6;3,3;
2019/08/30;1900 UTC;0;1006,5;1006,7;1005,1;1302,2;33,6;8,5;34,2;33,2;10,3;7,8;24;20;21;163;9,2;4,5;
2019/08/30;2000 UTC;0;1002,6;1006,6;1002,6;824,9;33;9,2;33,7;33;9,2;7,6;23;20;23;151;9,2;3,7;
2019/08/30;2100 UTC;0;995,1;1002,6;995,1;316,7;31,3;8,8;33,2;31,3;9,7;8,3;25;22;25;167;6,7;2,7;
2019/08/30;2200 UTC;0;982,7;995,1;982,7;12,5;30;8,4;31,3;30;8,8;8,2;26;24;26;187;4,1;2,1;
2019/08/30;2300 UTC;0;974,5;982,7;974,5;0;28,5;9;30;28,5;9,1;8,4;30;26;30;198;3,5;2,4;
2019/08/31;0000 UTC;0;970,7;974,5;970,6;0;28,7;8,2;28,7;28,1;9,1;8,2;30;28;28;206;4,4;2,9;
2019/08/31;0100 UTC;0;970,3;970,8;970,3;0;27,4;8,2;28,8;27,4;8,5;8,1;30;27;30;190;4,7;3,1;
2019/08/31;0200 UTC;0;968,9;970,4;968,9;0;27,5;8,2;28;27,1;8,5;8;31;28;30;191;6,2;3,7;
2019/08/31;0300 UTC;0;965,9;969;965,9;0;27;8,8;27,6;26;9,1;8,1;34;29;32;180;6,4;4;
2019/08/31;0400 UTC;0;963,4;965,9;963,4;0;25,6;9,5;27;25,1;9,7;8,7;38;32;36;169;7,1;3,9;
2019/08/31;0500 UTC;0;959,4;963,4;959,4;0;24,2;9,6;25,6;24,2;9,9;9,3;40;36;40;169;4,9;2,4;
2019/08/31;0600 UTC;0;956;959,4;956;0;24,2;9,6;24,6;23,4;10;9,4;43;38;40;167;3,5;2,4;
2019/08/31;0700 UTC;0;953,7;956;953,7;0;23,5;10,5;24,2;23,1;10,5;9,6;44;40;44;182;4,8;4,1;
2019/08/31;0800 UTC;0;953,1;953,9;953,1;0;23;10,8;23,6;22,7;10,9;10,3;47;43;46;171;5,2;4;
2019/08/31;0900 UTC;0;952,3;953,3;952,3;0;22,4;11,2;23;22,2;11,2;10,7;49;46;49;179;5,3;4,1;
2019/08/31;1000 UTC;0;951,2;952,4;951,1;3,6;22,6;11,4;22,7;21,9;11,5;11,1;51;48;49;173;5,6;4;
2019/08/31;1100 UTC;0;954,3;954,3;951,2;204,9;24,1;11,8;24,1;22,1;11,9;11,3;50;46;46;179;6,2;4,3;
2019/08/31;1200 UTC;0;962,1;962,1;954,3;516,3;25,8;11,8;25,8;24,1;12,4;11,4;46;41;42;160;7;4,6;
2019/08/31;1300 UTC;0;968,9;968,9;962,1;597,3;25;12,9;26,6;25;12,9;11,5;47;40;47;70;7,7;4,2;
2019/08/31;1400 UTC;0;967,4;969;966,9;454;26,1;13,6;26,2;24,1;14,7;13;55;45;46;11;7,6;4,2;
2019/08/31;1500 UTC;2;958,3;968,3;958,3;214,7;21,8;17;26,5;20,6;17;13;74;45;74;1;10,3;1,4;
2019/08/31;1600 UTC;,4;954,1;958,3;954,1;129,5;22,5;15,6;22,5;21,8;17,3;15,5;76;65;65;231;3,3;1,2;
2019/08/31;1700 UTC;,2;951,8;954,1;951,8;72,9;21,6;16,6;22,5;21,2;17,3;15,7;77;65;74;306;5,8;1,8;
2019/08/31;1800 UTC;1,4;949,1;951,8;949,1;34,6;20,4;17,3;21,6;20,1;17,6;16,7;85;74;83;215;7,8;,4;
2019/08/31;1900 UTC;1,2;947,9;949,1;947,8;25,1;19,9;18;20,4;19,9;18;17,3;89;83;89;317;3,4;1,4;
2019/08/31;2000 UTC;,2;947,5;948;947,4;74,4;19,9;18,3;20;19,6;18,4;18;91;89;91;209;7,9;3;
2019/08/31;2100 UTC;0;949,4;949,4;947,5;186,3;20,3;18,2;20,4;19,9;18,4;18,2;91;88;88;192;5,3;2,6;
2019/08/31;2200 UTC;0;949,4;949,9;949,4;7,8;20;18;20,3;20;18,3;18;89;88;88;190;3,5;,4;
2019/08/31;2300 UTC;0;948;949,5;948;0;19,7;17,8;20;19,6;18,1;17,8;90;88;89;152;3,9;2,8;
2019/09/01;0000 UTC;0;947,4;948,2;947,4;0;19,2;17,7;19,7;19,1;18;17,7;91;89;91;351;3,9;,7;
2019/09/01;0100 UTC;0;947,4;947,5;947,2;0;19,2;18,1;19,2;18,7;18,1;17,3;93;91;93;354;3,8;1,1;
2019/09/01;0200 UTC;0;948,1;948,1;947,4;0;19,3;18;19,6;19,2;18,4;18;93;92;92;323;2,3;1,2;
2019/09/01;0300 UTC;0;948,2;948,4;948,1;0;19,4;18,2;19,5;19;18,3;17,7;93;92;92;295;2,4;1,5;
2019/09/01;0400 UTC;0;949;949;948,2;0;19,3;18;19,6;19,1;18,3;17,7;92;92;92;245;2,1;1;
2019/09/01;0500 UTC;0;949,7;949,7;949;0;19,2;18;19,5;18,9;18,2;17,7;93;92;93;175;3;1,7;
2019/09/01;0600 UTC;0;950,8;950,8;949,7;0;19,3;18;19,8;19,2;18,5;17,9;93;91;92;33;2,4;,5;
2019/09/01;0700 UTC;0;951,3;951,3;950,8;0;19,1;17,9;19,6;19,1;18,2;17,8;93;92;93;36;2,5;1,5;
2019/09/01;0800 UTC;0;952;952;951,3;,1;19;18;19,3;19;18,1;17,9;94;93;94;11;4,9;2,3;
2019/09/01;0900 UTC;0;951,7;952,3;951,7;,5;18,4;17,4;19,1;18,4;18,1;17,4;94;94;94;9;6;4,5;
2019/09/01;1000 UTC;0;950,5;951,7;950,4;,9;18;17,1;18,4;18;17,4;17;94;94;94;356;7,4;4,9;
2019/09/01;1100 UTC;,2;949,8;950,5;949,8;22,4;17,8;16,9;18;17,8;17;16,9;94;94;94;346;8,1;5,1;
2019/09/01;1200 UTC;,2;950;950;949,8;34,3;17,8;16,9;17,9;17,8;17;16,9;94;94;94;351;7,5;3,5;
2019/09/01;1300 UTC;3,2;950,6;950,6;950;47,5;17,7;16,8;17,9;17,7;16,9;16,8;94;94;94;3;4,8;3,2;
2019/09/01;1400 UTC;13,6;952,8;952,8;950,6;536,9;19;18,1;19,1;17,5;18,2;16,6;94;94;94;290;10,5;2,9;
2019/09/01;1500 UTC;0;958,8;958,8;952,8;506;19,5;18,4;20;19;19;18,2;94;93;94;43;6,2;1,7;
2019/09/01;1600 UTC;2,6;956,9;959,1;956,9;197,8;18,4;17,5;19,5;18;18,4;17;94;93;94;18;9;4,1;
2019/09/01;1700 UTC;0;956,4;956,9;956,4;286,2;18,8;17,8;18,8;18,3;17,9;17,4;94;94;94;16;6,9;4,5;
2019/09/01;1800 UTC;0;955,3;956,7;955,3;207,7;17,6;16,3;18,8;17,6;17,8;16,3;94;92;92;360;11,8;7,4;
2019/09/01;1900 UTC;,8;952,1;955,3;952,1;77,3;16,5;15,5;17,6;16,5;16,4;15,5;93;91;93;3;11,2;8,2;
2019/09/01;2000 UTC;4,6;949,4;952,1;949,4;62,1;16,1;15,1;16,5;16;15,5;15;94;93;94;344;10,9;4,8;
2019/09/01;2100 UTC;,4;948,9;949,4;948,8;47,4;16,5;15,2;16,5;16,1;15,4;15,1;94;92;92;335;8,7;4,2;
2019/09/01;2200 UTC;0;949,1;949,2;948,9;4,3;16,2;14,8;16,5;16,2;15,2;14,8;92;90;91;2;7,1;3,8;
2019/09/01;2300 UTC;,8;948,5;949,4;948,5;,5;15,7;14;16,3;15,7;14,9;14;92;88;89;23;6,6;2,3;
2019/09/02;0000 UTC;0;948,2;948,6;948,2;,1;15,6;14,4;15,8;15,6;14,4;14;93;89;93;10;4,4;2,6;
2019/09/02;0100 UTC;0;948,3;948,4;948,2;0;15,5;14,3;15,6;15,4;14,5;14,3;94;93;93;347;5,8;3,3;
2019/09/02;0200 UTC;0;948,4;948,6;948,3;,3;15,3;13,7;15,5;15,3;14,3;13,7;93;90;91;348;5,3;2,9;
2019/09/02;0300 UTC;0;948,2;948,6;948,2;0;15,1;13,5;15,3;15;13,8;13,5;91;90;91;349;5,4;3,7;
2019/09/02;0400 UTC;0;947,3;948,5;947,3;0;14,4;12,4;15,1;14,2;13,5;12,3;91;87;88;352;5,5;2,3;
2019/09/02;0500 UTC;0;946,6;947,4;946,6;0;14;12,4;14,4;14;12,6;12,4;90;88;90;8;3,5;1,6;
2019/09/02;0600 UTC;0;945,8;946,7;945,8;0;13,6;11,8;14;13,6;12,4;11,8;90;89;89;7;3,3;2,2;
2019/09/02;0700 UTC;0;943,6;945,9;943,6;0;12,5;11,2;13,6;12,5;11,7;11,2;92;88;92;1;3,5;2,5;
2019/09/02;0800 UTC;0;941,4;943,6;941,4;0;12;10,8;12,5;11,9;11,2;10,7;93;92;93;2;4,1;3,2;
2019/09/02;0900 UTC;0;940,4;941,4;940,4;0;11,8;10,6;12,1;11,7;10,9;10,5;93;92;93;350;4,1;2,6;
2019/09/02;1000 UTC;0;940,3;940,6;940,3;6,2;11,5;10,4;11,8;11,4;10,7;10,3;93;93;93;344;4,2;2,2;
2019/09/02;1100 UTC;0;943,1;943,1;940,3;238,6;13,1;11;13,1;11,5;11,2;10,4;93;87;87;321;4;2,6;
2019/09/02;1200 UTC;0;951,8;951,8;943,1;712,6;16,2;12,9;16,3;13,1;13,4;11,1;88;80;81;218;4;2;
2019/09/02;1300 UTC;0;963,4;963,4;951,9;1229,4;18,5;14,7;18,5;16,2;15;13;82;78;79;180;4,5;2,7;
2019/09/02;1400 UTC;0;972,1;972,1;963,4;1510;19,6;15,3;19,8;18,5;15,8;14,3;80;75;76;170;6,6;3,7;
2019/09/02;1500 UTC;,2;979,4;979,4;972,1;1860,8;21,3;14,4;21,9;19,6;15,8;14;77;64;65;155;7;3,1;
2019/09/02;1600 UTC;0;987;987;979,4;2081,9;22,9;14,3;23,1;21,3;15,6;13;65;56;58;130;6;2,5;
2019/09/02;1700 UTC;0;992,7;992,7;987;1863,5;23,1;15;23,8;22,3;15,7;14;63;57;60;155;5,6;2,9;
2019/09/02;1800 UTC;0;995;995;992,7;1359,1;23,7;15,3;24,5;22,6;16;14,3;62;57;59;120;6,8;2,3;
2019/09/02;1900 UTC;0;993,3;995,3;992,8;970,3;24,2;15,4;24,3;22,5;15,9;14,7;64;56;58;139;5,4;2,2;
2019/09/02;2000 UTC;0;993,4;994,4;993,3;797;23,3;14,5;24,4;23,3;15,8;14,2;59;55;58;154;4,8;1,9;
2019/09/02;2100 UTC;0;986,8;993,4;986,8;296;22,2;15;23,4;22,2;15,1;14,3;64;57;64;154;3,4;1,5;
2019/09/02;2200 UTC;0;977,3;986,8;977,3;15,4;20,9;15;22,3;20,9;15,1;14,7;70;62;69;159;2,9;1,8;
2019/09/02;2300 UTC;0;970,1;977,3;970,1;0;19,8;15,3;20,9;19,8;15,4;15;75;69;75;167;3,4;2,7;
2019/09/03;0000 UTC;0;966,7;970,1;966,7;0;19,1;15,7;20;19;15,7;15,3;81;75;81;180;4,4;2,5;
2019/09/03;0100 UTC;0;964,9;966,7;964,9;0;19,3;15,8;19,3;18,9;15,8;15,7;82;80;80;187;3,8;2,9;
2019/09/03;0200 UTC;0;965,9;965,9;964,9;0;19,8;15,8;19,9;19,2;15,9;15,7;81;77;77;202;3,8;2,2;
2019/09/03;0300 UTC;0;966,2;966,4;965,9;0;19,7;15,8;19,9;19,6;15,8;15,7;79;77;78;200;3,7;2,3;
2019/09/03;0400 UTC;0;966,5;966,5;966,2;0;19,9;16;19,9;19,6;16;15,8;79;78;78;199;4,2;2,5;
2019/09/03;0500 UTC;0;967,1;967,1;966,5;0;19,8;16,1;19,9;19,7;16,1;16;79;78;79;211;4,2;1,6;
2019/09/03;0600 UTC;0;967,2;967,4;967,1;0;19,5;16;19,8;19,5;16,1;16;80;79;80;242;2,6;,6;
2019/09/03;0700 UTC;0;966,5;967,3;966,5;0;18,9;16,2;19,6;18,9;16,3;16;84;80;84;354;1,8;,4;
2019/09/03;0800 UTC;0;964,5;966,6;964,5;0;18,7;16,6;18,9;18,4;16,7;16,2;89;84;88;331;3;1,7;
2019/09/03;0900 UTC;0;963,8;964,6;963,8;0;18,6;16,6;18,8;18,5;16,6;16,5;89;87;89;341;3;1,7;
2019/09/03;1000 UTC;0;964,1;964,1;963,8;1,8;19;16,5;19;18,6;16,8;16,5;89;86;86;288;3;1,5;
2019/09/03;1100 UTC;0;965,4;965,4;964,1;63,9;19,9;16,5;19,9;19;16,5;16,3;86;81;81;247;2,3;1;
2019/09/03;1200 UTC;0;969,4;969,4;965,4;258,7;20,9;16,9;20,9;19,9;16,9;16,4;81;77;78;328;2,6;1,5;
2019/09/03;1300 UTC;0;976,2;976,2;969,4;624,9;22,3;16,2;22,7;20,9;17,2;16,2;78;68;69;279;2,7;1,2;
2019/09/03;1400 UTC;0;984,8;984,8;976,2;907,5;23,9;16,2;23,9;22,3;17;15,5;70;61;62;300;3;1,2;
2019/09/03;1500 UTC;0;990,7;990,7;984,8;1033,3;24,5;15,8;24,7;23,5;16,5;15,3;63;58;59;344;4,1;2,2;
2019/09/03;1600 UTC;0;995,3;995,3;990,7;1220;26,1;16,7;26,2;24,3;17,1;15,4;60;54;56;162;3,7;2,1;
2019/09/03;1700 UTC;0;1000,6;1000,6;995,3;1117,2;25,7;15,6;27,1;25,4;17;15,3;56;51;54;36;4;1,8;
2019/09/03;1800 UTC;0;1000,6;1000,7;999,6;1167,3;26,2;16,1;27,2;25,3;16,7;14,9;56;49;54;20;5,3;3;
2019/09/03;1900 UTC;0;995,2;1000,8;995,2;651,8;25,3;16,5;26,4;25,2;17;15,9;60;54;58;17;6,2;3,8;
2019/09/03;2000 UTC;0;990,3;995,2;990,3;482,6;25,3;15,5;26;25,1;16,8;15,3;59;54;55;351;6,4;4,1;
2019/09/03;2100 UTC;0;984,3;990,3;984,3;211,4;23,5;15,1;25,4;23,5;15,6;14,6;59;54;59;9;5,9;3,1;
2019/09/03;2200 UTC;0;977,5;984,3;977,5;6,2;22,8;15,9;23,6;22,6;15,9;15,1;65;59;65;335;4,1;2,2;
2019/09/03;2300 UTC;0;973,6;977,5;973,6;0;22,1;16;22,8;22,1;16,1;15,7;68;65;68;337;3;1,8;
2019/09/04;0000 UTC;0;970;973,6;970;0;21,4;15,7;22,1;21,3;16,1;15,7;71;68;70;335;4,1;2,8;
2019/09/04;0100 UTC;0;967,4;970;967,4;0;20,6;14,5;21,6;20,5;15,7;14,3;70;66;68;337;4,1;2,2;
2019/09/04;0200 UTC;0;964,4;967,4;964,4;0;19,8;13,1;20,8;19,6;14,5;12,8;70;61;65;349;4,5;1,7;
2019/09/04;0300 UTC;0;961;964,4;961;0;19,3;11,9;19,9;18,9;13,1;11,8;68;62;62;352;3,9;1,6;
2019/09/04;0400 UTC;0;960,6;961;960,4;0;19,6;10,8;20;19,2;11,9;10,4;63;55;57;347;3,7;1,7;
2019/09/04;0500 UTC;0;960,3;960,9;960,3;0;19,1;10,9;19,7;18,7;11,2;10,6;61;56;59;331;4;2,3;
2019/09/04;0600 UTC;0;960,4;960,4;960,3;0;19,5;10,5;19,5;19;10,9;10,5;59;56;56;318;4;2,2;
2019/09/04;0700 UTC;0;960,8;961,1;960,4;0;18,3;12,1;19,5;18,3;12,1;10,5;68;56;67;359;3,3;2,1;
2019/09/04;0800 UTC;0;959,2;960,9;959,2;0;18,2;12,3;18,3;17,7;13;12,1;74;67;69;340;3,5;2,7;
2019/09/04;0900 UTC;0;959,2;959,3;959;0;18,9;12,5;18,9;18,1;12,6;12,1;70;66;66;329;4,3;2,4;
2019/09/04;1000 UTC;0;961,7;961,7;959,2;2,6;19,5;12,6;19,5;18,9;12,7;12,4;66;64;65;319;4;2,3;
2019/09/04;1100 UTC;0;964,1;964,1;961,8;81,9;19,8;12,6;19,8;19,3;12,9;12,5;66;63;63;315;4;2;
2019/09/04;1200 UTC;0;968,2;968,2;964,1;303,2;20,7;13,2;20,8;19,8;13,4;12,4;64;61;62;340;3,9;1,6;
2019/09/04;1300 UTC;0;974,6;974,6;968,2;567,8;22,9;14,4;22,9;20,7;14,4;12,9;62;58;58;310;2,7;1,6;
2019/09/04;1400 UTC;0;985,1;985,1;974,6;1240,7;25,6;14,7;25,7;22,8;15,1;13,7;58;51;51;291;3,7;1,9;
2019/09/04;1500 UTC;0;998,6;998,6;985,1;1774,8;27,4;15;27,8;25,2;15,7;14,2;52;45;47;352;4,6;2,2;
2019/09/04;1600 UTC;0;1006,5;1006,5;998,6;1834,4;28,2;15;29,1;27,2;15,5;14,3;48;42;45;338;5,1;2,2;
2019/09/04;1700 UTC;0;1010,4;1010,5;1006,5;1712,5;29;14,7;29,5;28;15,8;14,3;47;41;42;51;5,1;1,6;
2019/09/04;1800 UTC;0;1010;1011,4;1010;1237;29,1;14,3;29,7;28,1;15,8;14;46;40;41;43;4,2;1;
2019/09/04;1900 UTC;0;1006,4;1010;1006,4;857,6;29;13,8;29,6;28,7;15;13,5;42;39;39;340;4,7;3;
2019/09/04;2000 UTC;0;1000,7;1006,4;1000,7;571,3;27,9;13,9;29,3;27,9;14,4;13,4;42;39;42;338;6;3,6;
2019/09/04;2100 UTC;0;991,1;1000,7;991,1;193,6;26,1;13,2;28;26,1;13,9;13,1;45;41;45;332;7,4;4,3;
2019/09/04;2200 UTC;0;980,8;991;980,8;10,6;24,3;12,6;26,1;24,3;13,1;12,5;48;44;48;329;7,3;3,9;
2019/09/04;2300 UTC;0;973,8;980,8;973,8;0;22,7;13;24,3;22,6;13;12,6;54;48;54;342;6,8;4,1;
2019/09/05;0000 UTC;0;968,7;973,8;968,7;0;22,1;12,5;22,8;21,8;13;12,4;56;53;54;321;8,1;3,4;
2019/09/05;0100 UTC;0;966,7;968,7;966,7;0;21,8;12,7;22,2;21,7;12,7;12,4;56;54;56;307;7;3,9;
2019/09/05;0200 UTC;0;965,1;966,8;965,1;0;21;13,1;21,8;21;13,1;12,7;61;56;61;314;7;3;
2019/09/05;0300 UTC;0;963,4;965,1;963,4;0;20,8;12,9;21,1;20,7;13,2;12,9;62;60;61;298;6,2;3,3;
2019/09/05;0400 UTC;0;962,3;963,5;962,3;0;20,4;13,1;20,9;20,4;13,1;12,9;63;61;63;287;5,9;3,3;
2019/09/05;0500 UTC;0;961,5;962,3;961,5;0;20,2;13,7;20,6;20,1;13,7;13,1;66;63;66;270;5,8;3,1;
2019/09/05;0600 UTC;0;960,8;961,6;960,8;0;20,1;15;20,2;19,9;15;13,7;73;66;73;266;5,5;3,7;
2019/09/05;0700 UTC;0;960,8;960,9;960,6;0;20,2;15,8;20,3;19,9;15,8;15;76;73;76;256;6,4;3,3;
2019/09/05;0800 UTC;0;960,9;961,2;960,8;0;18,2;14,5;20,3;18,2;15,9;14,5;79;75;79;331;5,9;1,4;
2019/09/05;0900 UTC;0;958,3;960,9;958,3;0;18,1;15;19,2;18;15,8;14,5;82;79;82;343;2,7;1,3;
2019/09/05;1000 UTC;0;957,5;958,3;957,4;6,7;19;15,8;19,2;18,1;15,9;15,1;83;81;82;288;2,3;,4;
2019/09/05;1100 UTC;0;960;960;957,5;192,9;20,4;16,2;20,4;18,8;16,6;15,7;83;76;77;236;3,9;2;
2019/09/05;1200 UTC;0;968,4;968,4;960;613,9;21,4;16,3;21,8;20,4;16,8;16;77;72;73;198;6,9;3,7;
2019/09/05;1300 UTC;0;973,9;973,9;968,4;802,5;22,4;16,7;22,6;21,4;17,2;16,1;73;69;70;202;6,9;3,6;
2019/09/05;1400 UTC;0;981,1;981,1;973,9;1318;23,7;16,6;24,3;22,4;17,4;16,5;70;63;64;198;8,3;4,9;
2019/09/05;1500 UTC;0;986,9;986,9;981,1;1571,9;25,4;17;26,1;23,6;17,7;16,1;66;57;60;215;8,4;3,7;
2019/09/05;1600 UTC;0;993,8;993,8;986,9;1769,3;26,5;16,4;26,9;25,1;17,8;16,2;61;53;54;209;7,6;3,7;
2019/09/05;1700 UTC;0;996,6;996,8;993,8;1405,8;26,4;16,2;27,5;26,2;17,3;15,8;56;51;54;204;7,9;4,1;
2019/09/05;1800 UTC;0;997,5;997,5;996,6;1342,1;27,3;16,5;27,6;26,4;16,9;15,7;55;49;52;206;7,2;3,4;
2019/09/05;1900 UTC;0;996,4;997,8;996,4;1040,2;27,3;16,3;27,8;26,8;16,7;15,5;53;49;51;200;7,4;3,6;
2019/09/05;2000 UTC;0;994,4;996,5;994,4;722,7;27,1;15,8;27,6;27;16,7;15,5;53;49;50;203;7,5;3,4;
2019/09/05;2100 UTC;0;989,2;994,4;989,2;263,3;26;15,5;27,1;26;16;15,4;53;49;52;196;7,2;2,9;
2019/09/05;2200 UTC;0;981,1;989,2;981,1;10,4;24,8;15,4;26,1;24,8;15,6;15,3;56;52;56;217;5,3;2,5;
2019/09/05;2300 UTC;0;975,4;981,1;975,4;0;23,6;15,9;24,8;23,6;15,9;15,3;62;56;62;227;6,7;3,3;
2019/09/06;0000 UTC;0;971,9;975,4;971,9;0;22,9;14,6;23,7;22,9;15,9;14,6;62;59;60;221;10,5;5,5;
2019/09/06;0100 UTC;0;968,8;971,9;968,8;0;22;14,5;22,9;22;14,7;14,5;63;59;62;216;10,5;4,6;
2019/09/06;0200 UTC;0;966,1;968,8;966,1;0;21;14,2;22,1;20,9;14,5;14,1;65;62;65;211;8,8;3,6;
2019/09/06;0300 UTC;0;962,8;966,1;962,8;0;20;13,4;21;20;14,2;13,4;67;65;66;208;11,3;6,8;
2019/09/06;0400 UTC;0;959,4;962,8;959,4;0;18,9;13;20;18,9;13,5;13;69;66;69;215;11,5;5,9;
2019/09/06;0500 UTC;0;955,9;959,4;955,9;0;18,1;12,8;18,9;18;13,1;12,8;71;69;71;206;11,7;4,4;
2019/09/06;0600 UTC;0;954,1;955,9;954,1;0;17,8;12,4;18,1;17,7;12,8;12,3;71;70;71;204;8,5;3,7;
2019/09/06;0700 UTC;0;952,8;954,2;952,8;0;17;12,2;17,8;17;12,3;12,1;74;70;73;186;8,5;5,1;
2019/09/06;0800 UTC;0;951,2;952,8;951,1;0;16,8;11,7;17,1;16,7;12,2;11,6;74;71;72;191;13,9;8,4;
2019/09/06;0900 UTC;0;950,7;951,3;950,7;0;16,3;11,6;16,8;16,3;11,7;11,5;73;72;73;192;14,5;7,4;
2019/09/06;1000 UTC;0;949,8;950,8;949,7;17,4;16;11,8;16,3;16;11,8;11,5;76;73;76;190;11,7;5,7;
2019/09/06;1100 UTC;0;950,6;950,6;949,8;171,2;16,6;11,6;16,6;16;11,8;11,6;76;72;72;183;12,7;8,3;
2019/09/06;1200 UTC;0;955,3;955,3;950,6;500,4;18,3;11,9;18,3;16,6;11,9;11,2;73;65;66;190;13;8,3;
2019/09/06;1300 UTC;0;961,2;961,2;955,3;805,2;19,5;11,8;19,6;18,4;12,1;11,4;66;61;61;194;15;7,7;
2019/09/06;1400 UTC;0;970,6;970,6;961,2;1621;21,8;12,6;21,8;19,4;13;11,8;62;56;56;184;13,5;8,3;
2019/09/06;1500 UTC;0;980,6;980,6;970,7;1915;24,2;13,1;24,5;21,8;13,7;12,3;56;49;50;188;14,1;7,4;
2019/09/06;1600 UTC;0;988;988;980,6;1780,2;26,7;14,4;26,7;24;14,4;12,8;51;45;47;186;12,1;7,1;
2019/09/06;1700 UTC;0;996;996;988;1928,8;28,1;14;28,2;26,6;14,8;13,4;47;42;42;177;12,1;7,1;
2019/09/06;1800 UTC;0;1000,8;1000,8;996;1688,9;29,5;14,1;29,6;27,9;14,4;13,3;43;38;39;181;11,2;6,7;
2019/09/06;1900 UTC;0;1002,7;1002,8;1000,8;1213;29,1;13,2;29,6;28,9;14,1;13;40;36;38;185;11,2;7,4;
2019/09/06;2000 UTC;0;1000,6;1002,7;1000,6;796,9;28,6;13,2;29,6;28,6;13,5;12,9;39;36;39;184;11;6,3;
2019/09/06;2100 UTC;0;993,9;1000,6;993,9;188,1;27,5;13,8;28,6;27,5;14;13,2;43;39;43;192;9,4;4,3;
2019/09/06;2200 UTC;0;987,1;993,9;987,1;15,6;26,7;14,2;27,6;26,5;14,2;13,8;47;43;46;194;9,7;5,9;
2019/09/06;2300 UTC;0;983;987,1;983;0;26,1;14,4;26,7;26;14,4;14,1;49;46;49;194;9,7;5,9;
2019/09/07;0000 UTC;0;981,6;983;981,6;0;26;14,4;26,4;26;14,4;14,3;49;47;49;199;11;6,5;
2019/09/07;0100 UTC;0;980;981,7;980;0;25,2;14,4;26,2;25,2;14,4;14,2;51;48;51;205;13,2;6,8;
2019/09/07;0200 UTC;0;975,9;980;975,9;0;24,1;14,4;25,3;24;14,4;14,3;55;51;55;207;13,5;7,5;
2019/09/07;0300 UTC;0;971,7;975,9;971,7;0;23,4;14,5;24;23,1;14,5;14,4;58;55;57;207;13;7,2;
2019/09/07;0400 UTC;0;968,5;971,7;968,5;0;22,6;14,4;23,4;22,5;14,5;14,4;60;57;60;205;12,7;6,9;
2019/09/07;0500 UTC;0;966,1;968,5;966,1;0;22;14,2;22,7;21,9;14,5;14,2;62;60;61;200;13;8,1;
2019/09/07;0600 UTC;0;964,2;966,1;964,2;0;21,2;14,1;22;21,2;14,2;14,1;64;61;64;202;13,7;6,6;
2019/09/07;0700 UTC;0;961,6;964,2;961,6;0;20,5;13,7;21,2;20,5;14,1;13,7;65;64;65;190;12,9;5,8;
2019/09/07;0800 UTC;0;959,9;961,6;959,9;0;20,3;13,5;20,5;20,3;13,8;13,4;66;64;65;193;11,8;7,1;
2019/09/07;0900 UTC;0;959,2;960,1;959,2;0;19,8;13,4;20,4;19,8;13,5;13,4;67;64;67;190;11,4;5,7;
2019/09/07;1000 UTC;0;958,1;959,2;958,1;7,4;19,9;13,5;19,9;19,7;13,5;13,4;67;66;67;197;9,2;6;
2019/09/07;1100 UTC;0;959,6;959,6;958,1;182,8;20,7;13,8;20,7;19,8;13,9;13,5;67;65;65;201;11,1;6,4;
2019/09/07;1200 UTC;0;964,9;964,9;959,7;508,8;22,7;14,3;22,7;20,7;14,4;13,8;65;59;59;196;11,5;7,5;
2019/09/07;1300 UTC;0;972,1;972,1;965;850,6;23,8;14,4;23,8;22,7;14,6;14;59;56;56;195;13,2;7;
2019/09/07;1400 UTC;0;982;982;972,1;1200,3;27,8;13,6;27,8;23,8;15,4;13,5;56;42;42;175;12,4;7,5;
2019/09/07;1500 UTC;0;991,7;991,7;982;1282,2;29,3;13;29,7;27,6;14,4;12,4;44;35;37;166;13,5;8,7;
2019/09/07;1600 UTC;0;997,4;997,4;991,7;1294;31,7;13,2;32,1;29,3;14,5;12,4;37;32;32;167;14,4;7,6;
2019/09/07;1700 UTC;0;1007,6;1007,6;997,4;2068,2;33,2;12,5;33,4;31,5;14,1;12,1;33;28;28;153;12;6,7;
2019/09/07;1800 UTC;0;1012,3;1012,3;1007,6;1702,1;34,4;11,8;34,4;33;13,3;11,4;30;25;26;142;11,8;6,2;
2019/09/07;1900 UTC;0;1014,6;1014,6;1012,3;1366,3;35;8,9;35,2;34,3;11,4;8,4;26;19;20;153;11,5;6,6;
2019/09/07;2000 UTC;0;1011,8;1015;1011,8;692,9;34,3;8,9;35;34;9,5;7,6;22;19;21;162;11,4;4,3;
2019/09/07;2100 UTC;0;1005,9;1011,8;1005,9;307,6;32,3;8,7;34,3;32,3;9,6;8,4;23;21;23;164;6,9;4;
2019/09/07;2200 UTC;0;992,7;1005,8;992,7;21;29,7;8,7;32,5;29,5;9;8,5;28;23;27;184;6,3;3,1;
2019/09/07;2300 UTC;0;983,2;992,7;983,2;0;28,8;10;29,9;28,6;10;8,6;31;27;31;178;5,8;3,6;
2019/09/08;0000 UTC;0;978,6;983,2;978,6;0;27,9;10;29,4;27,8;10,1;9,6;33;30;33;188;6;3,4;
2019/09/08;0100 UTC;0;975,4;978,6;975,4;0;27,5;10,6;28,3;27,3;10,6;9,8;35;32;35;190;5,5;3,5;
2019/09/08;0200 UTC;0;974,9;975,4;974,7;0;27,4;10,6;28,2;27,3;10,6;10,2;35;33;35;193;7,3;3,7;
2019/09/08;0300 UTC;0;973,3;975,1;973,3;0;26,9;10,9;27,5;26,6;11;10,5;37;35;37;170;7,4;4,9;
2019/09/08;0400 UTC;0;969,3;973,4;969,3;0;24,9;11,7;26,9;24,9;11,7;10,9;44;37;44;177;7;3,8;
2019/09/08;0500 UTC;0;965;969,3;965;0;24,1;12;25,3;24,1;12;11,7;47;43;47;168;5,5;3;
2019/09/08;0600 UTC;0;961,3;965;961,3;0;23,4;12,4;24,7;23,3;12,4;11,9;50;45;50;157;4,4;2,6;
2019/09/08;0700 UTC;0;958,1;961,3;958,1;0;22,1;13;23,8;22;13;12,3;56;50;56;179;5,5;3,8;
2019/09/08;0800 UTC;0;956,4;958,1;956,3;0;22,3;13,1;22,8;21,9;13,2;13;57;54;56;184;5,4;3,6;
2019/09/08;0900 UTC;0;955,8;956,6;955,8;0;22,2;13,2;22,4;21,8;13,3;13,1;58;56;57;183;4,6;3,7;
2019/09/08;1000 UTC;0;955,6;955,9;955,6;11;22,2;13,3;22,4;21,7;13,3;13;58;56;57;190;5,4;3,3;
2019/09/08;1100 UTC;0;960,5;960,5;955,6;283,4;24,6;14,2;24,6;22,1;14,6;13,4;59;52;52;185;5,9;4,4;
2019/09/08;1200 UTC;0;971,7;971,7;960,5;758,4;27,6;14;27,6;24,6;14,7;13,6;53;43;43;180;7,6;4,7;
2019/09/08;1300 UTC;0;983,2;983,2;971,8;1219,6;29,9;13,2;30;27,6;14,8;13,2;44;36;36;162;9,6;5,9;
2019/09/08;1400 UTC;0;992,8;992,8;983,2;1670,5;32,2;12,7;32,5;29,7;14,2;12,2;37;30;30;146;12,4;7,2;
2019/09/08;1500 UTC;0;1000;1000;992,8;1979,3;32,9;14,1;33,2;31,8;14,5;12,3;35;29;32;146;12;6,6;
2019/09/08;1600 UTC;0;1005,2;1005,2;1000;2101,9;34,4;12,6;34,6;32,8;14,8;12,3;33;26;27;146;11,7;7;
2019/09/08;1700 UTC;0;1008,8;1008,8;1005,2;1997,7;35,7;10;35,9;34,3;12,9;9,6;27;21;21;145;12;6,9;
2019/09/08;1800 UTC;0;1011;1011;1008,9;1783,9;36,5;7,3;36,6;35,6;10,8;7,3;22;17;17;139;13;6,3;
2019/09/08;1900 UTC;0;1010,3;1011,6;1010,3;1300,1;36,3;6,6;36,6;35,8;8,4;6;19;15;16;147;11,6;5,4;
2019/09/08;2000 UTC;0;1007,1;1010,4;1007,1;837,1;35,2;7,7;36,3;35,2;7,9;5,6;19;15;19;150;10,3;5;
2019/09/08;2100 UTC;0;998,6;1007,1;998,6;248,3;32,8;8,2;35,3;32,8;8,3;7,4;22;18;22;158;8,7;4;
2019/09/08;2200 UTC;0;984,8;998,6;984,8;13,2;30,4;8,8;32,8;30,2;8,9;8,2;26;22;26;168;6,5;3,2;
2019/09/08;2300 UTC;0;975,1;984,8;975,1;0;29,5;9,6;30,4;29,2;9,6;8,3;29;25;29;174;5,3;3,6;
2019/09/09;0000 UTC;0;972,4;975,1;972,4;0;28,9;10,5;30,2;28,8;10,6;9,5;32;29;32;185;7,8;3,6;
2019/09/09;0100 UTC;0;970,1;972,4;970,1;0;28,4;10;29,1;28,3;10,9;9,9;34;31;32;185;6,1;4,1;
2019/09/09;0200 UTC;0;968,5;970,1;968,5;0;28,2;9,5;28,5;27,8;10,3;9,5;33;31;31;184;6,7;4,3;
2019/09/09;0300 UTC;0;967,2;968,6;967,2;0;27,5;9,3;28,4;27,3;9,6;9;33;30;32;175;6,7;4,4;
2019/09/09;0400 UTC;0;963;967,2;963;0;26,1;10,2;27,8;25,8;10,3;9,3;37;31;37;173;6,7;4,2;
2019/09/09;0500 UTC;0;959,6;963;959,6;0;25,3;10,6;26,2;25,3;10,6;10,1;40;36;40;173;6,7;4,6;
2019/09/09;0600 UTC;0;957,1;959,6;957,1;0;25,1;11;25,3;24,6;11;10,6;42;40;41;170;7,2;4,7;
2019/09/09;0700 UTC;0;956,2;957,2;956,2;0;23,4;11,7;25,8;23,1;11,7;10,9;48;39;48;165;6,5;3,2;
2019/09/09;0800 UTC;0;952,7;956,2;952,7;0;23,1;12,6;23,9;23;12,6;11,6;52;47;52;160;6,5;4;
2019/09/09;0900 UTC;0;951,2;952,7;951,2;0;23,3;12,6;23,6;22,8;12,7;12,5;53;50;51;161;7,4;4,6;
2019/09/09;1000 UTC;0;951,3;951,5;951,2;10,7;23;13;23,4;22,8;13;12,5;54;51;53;158;7,4;4,4;
2019/09/09;1100 UTC;0;954,2;954,2;951,3;278,6;24,7;14,2;24,7;23;14,2;13;55;52;52;166;8,1;5,7;
2019/09/09;1200 UTC;0;963,3;963,3;954,2;767,9;27,2;14;27,2;24,7;14,4;13,3;52;44;44;159;11,6;7,2;
2019/09/09;1300 UTC;0;974,2;974,2;963,3;1281,5;30;12,6;30,1;27,2;14,7;12,4;45;34;34;154;12,6;8,1;
2019/09/09;1400 UTC;0;983,3;983,3;974,2;1727,5;31,4;12,6;31,4;30;12,8;11,4;34;30;32;150;14,2;8,2;
2019/09/09;1500 UTC;0;990,8;990,8;983,3;2024,9;34,3;12,3;34,3;31,2;12,7;11,2;32;25;26;147;16,5;8,7;
2019/09/09;1600 UTC;0;998,9;998,9;990,8;2136,2;35,9;9,4;36;34,2;11,7;9,2;26;20;20;143;16,3;8,9;
2019/09/09;1700 UTC;0;1003,1;1003,1;998,9;2052,2;36,4;9;36,6;35,6;10;8;21;18;19;142;16,5;8,5;
2019/09/09;1800 UTC;0;1003,2;1003,7;1003,1;1740,5;36,4;9;36,8;36;9,7;8;20;18;19;149;15,1;7,6;
2019/09/09;1900 UTC;0;1001,9;1003,4;1001,9;1348,8;36,4;8,7;36,6;36,3;9,1;7,9;19;18;19;152;14,2;6,9;
2019/09/09;2000 UTC;0;999,2;1001,9;999,2;865,7;36;7,9;36,5;36;9;7,6;19;17;18;143;12,1;6,4;
2019/09/09;2100 UTC;0;992,8;999,2;992,8;335,6;33,4;9,3;36;33,4;9,4;7,7;23;18;23;164;10,4;4,1;
2019/09/09;2200 UTC;0;979,4;992,8;979,4;15;31;10;33,5;30,9;10;9,2;28;22;27;174;6,2;3,2;
2019/09/09;2300 UTC;0;970,6;979,4;970,6;0;30,8;10,1;31;29,9;10,4;9,7;30;27;28;184;6,3;4;
2019/09/10;0000 UTC;0;967,5;970,6;967,5;0;30,1;10,3;30,8;29,3;10,6;10;31;28;29;182;7,1;4,6;
2019/09/10;0100 UTC;0;966,1;967,5;966,1;0;29,3;10;30,1;29,2;10,3;9,8;30;29;30;178;8,1;4,8;
2019/09/10;0200 UTC;0;963,3;966,2;963,3;0;28,5;9,8;29,4;28,2;10;9,7;32;30;31;161;7,7;3,5;
2019/09/10;0300 UTC;0;960,7;963,3;960,7;0;27,2;10,5;28,9;26,9;10,6;9,6;36;30;35;176;7,3;4,5;
2019/09/10;0400 UTC;0;956,3;960,7;956,3;0;26,3;11;27,4;26,2;11;10,4;39;35;39;179;6,9;3,7;
2019/09/10;0500 UTC;0;954,4;956,3;954,4;0;26,5;11,1;26,8;25,8;11,3;10,9;40;37;38;187;6,2;4,5;
2019/09/10;0600 UTC;0;952,8;954,7;952,8;0;25,3;11,7;26,6;25,2;11,7;11;43;38;43;178;5,8;3,7;
2019/09/10;0700 UTC;0;950,2;952,8;950,2;0;24,6;11,7;25,3;24,6;11,8;11,6;44;43;44;178;4,8;3,7;
2019/09/10;0800 UTC;0;949,9;950,2;949,6;0;24,8;11,4;25,6;24,5;11,8;11,2;45;41;43;180;5,2;3,3;
2019/09/10;0900 UTC;0;949,2;950,1;949,2;0;24,7;11,5;25,1;24,4;11,7;11,3;45;42;44;191;4,9;3,4;
2019/09/10;1000 UTC;0;948,7;949,3;948,7;15,6;24,2;11,9;24,7;24,1;11,9;11,5;46;44;46;192;4,7;3,1;
2019/09/10;1100 UTC;0;950,5;950,5;948,7;198,4;25;12,8;25;24,1;12,8;11,9;47;46;47;188;4,4;3,2;
2019/09/10;1200 UTC;0;958,8;958,8;950,5;675,3;27,8;12,4;27,8;25;13,2;12;48;38;39;176;5,8;4,1;
2019/09/10;1300 UTC;0;969,8;969,8;958,9;1207,6;30,2;12,4;30,2;27,8;13,1;11,5;39;31;34;169;7,5;5;
2019/09/10;1400 UTC;0;979,3;979,3;969,8;1546;32;13,5;32;30,2;13,6;11,2;34;30;32;152;7,5;5;
2019/09/10;1500 UTC;0;987,7;987,7;979,3;1827,1;34,1;11,1;34,3;31,9;13;10,9;33;25;25;136;8,2;4,7;
2019/09/10;1600 UTC;0;992,9;992,9;987,7;1845;33,9;12,8;34,5;33,7;13,6;10,5;29;24;28;131;8,5;4,2;
2019/09/10;1700 UTC;0;995,7;995,7;992,9;1852,4;35,7;11;36,2;33,9;13,7;10,6;29;22;22;137;8,6;4,5;
2019/09/10;1800 UTC;0;997,6;997,7;995,7;1527,8;36,2;8,8;36,6;35,5;11,6;8,4;23;18;19;115;10,7;3,9;
2019/09/10;1900 UTC;0;996,4;998;996,4;960,6;35,2;9,1;36,7;34,9;10,5;8;22;18;20;123;8,4;3,2;
2019/09/10;2000 UTC;0;991,7;996,4;991,7;612,4;35,4;9,4;35,8;35,2;9,6;7,5;21;18;20;114;6,3;2,2;
2019/09/10;2100 UTC;0;985,5;991,7;985,5;223,8;33,5;10,3;35,4;33,4;10,4;8,4;24;19;24;156;4,6;1,6;
2019/09/10;2200 UTC;0;974,9;985,5;974,9;17,5;31,9;10,2;33,5;31,9;10,5;9,9;26;24;26;163;2,9;2,1;
2019/09/10;2300 UTC;0;968,2;974,9;968,2;0;32;8,7;32,3;31,6;10,2;8,6;26;23;24;156;3,2;1,6;
2019/09/11;0000 UTC;0;965,7;968,2;965,7;0;31,2;8,4;32,1;31,1;9,1;8,4;26;23;24;142;3,8;2,3;
2019/09/11;0100 UTC;0;962,9;965,7;962,9;0;29,6;9,1;31,5;29,6;9,2;8,2;28;24;28;161;3,8;2,9;
2019/09/11;0200 UTC;0;959,2;962,9;959,2;0;29,1;9,2;29,7;28,6;9,7;9;31;28;29;174;4,2;2,4;
2019/09/11;0300 UTC;0;957,5;959,2;957,5;0;28,3;10;29,3;28,3;10;9,1;32;29;32;172;4,1;2,4;
2019/09/11;0400 UTC;0;956,6;957,5;956,6;0;28,6;10,5;29,2;28,2;10,7;9,7;33;30;32;152;4,6;2,5;
2019/09/11;0500 UTC;0;956,7;956,8;956,6;0;28,8;9,8;29,1;28,3;10,6;9,8;33;30;31;146;3,7;1,8;
2019/09/11;0600 UTC;0;955,8;957;955,8;0;27,8;10,8;28,9;27,7;10,8;9,8;35;31;35;179;3,7;2,2;
2019/09/11;0700 UTC;0;953,5;955,8;953,5;0;26,9;11;27,8;26,9;11,1;10,6;37;34;37;186;2,9;2,5;
2019/09/11;0800 UTC;0;951,1;953,5;951,1;0;26,4;11,3;27;26,2;11,5;11,1;40;37;39;166;2,9;2,2;
2019/09/11;0900 UTC;0;949,1;951,1;949,1;0;25;11,9;26,7;24,8;12;11;45;38;44;180;3,2;2,6;
2019/09/11;1000 UTC;0;947,9;949,1;947,8;10,8;25,8;11,7;25,9;24,8;12,2;11,4;45;41;41;164;3,9;3;
2019/09/11;1100 UTC;0;950,2;950,2;947,9;145,6;25,2;12,4;25,9;25;12,9;11,3;47;40;45;173;3,6;2,8;
2019/09/11;1200 UTC;0;953,7;953,7;950,2;471,2;26,4;13,3;26,5;25;14,6;12,1;50;44;44;184;5,5;3,6;
2019/09/11;1300 UTC;0;961,9;961,9;953,7;1006,1;29,4;13,5;29,4;26,3;14,7;12,5;47;36;38;176;6,6;4,1;
2019/09/11;1400 UTC;0;974,2;974,2;961,9;1539,3;32;12,8;32;29,3;14,4;10,9;38;28;31;161;7,1;3,9;
2019/09/11;1500 UTC;0;981,2;981,2;974,2;1408,9;32,3;12,9;32,6;31,5;14;10,7;34;27;31;148;7,1;3,8;
2019/09/11;1600 UTC;0;987,9;987,9;981,2;1964,1;34,8;10,4;35,1;32,3;14,6;10,1;33;21;23;142;7;3,6;
2019/09/11;1700 UTC;0;994,4;994,4;987,9;1917,5;36,1;11,4;36,1;34,8;11,4;8,4;24;19;23;142;9,1;4,4;
2019/09/11;1800 UTC;0;996,1;996,2;994,4;1621,9;36,1;8;36,5;35,8;11,2;7,1;22;17;18;117;9,4;4,3;
2019/09/11;1900 UTC;0;993,8;996,2;993,8;1134,2;35,4;7,1;36,4;35,3;9,9;6,7;20;17;18;136;9,1;4,4;
2019/09/11;2000 UTC;0;989,6;993,8;989,6;662,2;34,9;8,4;36;34,8;9,4;7,2;20;17;20;142;8;2,5;
2019/09/11;2100 UTC;0;982,9;989,6;982,9;212,8;33,6;8,8;34,9;33,6;9,5;7,8;22;19;22;149;5,3;2;
2019/09/11;2200 UTC;0;973,4;982,9;973,4;9,4;32;8,6;33,6;31,9;9,3;7,9;25;20;24;164;3,5;2,4;
2019/09/11;2300 UTC;0;967,5;973,4;967,5;0;32,1;7,7;32,5;31,8;9;7,4;24;21;22;111;3,7;1,8;
2019/09/12;0000 UTC;0;964,3;967,5;964,3;0;27,9;9,8;32,3;27,9;9,8;7,5;32;21;32;21;7,9;3,5;
2019/09/12;0100 UTC;0;956,4;964,3;956,4;0;27,5;13;28,5;27,3;13;9,8;41;31;41;340;6,3;3,9;
2019/09/12;0200 UTC;0;953;956,4;953;0;26,7;15,4;27,7;26,6;15,4;13,2;50;41;50;337;5,5;3,5;
2019/09/12;0300 UTC;0;950,4;953;950,4;0;25;16,2;26,8;24,8;16,2;15,4;58;50;58;359;6;4;
2019/09/12;0400 UTC;0;944,7;950,4;944,7;0;23,8;16,4;25;23,6;16,4;16,1;63;58;63;351;5,1;3,7;
2019/09/12;0500 UTC;0;939,7;944,7;939,7;0;21,7;16,6;23,8;21,6;16,6;16,2;73;63;73;359;4,9;3,7;
2019/09/12;0600 UTC;0;936,4;939,7;936,4;0;21,5;17,1;21,8;21,2;17,1;16,5;76;73;76;353;7,1;5;
2019/09/12;0700 UTC;0;935,2;936,5;935,2;0;20,4;16,8;21,5;20,4;17,2;16,8;80;76;80;355;8,2;5,9;
2019/09/12;0800 UTC;0;933,2;935,2;933,2;0;19,6;16,4;20,5;19,6;16,8;16,3;82;79;82;353;8,2;4,2;
2019/09/12;0900 UTC;0;931,5;933,2;931,5;0;19;16,2;19,7;18,9;16,6;16,1;85;81;84;359;6,5;3,6;
2019/09/12;1000 UTC;0;930;931,6;930;11,8;18,3;16,3;19;18,3;16,4;16,1;88;84;88;6;6,1;5;
2019/09/12;1100 UTC;0;931,4;931,4;930;215,6;18,8;16,7;18,9;18,3;16,9;16,3;89;88;88;358;10,4;7,5;
2019/09/12;1200 UTC;0;935,6;935,6;931,4;487,8;20;16,9;20,2;18,7;17,3;16,7;88;82;82;357;11;7,3;
2019/09/12;1300 UTC;0;940,4;940,4;935,6;807,9;20,6;16,3;20,8;19,7;16,9;16,1;82;76;77;355;11,8;8,4;
2019/09/12;1400 UTC;0;946,4;946,4;940,4;1429,3;22,2;16,5;22,2;20,1;16,6;15,8;77;70;70;8;11,5;7,2;
2019/09/12;1500 UTC;0;951,6;951,6;946,4;1617,4;22,4;16,3;22,9;21,5;16,7;15,6;71;67;68;4;12,3;8,3;
2019/09/12;1600 UTC;0;954,1;954,1;951,6;1530,3;22,4;15,9;23,1;21,7;16,5;15,4;69;65;67;8;12,1;8,5;
2019/09/12;1700 UTC;0;952,8;954,4;952,6;921,4;22,4;15,7;22,9;21,2;16,2;15,2;69;65;66;6;12,8;8,6;
2019/09/12;1800 UTC;0;953,7;953,7;952,8;802,8;22,4;15,1;23;21,8;15,7;14,8;67;62;63;3;12,9;8,9;
2019/09/12;1900 UTC;0;955,2;955,2;953,7;767,3;22,7;14,6;23,3;22,3;15,5;14,3;64;59;60;355;12,2;8,3;
2019/09/12;2000 UTC;0;954,3;955,5;954,3;399,8;21,8;14,5;22,8;21,8;14,9;14,4;64;60;63;355;11,4;8,2;
2019/09/12;2100 UTC;0;949,6;954,3;949,6;55,4;20;14;21,8;20;14,5;14;68;63;68;360;10,8;7,7;
2019/09/12;2200 UTC;0;942,2;949,6;942,2;6,4;17,3;13,8;20;17,3;14,1;13,8;80;68;80;354;11,2;8,2;
2019/09/12;2300 UTC;0;937,2;942,2;937,2;,1;16,8;13,7;17,3;16,8;13,9;13,6;82;80;82;354;11,9;8,4;
2019/09/13;0000 UTC;0;935,7;937,2;935,7;,2;16,5;13,8;16,9;16,5;13,8;13,6;84;82;84;355;11,9;6,1;
2019/09/13;0100 UTC;0;935,7;935,8;935,6;,1;16,5;13,5;16,6;16,5;13,7;13,4;84;82;82;352;9,3;6,3;
2019/09/13;0200 UTC;0;935,8;936,1;935,7;0;16;13,2;16,5;16;13,5;13,2;83;82;83;347;8,7;4,5;
2019/09/13;0300 UTC;0;935,1;935,9;935,1;0;15,6;13;16,1;15,5;13,2;13;85;83;85;347;7,7;5,3;
2019/09/13;0400 UTC;0;934,6;935,2;934,6;0;15,4;12,9;15,6;15,3;13,1;12,8;85;85;85;348;7,4;5,1;
2019/09/13;0500 UTC;0;934,4;934,8;934,4;0;14,9;12,8;15,4;14,8;12,9;12,7;87;85;87;349;7,2;3,9;
2019/09/13;0600 UTC;0;934,4;934,6;934,3;0;14,9;13;15;14,8;13;12,7;88;87;88;349;6,9;4,3;
2019/09/13;0700 UTC;0;934,9;934,9;934,4;0;14,7;13;14,9;14,7;13;12,9;90;88;90;351;6,7;3,9;
2019/09/13;0800 UTC;0;935,2;935,2;934,9;0;14,7;13,2;14,7;14,5;13,2;12,8;91;89;91;355;5,2;3,8;
2019/09/13;0900 UTC;0;936,7;936,7;935,2;0;14,7;13,2;15;14,7;13,4;13,2;91;90;91;352;6;3,8;
2019/09/13;1000 UTC;0;937,1;937,1;936,7;13,4;14,6;13,2;14,7;14,5;13,3;13,1;92;91;91;344;4,7;2,4;
2019/09/13;1100 UTC;0;939,7;939,7;937,1;260;16,1;14,3;16,1;14,6;14,3;13,2;92;89;89;352;4,9;3,7;
2019/09/13;1200 UTC;0;947,1;947,1;939,7;521,2;17,7;14,1;17,8;16;14,5;13,9;89;80;80;356;5,7;3,9;
2019/09/13;1300 UTC;0;955,4;955,4;947,1;992,5;20,1;14,3;20,2;17,5;14,8;13,8;80;69;69;330;5,1;2,1;
2019/09/13;1400 UTC;0;969,8;969,8;955,4;1652,4;23,5;15;23,5;20,1;15,4;14,1;70;58;59;331;4,5;2,1;
2019/09/13;1500 UTC;0;982,2;982,2;969,8;1925,2;26,3;14,8;26,3;23,2;15,4;14;59;49;49;346;4,5;1,5;
2019/09/13;1600 UTC;0;993;993;982,2;2029,9;28,4;14,9;28,4;26;15,3;13,4;51;42;44;290;4,5;,9;
2019/09/13;1700 UTC;0;1000,1;1000,1;993;1947,3;29,4;14,3;29,7;27,6;15,3;13,6;44;39;40;26;4,8;1,4;
2019/09/13;1800 UTC;0;1004,5;1004,5;1000,1;1704;30;15,1;30,7;28,7;15,7;13,7;43;38;40;50;5,6;2,9;
2019/09/13;1900 UTC;0;1002,3;1004,8;1002,3;1315,9;29,7;14,5;30,7;29,5;15,4;14;41;37;40;59;6,5;3,2;
2019/09/13;2000 UTC;0;997,4;1002,2;997,4;811,4;28,9;14,7;29,8;28,9;15,2;14,4;43;39;42;23;6;3,7;
2019/09/13;2100 UTC;0;990,3;997,4;990,3;304,7;27,3;14,8;28,9;27,3;15;14,6;47;42;47;19;5,1;2,1;
2019/09/13;2200 UTC;0;979,8;990,3;979,8;17,8;25,8;14,4;27,3;25,8;14,9;14,4;50;47;50;3;2,7;1,7;
2019/09/13;2300 UTC;0;972,3;979,8;972,3;0;24,2;14,5;25,8;24,2;14,6;14,4;55;50;55;1;2,8;2,2;
2019/09/14;0000 UTC;0;967,1;972,3;967,1;0;22,7;14,5;24,2;22,6;14,7;14,3;60;55;60;356;4,2;2,8;
2019/09/14;0100 UTC;0;963,2;967,1;963,2;0;22,2;14,7;23;22;14,8;14,4;63;59;63;343;3,6;2,1;
2019/09/14;0200 UTC;0;961,3;963,2;961,3;0;22,3;14,6;22,4;21,7;14,8;14,5;64;62;62;327;4,1;2,6;
2019/09/14;0300 UTC;0;961,1;961,5;961,1;0;22,2;14,3;22,3;22;14,6;14,3;62;61;61;335;4,1;1,8;
2019/09/14;0400 UTC;0;960,4;961,3;960,4;0;21,4;14,7;22,2;21,3;14,8;14,3;66;61;66;303;4,9;1,9;
2019/09/14;0500 UTC;0;960,8;960,8;960,3;0;22,6;14,9;22,6;21,4;15,1;14,8;66;62;62;269;7,6;3,3;
2019/09/14;0600 UTC;0;962,5;962,5;960,8;0;22,8;14,7;22,9;22,4;14,9;14,6;62;60;60;241;4,9;3;
2019/09/14;0700 UTC;0;961,6;962,9;961,6;0;21,6;15,4;22,8;21,4;15,5;14,7;68;60;68;208;5,6;3,4;
2019/09/14;0800 UTC;0;960,1;961,6;960,1;0;21;16;21,9;20,9;16;15,5;73;67;73;198;7,5;4;
2019/09/14;0900 UTC;0;958,9;960,2;958,9;0;20,6;15,9;21,1;20,6;16;15,9;74;72;74;199;7,5;3,7;
2019/09/14;1000 UTC;0;957,6;958,9;957,5;16,1;20,3;15,8;20,6;20,2;15,9;15,7;76;75;75;193;7,1;4,5;
2019/09/14;1100 UTC;0;959,3;959,3;957,6;242,6;21,1;15,7;21,2;20,3;15,9;15,6;76;71;71;191;7,5;4,6;
2019/09/14;1200 UTC;0;965,3;965,3;959,3;800,5;22,3;15,3;22,3;21,1;15,9;15,2;72;64;65;191;10;6,2;
2019/09/14;1300 UTC;0;972,5;972,5;965,3;1296,1;24;15,1;24,2;22,3;15,7;14,8;65;56;58;190;11,3;7,6;
2019/09/14;1400 UTC;0;980,1;980,1;972,5;1707,7;25,5;15,1;25,8;24;15,7;14,8;58;52;53;187;11,4;6,5;
2019/09/14;1500 UTC;0;987,9;987,9;980,1;2001,4;28,1;15,1;28,1;25,5;16,4;14,6;54;45;45;170;9,9;5,5;
2019/09/14;1600 UTC;0;996,3;996,3;987,9;2102;30,2;14,6;30,6;27,8;15,4;14;45;37;39;174;8,9;5;
2019/09/14;1700 UTC;0;1002,6;1002,6;996,3;2010,6;31,4;15,5;31,4;30,2;15,8;13,5;40;35;38;132;8,9;3,3;
2019/09/14;1800 UTC;0;1005,8;1005,8;1002,6;1741,2;32,3;13,7;32,4;31,1;16,3;13,1;39;31;32;160;7,6;3,9;
2019/09/14;1900 UTC;0;1006,5;1006,8;1005,8;1295,1;32,6;12,8;32,8;32;14,9;12,8;35;30;30;171;7,6;3,8;
2019/09/14;2000 UTC;0;1004;1006,6;1004;774;31,4;15,2;32,7;31,4;15,2;12,4;38;29;38;149;6,5;2,2;
2019/09/14;2100 UTC;0;995;1004;995;226,6;29,2;15,4;31,4;29,2;16;15,1;43;38;43;93;3,8;1,4;
2019/09/14;2200 UTC;0;983,1;995;983,1;17,2;28,7;14,7;29,6;28,6;15,3;13,6;43;38;43;356;3,1;0;
2019/09/14;2300 UTC;0;976,6;983,1;976,6;0;28,5;14;29;28,5;14,7;13,4;43;39;41;162;1,8;1;
2019/09/15;0000 UTC;0;974,2;976,6;974,2;0;28,5;13,7;28,7;28,3;14;13,6;41;40;40;156;2;1,3;
2019/09/15;0100 UTC;0;972,1;974,3;972,1;0;26,1;15;28,6;26,1;15,1;13,7;50;40;50;192;5,2;3,3;
2019/09/15;0200 UTC;0;970,2;972,1;970,1;0;26,9;13;27,2;25,9;15;12,9;51;42;42;198;6,3;3,5;
2019/09/15;0300 UTC;0;970,4;970,5;970,2;0;27,1;12,4;27,5;26,6;12,9;12,4;43;40;40;201;7,7;4,4;
2019/09/15;0400 UTC;0;971;971,1;970,4;0;26,5;12,6;27,3;26,4;12,6;12,3;42;40;42;201;8,6;4,7;
2019/09/15;0500 UTC;0;969,3;971,1;969,3;0;26,4;13,2;26,6;25,8;13,2;12,7;45;42;44;207;8,6;5,1;
2019/09/15;0600 UTC;0;968;969,5;968;0;25,5;13,6;26,4;25,5;13,7;13,2;48;44;48;206;10,7;6,1;
2019/09/15;0700 UTC;0;965,6;968;965,6;0;24,9;14,2;25,6;24,9;14,2;13,6;51;48;51;201;11,2;6,6;
2019/09/15;0800 UTC;0;964;965,6;964;0;24,5;14,4;25,1;24,5;14,5;14,2;53;51;53;199;13;6,9;
2019/09/15;0900 UTC;0;962,3;964,1;962,3;0;24,1;14,5;24,7;24;14,6;14,4;55;53;55;196;13;6,1;
2019/09/15;1000 UTC;0;959,8;962,3;959,8;14,8;23,2;14,8;24,1;23;14,9;14,5;60;55;59;189;9,5;4,7;
2019/09/15;1100 UTC;0;960,3;960,3;959,4;282,9;23,5;15,3;23,6;23,1;15,3;14,8;60;59;60;191;9,6;6,2;
2019/09/15;1200 UTC;0;964,3;964,3;960,3;677,1;24,8;15,4;24,9;23,5;15,8;15,1;60;56;56;191;12,8;7,6;
2019/09/15;1300 UTC;0;970,8;970,8;964,3;1176,1;25,9;15,4;26,4;24,8;16;15,1;56;51;52;190;12,1;6,6;
2019/09/15;1400 UTC;0;978,8;978,8;970,9;1641,6;28,4;15,9;28,4;25,9;16,5;15,2;53;46;47;182;9,9;6,4;
2019/09/15;1500 UTC;0;987,8;987,8;978,8;1950,5;31,6;14,9;31,6;28,4;16,6;13,8;47;34;36;183;10,6;6,7;
2019/09/15;1600 UTC;0;997,5;997,5;987,8;2064,9;33,8;11,8;34,3;31,5;14,9;11,4;37;25;26;175;11,2;6,1;
2019/09/15;1700 UTC;0;1003,9;1003,9;997,5;1961,6;34,9;10,1;35,3;33,8;12,2;10;26;22;22;161;12,7;7;
2019/09/15;1800 UTC;0;1006,4;1006,4;1003,9;1721,3;35,4;10,9;35,9;34,9;11,7;9,5;24;20;23;147;11,6;5,5;
2019/09/15;1900 UTC;0;1005,9;1006,8;1005,9;1314;35,7;11,5;35,9;35,2;12,1;10,1;25;21;23;158;9,7;4,7;
2019/09/15;2000 UTC;0;1003,3;1006;1003,3;828,5;35,3;10,9;35,8;35,3;11,7;10;24;21;23;170;8,9;3,8;
2019/09/15;2100 UTC;0;997,7;1003,3;997,7;313,7;33,9;10,3;35,4;33,9;11;10,1;24;22;24;190;6,4;2,9;
2019/09/15;2200 UTC;0;987,1;997,7;987,1;18;32,5;9,9;33,9;32,3;10,6;9,9;26;24;25;207;4,6;2,7;
2019/09/15;2300 UTC;0;978,5;987,1;978,5;0;30,8;10,1;32,5;30,8;10,4;9,9;28;25;28;212;5,3;3,5;
2019/09/16;0000 UTC;0;974,5;978,5;974,5;0;30,3;9,1;31;30,3;10,1;9,1;28;26;27;202;7,1;4,3;
2019/09/16;0100 UTC;0;972,5;974,5;972,5;0;29,9;8,1;30,5;29,8;9,1;7,9;27;25;26;194;8;4,6;
2019/09/16;0200 UTC;0;970;972,6;970;0;29,3;7,5;30;29;8;7,4;26;25;25;201;8,4;4,9;
2019/09/16;0300 UTC;0;966,4;970;966,4;0;28,3;7,6;29,3;28;7,8;7,3;28;25;27;198;8,4;3,6;
2019/09/16;0400 UTC;0;963,2;966,4;963,2;0;26,5;7,9;28,3;26,5;8,1;7,5;31;27;31;183;6,2;3;
2019/09/16;0500 UTC;0;960;963,2;960;0;26,5;8,1;27,8;26,1;8,6;7,7;33;28;31;179;6,8;3,4;
2019/09/16;0600 UTC;0;955,5;960;955,5;0;24,6;9,3;26,5;24,6;9,3;8;38;31;38;125;4,4;2,1;
2019/09/16;0700 UTC;0;949,8;955,5;949,8;0;23,5;11,7;24,6;22,9;12,9;9,7;52;38;48;170;4,6;2,1;
2019/09/16;0800 UTC;0;947,9;949,8;947,8;0;23,9;11,7;24,3;23,3;11,9;11,4;48;44;46;175;4,9;3,4;
2019/09/16;0900 UTC;0;948,2;948,2;947,9;0;23,9;10,6;24;23,3;11,6;10,5;48;43;43;191;4,8;3,1;
2019/09/16;1000 UTC;0;949,3;949,3;948,2;18,2;24,3;10,2;24,4;23,9;10,5;10,1;43;40;41;198;5;3,4;
2019/09/16;1100 UTC;0;953,7;953,7;949,3;291,4;26,2;10,6;26,2;24,2;11,6;10,2;44;38;38;196;6;3,4;
2019/09/16;1200 UTC;0;964,5;964,5;953,7;782,2;29,1;9,2;29,1;26,2;11,3;9;39;29;29;181;6,5;3,8;
2019/09/16;1300 UTC;0;976,4;976,4;964,5;1299,7;31,1;7,6;31,4;29,1;10;7,4;30;23;23;158;9,8;5,9;
2019/09/16;1400 UTC;0;985;985;976,4;1655,2;33,1;6,7;33,1;30,9;9,3;6,3;25;19;19;157;11;6,8;
2019/09/16;1500 UTC;0;991;991;985;1879,3;33,4;8,6;33,6;32,7;9,5;6,2;23;19;22;155;11,2;5,7;
2019/09/16;1600 UTC;0;994,8;994,8;991;1999,7;34,6;8,1;35,3;33,2;10,3;7;24;18;20;162;10,2;6,1;
2019/09/16;1700 UTC;0;998;998;994,8;1923,3;36,2;7,9;36,2;34,6;9,3;7,5;21;17;18;169;9,6;6,1;
2019/09/16;1800 UTC;0;1001,1;1001,1;998;1677;37,4;6,4;37,4;36;8,7;5,1;19;14;15;162;10,7;5,7;
2019/09/16;1900 UTC;0;1001,1;1001,7;1001,1;1316;36,9;5,4;37,5;36,9;6,4;3,9;15;13;14;163;10,8;5,7;
2019/09/16;2000 UTC;0;997,9;1001,1;997,9;830,9;36,3;4,8;36,9;36,2;6,1;4;16;13;14;179;10,2;5,2;
2019/09/16;2100 UTC;0;990,3;997,9;990,3;293,5;34,1;5,8;36,3;34,1;6,1;4,7;17;14;17;188;7,8;3,1;
2019/09/16;2200 UTC;0;977,8;990,3;977,8;22,3;32;6,1;34,2;31,9;6,5;5,6;20;17;20;195;5,3;3,2;
2019/09/16;2300 UTC;0;969,9;977,8;969,9;0;30,9;5,7;32;30,9;6,4;5,6;21;20;20;198;6,5;3,8;
2019/09/17;0000 UTC;0;965,6;969,9;965,6;0;30,4;4,9;30,9;29,9;6;4,7;22;20;20;184;6,8;4,9;
2019/09/17;0100 UTC;0;963,6;965,7;963,6;0;28,9;5,3;30,4;28,9;5,3;4,7;22;20;22;183;6,7;4;
2019/09/17;0200 UTC;0;961,6;963,6;961,6;0;29,1;4;29,8;28,7;5,3;3,8;22;19;20;180;7,7;4,6;
2019/09/17;0300 UTC;0;958,9;961,6;958,9;0;27,8;3,8;29,1;27,8;4,3;3,5;22;20;22;177;7,1;4,3;
2019/09/17;0400 UTC;0;957,8;958,9;957,7;0;27,9;3,4;29,1;27,8;4;2,6;22;18;21;179;7,1;4,5;
2019/09/17;0500 UTC;0;953,5;958;953,5;0;23,5;9,5;28,1;23,5;9,5;3,2;41;20;41;96;6,2;2,7;
2019/09/17;0600 UTC;0;948,3;953,5;948,1;0;24,1;7,2;26,4;23,3;10;6;43;28;34;158;8,1;3,2;
2019/09/17;0700 UTC;0;943;948,4;943;0;23,4;8,6;24,2;22,7;9,1;7,1;42;34;39;178;5;3,5;
2019/09/17;0800 UTC;0;941,3;943;941;0;23,9;5,4;24,4;22,7;8,7;5,3;40;30;30;186;5,5;4;
2019/09/17;0900 UTC;0;944,9;944,9;941,3;0;25,3;4,5;25,3;23,9;5,5;4,4;30;26;26;185;6;4,7;
2019/09/17;1000 UTC;0;948,5;948,5;945;20;25,2;4,8;26;24,8;4,8;3,8;27;24;27;189;6,5;3,7;
2019/09/17;1100 UTC;0;947,2;949,2;947,1;251,7;24,8;8,1;25,3;22;8,7;4,5;43;26;35;58;7,4;2,2;
2019/09/17;1200 UTC;0;955,7;955,7;947,2;653,4;27,1;9,3;27,2;24,6;9,3;5,9;36;25;33;183;4,4;2,3;
2019/09/17;1300 UTC;0;964,9;964,9;955,7;1074,9;30,3;5,4;30,3;27,1;8,7;5,2;33;20;21;141;6;3,8;
2019/09/17;1400 UTC;0;975,1;975,1;964,9;1459,1;32,1;8,7;32,1;30,2;8,7;5;25;20;24;150;6;3,3;
2019/09/17;1500 UTC;0;983;983;975,1;1699,9;33,7;9,8;33,7;32;9,8;7,4;24;21;23;146;6,4;3,7;
2019/09/17;1600 UTC;0;988,2;988,2;983;1812,9;34,3;4,4;34,7;33,4;9,6;4,2;23;15;15;142;9,3;6;
2019/09/17;1700 UTC;0;990,8;990,8;988,2;1774,1;35,2;7,9;35,3;34,2;8,8;4;20;15;19;123;9;3,8;
2019/09/17;1800 UTC;0;992;992;990,8;1529,6;35,4;6,5;35,7;34,9;8,7;5,7;20;16;17;139;7,6;4,3;
2019/09/17;1900 UTC;0;991,7;992,4;991,7;1086;35,8;4,1;35,9;35,5;7;3,8;18;14;14;136;7,4;3,1;
2019/09/17;2000 UTC;0;988,9;991,8;988,9;579,9;35;6,9;35,8;35;7;3,7;18;14;18;80;5,3;1,6;
2019/09/17;2100 UTC;0;978,5;988,9;978,5;188,3;30,7;17,5;35;30,7;17,6;7,5;45;18;45;6;7,7;5;
2019/09/17;2200 UTC;0;962,6;978,5;962,6;12,4;27,2;17,6;30,7;27,2;18,1;17,5;56;45;56;357;9,8;7,3;
2019/09/17;2300 UTC;0;951,4;962,6;951,4;0;25,1;17,3;27,2;24,9;17,7;17,2;62;56;62;354;9,5;7,2;
2019/09/18;0000 UTC;0;944,4;951,4;944,4;0;22,9;17,3;25,1;22,9;17,4;17;70;62;70;350;9,8;6;
2019/09/18;0100 UTC;0;938,6;944,4;938,6;0;21,4;16,7;22,9;21,4;17,4;16,7;75;71;75;354;9,4;6,2;
2019/09/18;0200 UTC;0;934,6;938,6;934,6;0;20,5;16,7;21,4;20,5;16,8;16,6;79;75;79;349;8,4;5,9;
2019/09/18;0300 UTC;0;932;934,6;932;0;19,4;16,6;20,5;19,4;16,8;16,5;84;79;84;354;7,6;3,7;
2019/09/18;0400 UTC;0;929,6;932;929,6;0;18,4;16,4;19,4;18,4;16,7;16,3;88;84;88;348;5;3,1;
2019/09/18;0500 UTC;0;927,6;929,6;927,6;0;17,7;16,1;18,5;17,7;16,5;16;90;88;90;5;3,8;2,4;
2019/09/18;0600 UTC;0;926,4;927,6;926,4;0;17,2;15,8;17,8;17,2;16,3;15,8;91;90;91;354;4,3;2,7;
2019/09/18;0700 UTC;0;926,8;926,8;926,4;0;17,6;15,9;17,7;17,2;16,3;15,8;92;90;90;350;5,9;4;
2019/09/18;0800 UTC;0;927,4;927,4;926,8;0;17,4;15,6;17,7;17,3;16;15,6;90;89;89;343;6,1;3,5;
2019/09/18;0900 UTC;0;928;928;927,4;0;17,5;15,9;17,5;17,2;15,9;15,5;90;89;90;346;8,5;5,7;
2019/09/18;1000 UTC;0;929,6;929,6;928;6,5;17,8;15,8;17,8;17,4;15,9;15,7;90;88;88;345;9,9;7;
2019/09/18;1100 UTC;0;932,8;932,8;929,6;182,5;18,9;15,6;18,9;17,8;15,7;15,4;88;81;81;343;9,9;4,7;
2019/09/18;1200 UTC;0;938,4;938,4;932,8;508,2;20;15,6;20,1;18,8;16;15,3;81;76;76;355;7,7;5,7;
2019/09/18;1300 UTC;0;945,8;945,8;938,4;1024,8;21,5;15,4;22,1;19,9;16,3;15,3;76;67;68;4;7,5;4,2;
2019/09/18;1400 UTC;0;955,2;955,2;945,8;1293,9;23,9;15,6;23,9;21,5;16,3;15,1;69;59;60;17;6,3;2,6;
2019/09/18;1500 UTC;0;962,1;962,1;955,2;1273,3;25,5;16;25,6;23,7;16,4;15,1;61;55;56;44;5,9;2,6;
2019/09/18;1600 UTC;0;965,5;965,6;962,1;1243,1;25,2;14,4;26,3;24,7;16,3;14,1;56;50;51;354;9,9;5,6;
2019/09/18;1700 UTC;0;966,2;967;965,5;1136;24,7;14,9;26,3;24,3;15,3;14,2;55;49;55;13;9,7;4,5;
2019/09/18;1800 UTC;0;964,4;966,2;964,3;771;24,3;14,7;25,1;24,2;15,4;14,6;56;53;55;354;9,2;2,9;
2019/09/18;1900 UTC;0;961,7;964,5;961,7;468,7;23,7;15,4;24,7;23,4;15,4;14,7;60;55;60;348;7,8;5,1;
2019/09/18;2000 UTC;0;959,1;961,7;959,1;329,5;23,5;14,5;23,9;23,5;15,3;14,4;60;56;57;356;7,8;2,8;
2019/09/18;2100 UTC;0;955,8;959,1;955,8;64,5;22;15,6;23,5;22;15,6;14,5;67;57;67;358;4,5;2,2;
2019/09/18;2200 UTC;0;949,9;955,8;949,9;12;20,9;15,7;22,1;20,9;16;15,5;73;66;72;298;4,5;1,3;
2019/09/18;2300 UTC;0;946;949,9;946;0;20,5;15,7;21,1;20,4;15,8;15,4;74;71;74;294;2,5;1,4;
2019/09/19;0000 UTC;0;944,5;946;944,5;0;20,2;15,7;20,6;20,1;15,9;15,5;75;73;75;310;3,1;1,9;
2019/09/19;0100 UTC;0;944,4;944,6;944,4;0;20,8;16;20,8;20,2;16,3;15,7;77;74;74;261;4,1;1,8;
2019/09/19;0200 UTC;0;946,4;946,4;944,4;0;21,3;15,3;21,8;20,8;16,1;14,8;74;65;69;314;2,6;1,3;
2019/09/19;0300 UTC;0;947,7;947,7;946,5;0;20,5;15,6;21,6;20,4;15,6;15;73;67;73;278;2,4;,9;
2019/09/19;0400 UTC;0;947;947,9;947;0;20,5;15,7;20,8;20,4;15,8;15,6;74;72;74;204;2,8;1,5;
2019/09/19;0500 UTC;0;946,8;947,1;946,8;0;20,7;15,1;21;20,5;15,7;15;74;68;70;206;2,7;1,9;
2019/09/19;0600 UTC;0;945,7;947,1;945,7;0;19,9;15,1;20,7;19,1;15,7;14,7;79;70;74;198;2,9;2;
2019/09/19;0700 UTC;0;945,3;945,9;945,3;0;19,3;15,7;19,9;19,2;15,7;15,1;80;74;80;184;4,6;3;
2019/09/19;0800 UTC;0;945;945,5;945;0;20;15,3;20;19,1;15,8;15,3;81;75;75;218;4,3;1,5;
2019/09/19;0900 UTC;0;946;946;945;0;19,6;15,6;20,2;19,5;15,6;15,1;78;74;78;186;4,1;2,5;
2019/09/19;1000 UTC;,2;946,4;946,4;946;7,1;19,3;16,1;19,7;19,1;16,1;15,6;82;78;82;207;5,4;3,6;
2019/09/19;1100 UTC;,2;947,6;947,6;946,4;97,9;19,6;16,5;20;19,3;16,7;16,1;82;80;82;110;5,5;2,3;
2019/09/19;1200 UTC;2,8;948,1;948,1;947,1;173,1;21,1;17,9;21,1;18,5;18,2;16,3;90;82;82;115;9,8;2,7;
2019/09/19;1300 UTC;3;951,5;951,5;948,1;265,1;21,5;18,8;21,5;20;18,8;17,4;86;80;85;188;6,5;2,7;
2019/09/19;1400 UTC;1,2;954,2;954,2;951,5;205,1;20,4;17,8;21,7;20,4;18,7;17,5;85;80;85;165;6,6;1,2;
2019/09/19;1500 UTC;,2;958;958;954,2;743,3;22,6;18,6;22,6;20,4;19,2;17,7;88;77;78;181;4,5;3,5;
2019/09/19;1600 UTC;0;965,1;965,1;958;1134,5;25;19;25,2;22,6;20;18,6;81;69;70;191;6,4;4,3;
2019/09/19;1700 UTC;0;973,4;973,4;965,1;1388;26,6;19;26,9;25;20,4;18,7;71;63;63;178;8,5;5,8;
2019/09/19;1800 UTC;0;979,6;979,6;973,4;1404,9;28;19,1;28;26,3;19,8;18,8;66;59;59;186;8,8;6;
2019/09/19;1900 UTC;0;984,9;984,9;979,6;1182,7;29,5;19,3;29,6;27,9;19,9;18,9;60;53;54;185;8,8;4;
2019/09/19;2000 UTC;0;987,1;987,1;984,9;668,3;29,5;19,4;29,8;29,2;19,8;19;56;53;55;192;6,6;3,7;
2019/09/19;2100 UTC;0;983,3;987,3;983,3;159,9;28,5;19,2;29,6;28,5;19,5;19;58;53;57;199;5,6;3,6;
2019/09/19;2200 UTC;0;976,9;983,3;976,9;11,6;27;19,4;28,5;27;19,5;19,2;63;57;63;196;6,4;3,5;
2019/09/19;2300 UTC;0;971,8;976,9;971,8;0;26,5;19;27;26,4;19,5;18,9;64;63;63;189;5,9;4,2;
2019/09/20;0000 UTC;0;968,9;971,8;968,9;0;25,6;18,8;26,5;25,5;19;18,8;67;63;66;192;6,8;3,6;
2019/09/20;0100 UTC;0;967,3;968,9;967,2;0;25,9;19,2;26,5;25,5;19,3;18,5;67;63;67;358;14,7;8,1;
2019/09/20;0200 UTC;0;966;967,7;966;0;24,4;19,6;27,3;24,4;19,7;18,7;75;61;75;207;14,7;2,8;
2019/09/20;0300 UTC;0;962;966;962;0;23,7;19,4;24,4;23,6;19,7;19,4;78;75;77;296;5,2;2,3;
2019/09/20;0400 UTC;0;959,5;962;959,4;0;23,7;18,6;23,8;23,4;19,3;18,5;78;73;73;268;5;1,4;
2019/09/20;0500 UTC;0;958,6;959,5;958,5;0;24,2;17,6;24,4;23,3;18,6;17,5;74;66;67;296;3,1;,8;
2019/09/20;0600 UTC;0;957,1;958,8;957,1;0;23,2;18,6;24,2;22,3;18,9;17,6;81;67;76;254;1,9;,6;
2019/09/20;0700 UTC;0;956,3;957,1;956,3;0;21,9;18,9;24,4;21,9;19,2;18,1;83;68;83;59;4;1,3;
2019/09/20;0800 UTC;0;953,8;956,3;953,8;0;21,6;20;21,9;21,4;20;18,9;90;83;90;95;4,5;1,5;
2019/09/20;0900 UTC;2,2;952,5;953,9;952,5;0;21,5;19,7;22,1;21,3;20,1;19,3;90;88;90;214;6,4;2,9;
2019/09/20;1000 UTC;1,8;953;953;952,5;1,9;22,6;18,1;23,4;21,5;19,7;17,7;90;71;76;89;10,7;,9;
2019/09/20;1100 UTC;2;952,9;953,2;952,6;48,3;22;18,7;22,7;21,3;19,2;17,9;87;75;82;167;8,5;5,2;
2019/09/20;1200 UTC;0;956,9;956,9;952,9;443,7;23,1;19,1;23,2;22;19,6;18,7;83;78;78;190;8,1;4,4;
2019/09/20;1300 UTC;0;963;963;956,9;703,5;25,2;19,8;25,2;23,1;20,1;19,1;80;72;72;173;6,1;4,3;
2019/09/20;1400 UTC;0;973,2;973,2;963;1369;26,3;18,4;26,9;25,2;20;18,3;72;60;62;130;7,1;4,2;
2019/09/20;1500 UTC;0;980,1;980,1;973,2;1599,5;27,7;20,7;27,7;26,3;20,7;18,6;68;61;65;123;6,3;3,5;
2019/09/20;1600 UTC;0;987,7;987,7;980,1;1634,4;27,9;20,8;29,2;27,7;21,6;19,9;66;60;65;103;6,4;2,2;
2019/09/20;1700 UTC;0;988,4;988,5;987,7;1161;28,7;20,9;29,4;27,6;21,7;19,9;69;58;63;35;5,6;3,6;
2019/09/20;1800 UTC;,2;983,3;988,5;983,3;732,9;28;21,5;28,9;27,5;21,8;20,4;70;62;68;2;8,5;6,5;
2019/09/20;1900 UTC;0;978,2;983,3;978,2;759,2;26,8;20,1;28;26,4;21,4;20,1;70;65;67;355;10,9;7,7;
2019/09/20;2000 UTC;0;972,1;978,2;972,1;573,7;25,7;19,2;26,8;25,5;20,2;18,9;70;67;67;351;12,4;8,1;
2019/09/20;2100 UTC;0;968,4;972,1;968,4;228,1;25;19,1;25,7;25;19,4;19,1;70;67;69;350;12;6,2;
2019/09/20;2200 UTC;0;963,2;968,4;963,2;19,6;23,7;19,3;25;23,7;19,3;19;77;69;77;346;10,8;5,7;
2019/09/20;2300 UTC;0;958,8;963,2;958,8;0;23;18,8;23,7;22,9;19,5;18,8;79;77;78;340;8,8;4;
2019/09/21;0000 UTC;0;956,2;958,8;956,2;0;22,5;18;23;22,2;18,8;18;79;76;76;349;6,6;4,7;
2019/09/21;0100 UTC;0;954,7;956,2;954,7;0;21,8;17,8;22,5;21,7;17,9;17,7;78;75;78;353;6,7;4,5;
2019/09/21;0200 UTC;0;953,1;954,7;953,1;0;21,2;17,8;21,8;21,2;17,8;17,7;81;78;81;341;7,3;3,6;
2019/09/21;0300 UTC;0;951,6;953,1;951,6;0;21;17,9;21,3;20,9;18;17,7;83;81;83;355;5,3;3,9;
2019/09/21;0400 UTC;0;950,8;951,8;950,8;0;20,4;17,7;21;20,4;17,9;17,7;85;83;85;346;5,2;2,7;
2019/09/21;0500 UTC;0;949,6;950,9;949,6;0;20,1;17,7;20,4;20;17,9;17,7;86;85;86;1;4,2;2,9;
2019/09/21;0600 UTC;0;949,2;949,7;949,1;0;20,2;17,8;20,3;19,9;18;17,6;88;86;86;353;3,8;2,5;
2019/09/21;0700 UTC;0;949,8;949,9;949,2;0;19,8;17,8;20,4;19,7;17,9;17,6;88;84;88;3;4,9;3,8;
2019/09/21;0800 UTC;0;949,3;949,9;949,2;0;19,8;17,7;19,9;19,6;17,9;17,6;89;87;88;357;5,9;3;
2019/09/21;0900 UTC;0;949,8;949,8;949,3;0;19,5;16,6;19,9;19,5;17,7;16,6;88;83;83;347;6,4;4,3;
2019/09/21;1000 UTC;0;949,9;950,1;949,8;30,9;19,3;16,2;19,6;19,2;16,6;16,1;84;82;82;357;6,9;5,2;
2019/09/21;1100 UTC;0;951,1;951,1;949,9;182,7;19,6;15,9;19,7;19,3;16,4;15,8;82;79;79;349;7,4;4,3;
2019/09/21;1200 UTC;0;955,4;955,4;951,1;624;21;16,1;21;19,5;16,6;15,8;80;74;74;317;6;3,2;
2019/09/21;1300 UTC;0;964,7;964,7;955,4;1240,9;22,6;16,7;23,1;21;17,4;16;74;68;70;331;5,1;3,4;
2019/09/21;1400 UTC;0;971,7;971,7;964,7;1269,9;24,5;17,8;24,7;22,4;18,1;16,7;72;65;66;316;5,1;2,8;
2019/09/21;1500 UTC;0;979,4;979,4;971,7;1437,5;25,6;18,7;26;24,2;19,3;17,8;69;64;65;335;6,7;2,7;
2019/09/21;1600 UTC;0;985,4;985,4;979,4;1924,3;27,2;18,4;27,6;25,6;19,2;17,9;66;58;59;311;7,1;3,9;
2019/09/21;1700 UTC;0;989,6;989,6;985,4;1756,2;27,9;17,8;28,3;26,7;19,3;17,5;62;54;54;317;7,1;3,3;
2019/09/21;1800 UTC;0;990,1;990,6;989,6;1191,8;27,5;17,9;29;27,3;19;17,4;58;53;56;300;6,7;3,4;
2019/09/21;1900 UTC;0;989,6;990,5;989,6;1071,5;28;18,6;29;27,5;19,1;17,8;58;54;57;288;6,4;2,8;
2019/09/21;2000 UTC;0;987,3;989,6;987,3;735,8;27,5;18,2;28,4;27,5;18,8;17,9;57;54;57;270;5,9;3,9;
2019/09/21;2100 UTC;0;982,2;987,3;982,2;296,7;26,4;19;27,7;26,4;19,1;17,9;64;56;64;254;5,7;3,3;
2019/09/21;2200 UTC;0;973,5;982,2;973,5;19,8;25;19,4;26,4;24,9;19,5;18,9;72;64;71;256;5,3;3,5;
2019/09/21;2300 UTC;0;967,8;973,5;967,8;0;24,1;19,4;25;24;19,5;19,4;75;71;75;253;5,6;3,4;
2019/09/22;0000 UTC;0;964,4;967,8;964,4;0;23,6;19,3;24,1;23,5;19,4;19,2;77;75;77;268;6,9;4,4;
2019/09/22;0100 UTC;0;963,3;964,4;963,3;0;22,9;18,8;23,7;22,9;19,4;18,7;78;75;78;262;7,4;4,4;
2019/09/22;0200 UTC;0;959,8;963,3;959,8;0;21,8;17,5;22,9;21,8;18,7;17,5;80;76;76;255;8,4;5,3;
2019/09/22;0300 UTC;0;956,7;959,8;956,7;0;21;17;21,8;21;17,4;17;79;76;78;258;8,4;4,3;
2019/09/22;0400 UTC;0;954,8;956,7;954,8;0;20,4;16,2;21;20,4;17;16,2;78;76;77;255;6,8;3,4;
2019/09/22;0500 UTC;0;952,5;954,9;952,5;0;19,3;16,2;20,4;19,3;16,3;16,1;82;77;82;311;6,2;2,2;
2019/09/22;0600 UTC;0;950;952,5;950;0;18,7;15,8;19,3;18,7;16,3;15,8;84;82;83;271;5,4;3;
2019/09/22;0700 UTC;0;948,1;950;948,1;0;18,1;15,2;18,7;18,1;15,8;15,2;83;83;83;286;5,4;3,5;
2019/09/22;0800 UTC;0;946,4;948,1;946,4;0;17,4;14,6;18,1;17,4;15,2;14,5;84;83;84;303;5,5;1,6;
2019/09/22;0900 UTC;0;944,8;946,4;944,8;0;17;14,2;17,5;16,9;14,7;14,2;84;84;84;292;5;3,3;
2019/09/22;1000 UTC;0;944;944,8;943,9;30,7;16,9;14,1;17,1;16,7;14,3;14;84;83;84;287;5;2,7;
2019/09/22;1100 UTC;0;948,3;948,3;944;382,4;18,7;14,3;18,7;16,9;14,6;14,1;84;75;76;281;4,9;2,8;
2019/09/22;1200 UTC;0;957,8;957,8;948,3;923,3;20,2;14,7;20,5;18,7;15,2;14,2;76;69;70;287;4,8;3;
2019/09/22;1300 UTC;0;967,2;967,2;957,8;1460,8;22,2;15;22,3;20,2;15,5;14,3;71;63;64;285;5,1;2,7;
2019/09/22;1400 UTC;0;977,3;977,3;967,2;1887,1;24,1;15,4;24,8;22,1;15,8;14,5;65;55;58;219;5,6;2,1;
2019/09/22;1500 UTC;0;986;986;977,4;2165,8;26,3;15,4;26,4;24;15,8;13,9;59;47;51;291;6,1;2,7;
2019/09/22;1600 UTC;0;991,1;991,1;986;2285,6;27,7;12,6;28;25,9;15,3;10,1;51;33;39;278;8,3;4;
2019/09/22;1700 UTC;0;994,7;994,7;991,1;2224,7;28,9;9,4;28,9;27;13,6;7,4;42;27;30;307;8,5;4,7;
2019/09/22;1800 UTC;0;995,6;995,7;994,7;1983,7;28,7;6,6;29,2;27,9;9,8;4,9;31;21;25;324;8,9;4,8;
2019/09/22;1900 UTC;0;995,1;995,8;995;1573,6;28,6;7,3;29,5;28,3;9,3;6,7;29;25;26;304;11,5;4,7;
2019/09/22;2000 UTC;0;993,5;995,2;993,5;1033,8;28,5;7,9;29,3;28,4;8,7;7,1;29;25;27;277;9,9;4,1;
2019/09/22;2100 UTC;0;989,1;993,5;989,1;439,4;27,7;6,7;28,7;27,6;8,4;6,7;28;26;26;280;7,3;4,2;
2019/09/22;2200 UTC;0;979,7;989,1;979,7;32,5;25,2;8,1;27,7;25,2;8,1;6,8;34;26;34;294;6,3;3,2;
2019/09/22;2300 UTC;0;972,8;979,7;972,8;0;24,6;6,2;25,6;24,5;8,2;6,1;34;30;31;283;8,3;4,7;
2019/09/23;0000 UTC;0;968,9;972,8;968,9;0;23,3;11;24,6;23,2;11,3;6,2;47;31;46;242;9,2;4,9;
2019/09/23;0100 UTC;0;964,5;968,9;964,5;0;21,7;10,7;23,3;21,7;11,3;10,7;50;46;50;240;11;6;
2019/09/23;0200 UTC;0;959,4;964,5;959,4;0;20,3;10,4;21,7;20,3;10,7;9,9;53;48;53;230;12;5;
2019/09/23;0300 UTC;0;954,9;959,4;954,9;0;19,4;10,5;20,3;19,4;10,6;10,3;57;53;57;226;9,8;4,7;
2019/09/23;0400 UTC;0;953,1;954,9;953,1;0;19,4;9,8;19,6;19,3;10,5;9,8;57;53;54;230;10,4;5,4;
2019/09/23;0500 UTC;0;952,1;953,3;952,1;0;18,8;10;19,5;18,5;10;9,6;57;53;57;221;10,4;4,8;
2019/09/23;0600 UTC;0;950,9;952,1;950,9;0;18,1;11,1;18,9;18,1;11,1;10;64;57;64;215;11,7;6;
2019/09/23;0700 UTC;0;949;950,9;949;0;17,2;11,5;18,1;17,2;11,6;11,1;69;64;69;220;11;4,4;
2019/09/23;0800 UTC;0;946,3;949;946,3;0;16,5;11,4;17,3;16,4;11,6;11,4;72;69;72;216;10,5;6;
2019/09/23;0900 UTC;0;944,5;946,4;944,5;0;15,4;11;16,5;15,4;11,4;10,9;75;72;75;225;10,5;4;
2019/09/23;1000 UTC;0;942,6;944,4;942,5;41,6;15,4;10,4;15,5;15,1;11;10,4;75;72;72;220;9,5;4,8;
2019/09/23;1100 UTC;0;946,9;946,9;942,6;455,6;16,6;9,1;16,7;15,4;10,5;9,1;72;61;61;217;12,7;7,3;
2019/09/23;1200 UTC;0;954,2;954,2;946,9;1029,7;18,1;7,6;18,2;16,6;9,4;7;61;49;50;215;13,1;7,2;
2019/09/23;1300 UTC;0;962,2;962,2;954,2;1577,1;19,9;6,2;20,3;18;7,7;5,7;50;40;41;203;11,9;6,2;
2019/09/23;1400 UTC;0;970,3;970,3;962,2;2008,6;21,6;6,6;22;19,9;7,6;6;42;37;38;200;11,7;5,9;
2019/09/23;1500 UTC;0;978;978;970,3;2278,7;23,8;7,3;24;21,6;8,6;6,3;41;35;35;202;10,6;4,9;
2019/09/23;1600 UTC;0;984,5;984,5;978;2371,9;24,9;7,7;25,2;23,1;8,8;6,7;39;33;33;197;9,8;4,8;
2019/09/23;1700 UTC;0;990,2;990,2;984,5;2254,6;26,1;9,2;26,3;24,9;10;7,5;38;31;35;188;10;6;
2019/09/23;1800 UTC;0;993,8;993,8;990,2;1994,5;27;9,6;27,8;25,9;11;8,8;37;32;34;203;10;4,7;
2019/09/23;1900 UTC;0;996,3;996,3;993,8;1565,7;28,2;10,9;28,3;27;11,5;9,7;37;32;34;219;7,9;3,6;
2019/09/23;2000 UTC;0;994,9;996,9;994,9;1031,2;27,7;10,6;28,3;27,6;11,2;10;36;33;35;192;10,4;5,6;
2019/09/23;2100 UTC;0;990,6;994,9;990,6;437,3;26,7;11,3;27,8;26,7;11,4;10,5;39;34;38;196;10,4;4,5;
2019/09/23;2200 UTC;0;982,4;990,6;982,4;30,8;25,2;12,4;26,7;25,2;12,4;11,4;45;38;45;201;7,2;3,5;
2019/09/23;2300 UTC;0;976;982,4;976;0;23,9;13;25,3;23,9;13;12,4;50;45;50;195;6,6;3,4;
2019/09/24;0000 UTC;0;970,5;976;970,5;0;23,1;13,2;23,9;22,9;13,2;13;55;50;54;197;6,1;3,3;
2019/09/24;0100 UTC;0;967,6;970,5;967,6;0;22,3;12,9;23,2;22,3;13,2;12,9;56;53;55;217;6,1;3,4;
2019/09/24;0200 UTC;0;966,4;967,6;966,4;0;22;10,8;22,8;22;12,7;10,8;55;49;49;207;12,4;6,2;
2019/09/24;0300 UTC;0;964,2;966,5;964,2;0;20,8;10,3;22;20,8;10,9;10,3;51;49;51;213;12,4;5,8;
2019/09/24;0400 UTC;0;960,9;964,2;960,9;0;20;10;21;20;10,6;10;54;51;53;213;11,4;7;
2019/09/24;0500 UTC;0;957,9;960,9;957,9;0;18,7;9,9;20,1;18,7;10;9,8;57;52;57;213;12,1;5,5;
2019/09/24;0600 UTC;0;954,7;957,9;954,7;0;17,9;9,8;18,7;17,9;9,9;9,7;59;56;59;205;10,5;5;
2019/09/24;0700 UTC;0;952,1;954,7;952,1;0;17;9,9;17,9;17;10;9,8;63;59;63;195;8,8;4,9;
2019/09/24;0800 UTC;0;949,5;952,1;949,5;0;16,1;9,8;17;16,1;9,8;9,7;66;63;66;204;8,3;3,1;
2019/09/24;0900 UTC;0;946,8;949,5;946,8;0;15,3;9,8;16,1;15,3;9,9;9,8;70;66;70;223;5,2;2,3;
2019/09/24;1000 UTC;0;945,6;946,8;945,5;39,5;15,6;10;15,6;15;10;9,8;71;69;69;251;5,3;2,7;
2019/09/24;1100 UTC;0;948,8;948,8;945,6;241;16,5;10,3;16,5;15,6;10,3;9,9;69;67;67;268;6,4;3,7;
2019/09/24;1200 UTC;0;955,9;955,9;948,8;680,8;18,2;10,6;18,4;16,4;10,9;10,1;67;61;61;228;7,8;3,9;
2019/09/24;1300 UTC;0;965;965;955,9;1133,5;20;11,3;20;18,1;11,5;10,5;62;56;57;215;8,1;3,8;
2019/09/24;1400 UTC;0;973;973;965;1362,6;22,4;11,8;22,6;19,8;12,5;10,9;59;50;51;202;8,9;4,8;
2019/09/24;1500 UTC;0;982,4;982,4;973;1975,9;24,4;11,8;25,2;22,4;13,4;11,4;51;45;46;185;9,4;5;
2019/09/24;1600 UTC;0;989,4;989,4;982,4;1659,1;25;12,4;25,4;24,3;13,4;11,9;48;45;45;190;8;3,5;
2019/09/24;1700 UTC;0;992,7;992,7;989,4;1272,6;25,5;13,1;26;25;13,6;12,3;48;44;46;193;6,1;2,6;
2019/09/24;1800 UTC;0;996;996;992,7;1418,8;27,4;13,1;27,7;25,5;14;12,6;47;40;41;185;4,7;2,1;
2019/09/24;1900 UTC;0;999,2;999,3;996,1;1076,4;27,5;12,5;28,4;27,1;13,9;12,2;44;38;39;222;5,3;1,4;
2019/09/24;2000 UTC;0;999;999,4;999;708,8;28,2;13,1;28,5;27,5;14,1;12,4;42;38;40;211;3,9;,1;
2019/09/24;2100 UTC;0;993,1;999,1;993,1;122,7;26,8;13,5;28,2;26,8;14;12,9;45;39;44;197;3,3;,1;
2019/09/24;2200 UTC;0;985,9;993,1;985,9;6,3;26,2;13,6;26,9;26,2;13,8;13,3;46;43;46;286;3,3;1,9;
2019/09/24;2300 UTC;0;979,1;985,9;979,1;0;25,3;14,3;26,2;24,3;14,9;13,7;56;46;51;302;2,8;1,4;
2019/09/25;0000 UTC;0;976,1;979,1;976,1;0;25;14,1;25,5;24,9;14,3;14,1;52;50;51;251;5,1;3,4;
2019/09/25;0100 UTC;0;975,5;976,2;975,5;0;24,5;14,4;25,2;24,4;14,4;14,1;53;50;53;230;5,1;2,7;
2019/09/25;0200 UTC;0;973,3;975,5;973,3;0;23,9;14,2;24,5;23,9;14,5;14,1;55;53;55;218;5,1;2,1;
2019/09/25;0300 UTC;0;971,5;973,4;971,5;0;23,3;14,2;24;23,2;14,2;14,1;57;54;57;215;4,9;2,4;
2019/09/25;0400 UTC;0;970;971,5;970;0;23,1;14,3;23,4;23;14,3;14,1;58;56;58;226;4,8;2,7;
2019/09/25;0500 UTC;0;969,1;970,1;969,1;0;22,1;14,7;23,2;22,1;14,7;14,2;63;57;63;232;6;2,7;
2019/09/25;0600 UTC;0;965,6;969,1;965,6;0;21,7;14,6;22,1;21,3;15;14,6;67;63;64;222;7;3,4;
2019/09/25;0700 UTC;0;965,3;965,6;965,3;0;21,5;14,9;22,1;21;15,1;14,3;69;61;66;265;6,4;3,9;
2019/09/25;0800 UTC;1,2;961,9;965,4;961,9;0;19,7;15,9;21,6;19,6;16;14,9;79;66;79;241;6,7;2,7;
2019/09/25;0900 UTC;1,4;958;961,9;958;0;19,2;16,3;19,7;19,1;16,3;15,9;84;79;83;216;7,7;3,5;
2019/09/25;1000 UTC;1,4;956,8;958,1;956,8;,8;19;16,7;19,4;18,9;16,7;16,3;87;83;87;216;6,8;3,8;
2019/09/25;1100 UTC;,2;957;957;956,8;66,8;19,1;17;19,1;19;17;16,7;87;86;87;194;7,9;5,2;
2019/09/25;1200 UTC;0;957,6;957,6;957;92;19,1;16,4;19,2;19,1;17;16,3;87;83;85;200;8,5;2,4;
2019/09/25;1300 UTC;,8;957,9;957,9;957,6;119,8;19;16,6;19,1;18,9;16,7;16,1;87;83;86;211;6,1;2,3;
2019/09/25;1400 UTC;,6;958,7;958,7;957,9;244,6;18,4;15,6;19;18,4;16,7;15,4;87;82;84;190;6,4;2,7;
2019/09/25;1500 UTC;,6;958,8;958,8;958,5;282,6;18,8;16,2;18,8;18,4;16,6;15,7;88;84;85;199;5,1;2,7;
2019/09/25;1600 UTC;,4;961,5;961,5;958,8;401,8;19,4;17,1;19,5;18,8;17,3;16,2;87;85;87;228;4,1;2;
2019/09/25;1700 UTC;,2;963,6;963,6;961,5;490,8;20,1;17,7;20,1;19,3;17,7;16,8;88;85;86;191;4;2,3;
2019/09/25;1800 UTC;0;967,4;967,4;963,6;727,8;20;17,5;20,6;19,8;18,4;16,8;88;82;85;168;4,6;3;
2019/09/25;1900 UTC;0;967,1;967,9;967,1;482,4;19,6;17,1;20,2;19,5;17,6;17;87;84;85;176;5;3;
2019/09/25;2000 UTC;0;964,5;967,1;964,5;151,5;19,5;17;19,7;19,5;17,2;16,7;86;83;86;177;4,9;2;
2019/09/25;2100 UTC;0;963;964,5;963;79,3;19,5;17;19,6;19,4;17,2;16,9;86;85;86;169;3,2;2,2;
2019/09/25;2200 UTC;0;961,9;963,2;961,9;10;19,1;17,1;19,5;19,1;17,1;16,9;88;86;88;184;4,5;3,1;
2019/09/25;2300 UTC;0;960,3;961,9;960,3;0;18,6;16,8;19,1;18,6;17,1;16,8;89;88;89;198;4,7;2;
2019/09/26;0000 UTC;0;958,7;960,4;958,7;0;18,5;16,6;18,6;18,4;16,7;16,5;89;88;89;184;3;2;
2019/09/26;0100 UTC;0;958;958,9;958;0;18;16,4;18,5;18;16,6;16,4;90;89;90;204;3,3;2,6;
2019/09/26;0200 UTC;0;956,6;958,1;956,6;0;17,4;15,8;18;17,4;16,4;15,8;90;90;90;185;3,3;1,7;
2019/09/26;0300 UTC;0;955,4;956,7;955,4;0;17,5;15,9;17,5;17,3;16;15,8;91;90;90;230;2,4;,5;
2019/09/26;0400 UTC;0;954,4;955,5;954,4;0;17;15,6;17,5;16,8;15,8;15,4;92;90;92;220;1,9;,8;
2019/09/26;0500 UTC;0;954,7;954,7;954,4;0;16,9;15,5;17,1;16,7;15,7;15,3;92;91;91;200;3,2;2,5;
2019/09/26;0600 UTC;0;955,2;955,2;954,7;0;16,9;15,3;17,2;16,8;15,6;15,2;91;89;90;180;3,2;1,5;
2019/09/26;0700 UTC;0;954,9;955,5;954,9;0;16,9;15,2;17;16,6;15,3;14,9;90;89;89;185;1,9;,7;
2019/09/26;0800 UTC;0;954,1;955;954,1;0;15,9;14,4;17;15,9;15,2;14,4;91;88;91;352;1,3;1,1;
2019/09/26;0900 UTC;,2;954,6;954,6;954,1;0;16,2;14,9;16,4;15,9;15,1;14,4;92;91;92;342;1,9;1,2;
2019/09/26;1000 UTC;0;954,6;954,9;954,5;49,9;16,4;15,3;16,4;16;15,3;14,8;93;92;93;273;1,9;,8;
2019/09/26;1100 UTC;0;959,5;959,5;954,6;469,6;18;16,4;18;16,4;16,4;15,3;93;90;90;353;2,7;1,7;
2019/09/26;1200 UTC;0;968,7;968,7;959,5;1009,7;19,8;16,2;20;18;16,9;15,7;90;80;80;327;3,4;1,6;
2019/09/26;1300 UTC;0;978,5;978,5;968,7;1609,2;21,8;15,1;22,9;19,7;17,2;15,1;83;65;66;187;5,2;2,7;
2019/09/26;1400 UTC;0;986,6;986,6;978,5;1618,3;23;15,1;23,9;21,8;16,3;14,6;68;59;61;173;5,2;2,5;
2019/09/26;1500 UTC;0;994,8;994,8;986,6;2328,3;25,6;16;25,7;22,4;16,3;14,1;63;51;56;303;4,1;1,9;
2019/09/26;1600 UTC;0;1000,6;1000,6;994,8;2182,7;25,8;13,1;26,4;23,9;15,3;12,8;56;45;45;318;4,8;1,9;
2019/09/26;1700 UTC;0;1002,8;1002,8;1000,6;1651,8;26,9;12,8;27,1;25;14,6;11,6;48;41;42;315;4,8;1,4;
2019/09/26;1800 UTC;0;1004,7;1004,7;1002,8;1875,8;27,4;12,2;27,6;25,8;13,7;10,9;45;36;39;5;6,1;3,7;
2019/09/26;1900 UTC;0;1002,3;1005,3;1002,3;1313,5;26,2;10,7;27,7;25,9;12,6;9,7;41;35;38;351;7,1;2,7;
2019/09/26;2000 UTC;0;999,2;1002,3;999,2;1033,1;27,1;8;27,7;26,2;11,8;8;39;29;30;330;6,3;2,9;
2019/09/26;2100 UTC;0;995,8;999,3;995,8;460,3;26,1;9,4;27,3;26,1;9,7;8,1;35;30;35;341;5,1;2,8;
2019/09/26;2200 UTC;0;985,5;995,8;985,5;37,4;23,7;11,8;26,1;23,7;11,8;9,4;47;35;47;39;4,1;2,4;
2019/09/26;2300 UTC;0;975,1;985,5;975,1;0;22,9;12,2;23,7;22,6;12,3;11,9;52;47;51;22;3,5;1,6;
2019/09/27;0000 UTC;0;971,5;975,1;971,5;0;23,1;11,7;23,3;22,8;12,2;11,7;51;48;49;26;2,1;1,5;
2019/09/27;0100 UTC;0;970,1;971,6;970,1;0;23,3;11,7;23,3;22,8;11,8;11,6;50;48;48;349;2,4;,9;
2019/09/27;0200 UTC;0;968,4;970,1;968,4;0;21,7;12,4;23,4;21,7;12,4;11,5;55;48;55;346;2,1;1,4;
2019/09/27;0300 UTC;0;965,4;968,4;965,4;0;21,2;12,3;21,8;20,9;12,6;12,3;59;55;57;338;3;2,3;
2019/09/27;0400 UTC;0;964,3;965,4;964,3;0;21,6;11,1;21,6;21;12,3;11,1;57;51;51;325;3,3;1,8;
2019/09/27;0500 UTC;0;963,6;964,6;963,6;0;20,4;11,3;21,6;20,2;11,3;11;56;51;56;330;2,6;1,6;
2019/09/27;0600 UTC;0;960,3;963,6;960,3;0;18;11,5;20,4;18;11,5;11,2;66;56;66;342;3,2;1,8;
2019/09/27;0700 UTC;0;957,2;960,3;957,2;0;18,9;11,1;19,1;17,5;12,1;11,1;68;60;61;254;4,4;1,3;
2019/09/27;0800 UTC;0;955,5;957,3;955,5;0;17;12;18,9;16,9;12;11,1;72;61;72;185;3,4;1,9;
2019/09/27;0900 UTC;0;952,3;955,5;952,3;0;16,7;12,8;17,1;16,5;12,9;12;78;72;78;165;2,5;1,8;
2019/09/27;1000 UTC;0;951,6;952,4;951,5;53,1;17;13,1;17,3;16,7;13,8;12,7;82;75;78;202;2,4;1,7;
2019/09/27;1100 UTC;0;958,1;958,1;951,6;474,3;19,1;13,6;19,1;17;13,9;13;78;70;70;192;5,3;3,7;
2019/09/27;1200 UTC;0;968,7;968,7;958,1;1054,3;22,1;14;22,2;19,1;15,1;13,6;72;60;60;191;6;3,8;
2019/09/27;1300 UTC;0;980,2;980,2;968,7;1592,5;24,5;13,6;24,5;22,1;14,7;12,8;61;50;51;189;6,6;3,3;
2019/09/27;1400 UTC;0;991,1;991,1;980,2;2008,6;26,4;12,6;26,6;24,2;13,9;12;52;41;42;104;5,3;1,8;
2019/09/27;1500 UTC;0;1000;1000;991,1;2283,2;27,6;10,5;28,3;26,1;13,4;9,4;44;31;35;135;5;2,2;
2019/09/27;1600 UTC;0;1004,6;1004,6;1000;2376,8;28,3;10,1;29,1;27,2;12,6;9,2;40;30;32;108;7,5;2,4;
2019/09/27;1700 UTC;0;1007,7;1007,7;1004,6;2281,3;29;9,1;30,6;28;11;8,4;34;27;29;191;5,6;3,1;
2019/09/27;1800 UTC;0;1009,2;1009,3;1007,8;2002,8;30,2;9,5;30,7;28,8;11,7;8,5;34;26;28;83;5,4;,8;
2019/09/27;1900 UTC;0;1008,7;1009,5;1008,7;1573;30;9,5;30,5;29,2;10,7;8,4;30;26;28;124;5,3;1;
2019/09/27;2000 UTC;0;1004,9;1008,8;1004,9;1035,7;29,4;8,3;30,1;29,2;10,7;7,2;31;25;27;54;6,1;2,4;
2019/09/27;2100 UTC;0;998,3;1004,9;998,3;448,5;28,3;9,6;29,5;28,3;11;8,2;34;27;31;76;4,9;,6;
2019/09/27;2200 UTC;0;986,6;998,3;986,6;37,1;26,3;9,8;28,3;26,2;10,7;9,3;36;31;36;109;2,6;1,5;
2019/09/27;2300 UTC;0;977,4;986,6;977,4;0;25,3;9,8;26,3;25,3;10,4;9,6;38;36;38;156;3;1,7;
2019/09/28;0000 UTC;0;971,3;977,3;971,3;0;24;10,3;25,4;23,8;10,6;9,8;43;37;42;172;3,6;2,1;
2019/09/28;0100 UTC;0;967,5;971,3;967,5;0;23,7;9,4;24,2;23,5;10,5;9,3;43;39;40;155;3,3;2,2;
2019/09/28;0200 UTC;0;965,8;967,5;965,8;0;23,4;9,7;24;23,3;9,9;9,3;42;39;42;164;3,3;2;
2019/09/28;0300 UTC;0;963,3;965,9;963,3;0;22,3;10,8;23,4;22,2;10,8;9,7;48;42;48;184;3,3;2,4;
2019/09/28;0400 UTC;0;961,3;963,3;961,3;0;21;11,2;22,4;21;11,2;10,6;54;47;54;186;3,5;2,1;
2019/09/28;0500 UTC;0;958,5;961,3;958,5;0;20,4;12,2;21;20,3;12,3;11,2;59;54;59;195;5,2;2,8;
2019/09/28;0600 UTC;0;956,8;958,6;956,8;0;19,9;12,2;20,4;19,3;12,5;12,1;64;59;61;195;9;5,7;
2019/09/28;0700 UTC;0;955,6;957;955,6;0;18,8;12,2;20;18,8;12,3;12,1;65;61;65;196;9,3;5,8;
2019/09/28;0800 UTC;0;952,9;955,6;952,9;0;18,1;12,1;18,8;17,8;12,2;12,1;69;66;68;210;9,5;4,5;
2019/09/28;0900 UTC;0;950,6;952,9;950,6;0;17,6;11,7;18,1;17,5;12,1;11,7;70;68;68;221;9,1;4,6;
2019/09/28;1000 UTC;0;950,3;950,6;950,2;62,2;18;9,7;18;17,4;11,7;9,6;68;58;59;212;10,9;5,2;
2019/09/28;1100 UTC;0;955,5;955,5;950,3;480;19,9;10,2;19,9;18;10,2;9,2;59;53;54;219;10,5;3,9;
2019/09/28;1200 UTC;0;963,2;963,2;955,5;1045,2;21,5;9,2;21,6;19,5;9,8;8,7;53;44;46;210;12,4;6,1;
2019/09/28;1300 UTC;0;971;971;963,2;1584,3;23,1;10,2;23,3;21,2;10,2;8,7;46;42;44;189;12,8;7,1;
2019/09/28;1400 UTC;0;977,6;977,6;971;2010;24,8;11;24,8;22,9;11;9,4;44;40;42;180;12,3;7,1;
2019/09/28;1500 UTC;0;983,3;983,3;977,6;2291,6;26;11;26,4;24,2;11,5;9,9;42;37;39;193;12,7;6,3;
2019/09/28;1600 UTC;0;990,2;990,2;983,3;2381,1;28;9,8;28,2;25,8;11,8;9,6;40;32;32;189;10,6;5;
2019/09/28;1700 UTC;0;996,5;996,5;990,2;2282,3;29;10,1;29,6;27,4;11,4;9,2;36;28;31;169;9,3;3,1;
2019/09/28;1800 UTC;0;1001,5;1001,5;996,5;2025,5;29,5;9,8;30,3;28,8;11,3;8,9;34;27;30;160;7,3;2,2;
2019/09/28;1900 UTC;0;1002,4;1002,7;1001,5;1598;29,9;7,9;30,2;29,4;10,3;7,8;30;25;25;134;7,5;1,1;
2019/09/28;2000 UTC;0;1001,8;1002,6;1001,8;1045,3;29,5;7,3;30,7;29,5;8,9;7;27;23;25;49;5,4;1,3;
2019/09/28;2100 UTC;0;996,7;1001,8;996,7;454,5;28,3;8,1;30,1;28,2;8,7;6,6;29;23;28;21;3,8;2,4;
2019/09/28;2200 UTC;0;983,8;996,7;983,8;35,3;27,2;7,5;28,3;27,2;8,2;7,5;30;28;29;312;3,4;,3;
2019/09/28;2300 UTC;0;975,1;983,8;975,1;0;26,2;8,3;27,6;25,6;8,8;7,2;35;28;32;199;2,3;1,4;
2019/09/29;0000 UTC;0;970,8;975,1;970,8;0;24,4;9,1;26,3;24,4;9,2;7,9;38;31;38;197;3,3;2,2;
2019/09/29;0100 UTC;0;966,7;970,8;966,7;0;23,8;9,6;24,5;23,8;10;9,1;41;38;40;218;3,7;2,5;
2019/09/29;0200 UTC;0;964,4;966,7;964,4;0;23,3;10,5;23,9;23,1;10,5;9,5;45;40;44;212;4,2;2,8;
2019/09/29;0300 UTC;0;962,7;964,4;962,7;0;23;10,5;23,5;22,9;10,6;10,2;46;43;45;213;5,1;2,8;
2019/09/29;0400 UTC;0;962,3;962,8;962,2;0;23,4;10,2;23,4;22,7;10,7;10,2;46;43;43;207;5,3;3,3;
2019/09/29;0500 UTC;0;961,2;962,7;961,2;0;21,6;10,6;23,4;21,5;10,7;10,2;50;43;49;207;5,6;3,5;
2019/09/29;0600 UTC;0;958,2;961,2;958,2;0;21,1;10,5;21,6;20,8;10,6;10,4;52;49;51;207;5,8;3,5;
2019/09/29;0700 UTC;0;956,1;958,2;956,1;0;20,6;10,1;21,1;20,4;10,6;10,1;53;51;51;199;6,2;3,9;
2019/09/29;0800 UTC;0;955,2;956,2;955,2;0;20;9,9;20,6;20;10,1;9,7;52;50;52;184;6,9;4,2;
2019/09/29;0900 UTC;0;953,2;955,3;953,2;0;18,8;10;20;18,7;10;9,8;57;52;56;189;6,6;3,7;
2019/09/29;1000 UTC;0;951,6;953,2;951,6;60,6;19,1;10,3;19,4;18,2;10,4;9,7;60;54;57;176;6;3,7;
2019/09/29;1100 UTC;0;956,7;956,7;951,6;470,4;21,2;10,3;21,2;19,1;10,6;10,1;57;49;50;182;5,6;3,3;
2019/09/29;1200 UTC;0;965,9;965,9;956,7;1029,5;22,7;10,9;22,7;21,2;11,1;10,1;51;46;47;159;5,4;3,2;
2019/09/29;1300 UTC;0;974,1;974,1;965,9;1562,8;24,8;11,4;25;22,5;12,8;10,4;50;41;43;166;6,2;3,5;
2019/09/29;1400 UTC;0;982,3;982,3;974,1;1991,4;26,9;10,9;27,1;24,6;12;9,9;43;37;37;163;7,7;4,6;
2019/09/29;1500 UTC;0;990,2;990,2;982,3;2266;29,1;10,5;29,4;26,9;11,8;9,7;39;30;32;179;7,9;3,9;
2019/09/29;1600 UTC;0;997,5;997,5;990,3;2349;30,6;10,2;31;28,8;11,4;8,9;33;26;28;181;8,2;2,2;
2019/09/29;1700 UTC;0;1003,1;1003,1;997,5;2254,2;31,9;9,8;32;30;11;8,1;29;24;26;176;6,4;2,4;
2019/09/29;1800 UTC;0;1006,3;1006,3;1003,1;1979,2;31,5;8,4;32,8;31;10,4;7,5;26;22;24;279;6,2;1,9;
2019/09/29;1900 UTC;0;1006,4;1006,5;1006,3;1559,5;32,1;6,3;32,6;31,5;9,8;6,2;26;20;20;50;5,4;,9;
2019/09/29;2000 UTC;0;1003,1;1006,6;1003,1;1026,3;31;8,4;32,3;31;9,7;6,8;26;20;24;101;4,9;1,2;
2019/09/29;2100 UTC;0;995,6;1003,1;995,6;439,7;30;9,3;31,3;30;9,7;8,2;28;24;28;60;3,6;1,5;
2019/09/29;2200 UTC;0;983,1;995,6;983,1;34,2;28,7;7,9;29,9;28,6;9,2;7,8;29;26;27;112;3,2;1,5;
2019/09/29;2300 UTC;0;974,2;983,1;974,2;0;28,5;7,4;29;28,4;7,9;7,3;27;26;27;122;2,2;,4;
2019/09/30;0000 UTC;0;970,3;974,2;970,3;0;27,7;7,9;28,6;27,6;7,9;7,4;29;27;29;214;1,8;1,6;
2019/09/30;0100 UTC;0;966,6;970,3;966,6;0;25,9;8,9;27,8;25,7;9,1;7,8;35;28;34;190;2,8;2;
2019/09/30;0200 UTC;0;962,9;966,6;962,9;0;23,8;10,2;26;23,8;10,2;8,9;42;34;42;190;3,7;2,8;
2019/09/30;0300 UTC;0;959;962,8;959;0;23,2;10,4;23,9;23,1;10,8;10,2;46;42;44;189;5,1;3,2;
2019/09/30;0400 UTC;0;957,1;959;957,1;0;22,9;9,9;23,6;22,7;10,4;9,4;45;41;44;204;6;4,1;
2019/09/30;0500 UTC;0;956,1;957,2;956,1;0;22,5;7,9;22,9;22,4;9,9;7,9;45;39;39;196;6,9;3,6;
2019/09/30;0600 UTC;0;954;956,2;954;0;21,4;7,4;22,5;21,4;7,9;7,2;41;39;40;195;6,8;3,6;
2019/09/30;0700 UTC;0;951,9;954;951,9;0;21,3;6,9;21,6;21,1;7,4;6,9;41;39;39;200;7;3,8;
2019/09/30;0800 UTC;0;951,2;952;951,2;0;20,7;6,8;21,5;20,7;6,9;6,7;41;39;41;196;7;3,7;
2019/09/30;0900 UTC;0;950,1;951,3;950,1;0;20,1;7,2;21,1;20,1;7,2;6,7;43;39;43;196;6,2;3,5;
2019/09/30;1000 UTC;0;948,6;950,1;948,4;70,8;20,1;7,7;20,4;19,3;7,8;7,2;46;43;45;198;7,5;4,1;
2019/09/30;1100 UTC;0;955;955;948,6;522,3;23,8;8,1;23,8;20,1;8,5;7,3;45;35;37;185;8,9;5,5;
2019/09/30;1200 UTC;0;966,1;966,1;955,1;1107,2;26,2;8,4;26,2;23,6;9;7,5;37;32;32;181;12,5;6,5;
2019/09/30;1300 UTC;0;976;976;966,2;1650;28,6;8,3;28,7;25,8;9,1;7,7;33;28;28;180;12;7,2;
2019/09/30;1400 UTC;0;985,7;985,7;976;2074,7;30,9;5,3;31;28,3;8,7;4,8;29;20;20;171;13,9;8,9;
2019/09/30;1500 UTC;0;992,6;992,6;985,7;2357;31,7;4,6;31,9;30,4;6,6;4,1;22;18;18;183;14,4;7,7;
2019/09/30;1600 UTC;0;997,1;997,1;992,6;2450,2;32,2;3,1;32,9;31,4;5,7;1,9;20;14;16;179;12,8;7,8;
2019/09/30;1700 UTC;0;999,6;999,6;997,1;2343,4;32,9;2,7;33,2;32,2;3,6;,8;16;13;15;189;12,8;5,9;
2019/09/30;1800 UTC;0;1000,5;1000,5;999,6;2059,1;33,2;3,1;33,6;32,6;4,5;1;17;13;15;186;12,6;5,8;
2019/09/30;1900 UTC;0;1000;1000,9;1000;1589,5;33,3;4,1;33,7;32,9;6;2,7;18;15;16;169;10,1;5,8;
2019/09/30;2000 UTC;0;996,6;1000;996,6;1033,7;32,7;1,2;33,4;32,7;4,5;1,2;17;13;13;165;9,5;4,9;
2019/09/30;2100 UTC;0;990,2;996,6;990,2;431,9;30,7;1,2;32,8;30,5;2;-,7;16;12;15;169;7,8;4;
2019/09/30;2200 UTC;0;977;990,2;977;36,3;28,1;1,7;30,8;28,1;2;1;19;14;18;178;6;3;
2019/09/30;2300 UTC;0;967,2;977;967,2;0;27,3;2,2;28,2;27,1;2,3;1,7;20;18;20;187;5,2;3,2;
2019/10/01;0000 UTC;0;963,5;967,2;963,5;0;26,8;4;27,3;26,5;4;2,2;23;20;23;203;6,5;4;
2019/10/01;0100 UTC;0;962,9;963,6;962,9;0;26,3;6,3;27;26,3;6,4;4;28;23;28;199;7,1;4,4;
2019/10/01;0200 UTC;0;961,8;963;961,8;0;26,2;5,5;26,5;26,1;6,5;5,5;28;27;27;201;7,7;5,2;
2019/10/01;0300 UTC;0;960,8;962;960,8;0;25,5;5;26,3;25,4;5,5;4,9;27;26;27;204;9,2;4;
2019/10/01;0400 UTC;0;958,7;960,8;958,7;0;25,5;4,6;25,6;25;5,1;4,6;28;26;26;206;8,1;3,9;
2019/10/01;0500 UTC;0;957,7;958,8;957,7;0;24,6;4,6;25,6;24,2;4,7;4,4;28;26;28;206;7,8;4;
2019/10/01;0600 UTC;0;956;957,7;956;0;24,2;4,3;24,8;24,1;4,5;4,2;28;27;28;202;8;5;
2019/10/01;0700 UTC;0;954,7;956,1;954,7;0;23,2;5,2;24,5;23;6;4,3;33;27;31;205;9,2;6,1;
2019/10/01;0800 UTC;0;951,9;954,7;951,9;0;22,5;6,4;23,4;22,4;6,5;5,3;36;31;35;201;9,2;5,3;
2019/10/01;0900 UTC;0;949,9;951,9;949,9;0;22,4;6,3;22,9;21,9;7;6;38;34;36;202;10,3;6,4;
2019/10/01;1000 UTC;0;949,7;950;949,6;64,9;22,4;7,3;22,4;21,8;7,3;6,4;38;35;38;197;11,1;7,5;
2019/10/01;1100 UTC;0;953,9;953,9;949,8;487,9;23,4;8,5;23,5;22,3;8,8;7,3;39;37;39;188;12,9;8,4;
2019/10/01;1200 UTC;0;960,3;960,3;954;1042,2;25,4;10,2;25,5;23,3;10,5;8,7;40;38;38;190;13;7;
2019/10/01;1300 UTC;0;968;968;960,3;1559,2;27,7;10,8;27,8;25,3;11,4;9,9;40;34;35;188;12,4;8,1;
2019/10/01;1400 UTC;0;978;978;968;1968,3;31,1;10,5;31,2;27,7;12;10,3;35;28;28;174;12,4;8,2;
2019/10/01;1500 UTC;0;988,7;988,7;978;2236,6;34;9,4;34;31;11,3;8,9;29;22;22;160;13;6,9;
2019/10/01;1600 UTC;0;996,5;996,5;988,7;2326,5;35,3;9,8;35,3;33,7;10,2;7,7;23;19;21;153;13,5;7,5;
2019/10/01;1700 UTC;0;999,5;999,5;996,5;2212,9;34,6;11,8;35,7;34,2;12,1;9;25;20;25;147;13,5;7,2;
2019/10/01;1800 UTC;0;999,4;999,7;999,4;1945,7;35;12,6;35,6;34,3;13,7;11,5;28;25;26;159;13,1;6,3;
2019/10/01;1900 UTC;0;999;999,6;999;1517,5;35,2;12,6;35,6;34,8;13,6;12,4;27;25;26;158;12,2;6,1;
2019/10/01;2000 UTC;0;996,9;999,1;996,9;1004,4;35;12,4;35,5;35;13,1;11,9;26;25;26;159;11,4;5,1;
2019/10/01;2100 UTC;0;991,8;996,9;991,8;373,6;33,7;12,5;35;33,5;12,7;12;28;25;28;186;8,3;3,7;
2019/10/01;2200 UTC;0;982,1;991,8;982,1;21,4;31,8;12,5;33,7;31,7;12,7;12,4;31;28;31;201;5,9;3,2;
2019/10/01;2300 UTC;0;976;982,1;976;0;31,4;12;31,9;31,3;12,5;11,9;32;30;30;198;6,4;3,3;
2019/10/02;0000 UTC;0;972,2;976;972,2;0;29,5;13;31,4;29,5;13;11,7;36;30;36;167;7,2;4,1;
2019/10/02;0100 UTC;0;966;972,2;966;0;27,8;14,2;29,5;27,8;14,2;13,1;44;36;44;169;6,3;3,4;
2019/10/02;0200 UTC;0;960,6;966;960,6;0;27,4;15,8;27,8;26,9;15,9;14,3;50;44;49;165;5,4;3;
2019/10/02;0300 UTC;0;960,6;960,6;960,2;0;28;15,6;28,3;27,4;15,8;15,4;49;46;47;181;4,9;2,5;
2019/10/02;0400 UTC;0;961,6;961,6;960,6;0;28,1;15,8;28,7;27,7;15,9;15,3;48;44;47;190;4,4;2,7;
2019/10/02;0500 UTC;0;960,4;961,8;960,4;0;27,2;16,4;28,1;26,9;16,4;15,8;52;47;52;172;4,6;3,3;
2019/10/02;0600 UTC;0;956,4;960,4;956,4;0;26,2;16,3;27,2;26;16,5;16;56;51;54;178;5,2;2,8;
2019/10/02;0700 UTC;0;952,7;956,4;952,7;0;25,6;15,9;26,2;25,3;16,2;15,8;57;54;55;183;3,9;2,5;
2019/10/02;0800 UTC;0;951,4;952,7;951,4;0;25,4;15,4;25,6;25;16;15,4;57;54;54;195;5;3,1;
2019/10/02;0900 UTC;0;950,9;951,6;950,9;0;24,7;14,9;25,5;24,6;15,5;14,8;55;53;54;189;5;2,9;
2019/10/02;1000 UTC;0;950,8;951;950,7;64;25;14,9;25;24,5;15,1;14,5;55;53;53;180;4,3;2,3;
2019/10/02;1100 UTC;0;956,7;956,7;950,8;440,4;26,9;15,4;26,9;25;15,9;14,7;55;47;49;172;3,9;2,7;
2019/10/02;1200 UTC;0;965;965;956,7;761,6;28,3;15,4;28,4;26,9;16;14,6;51;44;46;174;6,7;4,7;
2019/10/02;1300 UTC;0;971,7;971,7;965;1203,3;30,3;14,6;30,6;28,2;15,7;14,2;46;38;39;158;8,1;4,8;
2019/10/02;1400 UTC;0;979,2;979,2;971,7;1399,7;31,7;16,9;32,1;30,3;17,3;14,3;43;37;41;107;8;2,8;
2019/10/02;1500 UTC;0;986,9;986,9;979,2;1411,3;32,6;17,1;33,4;31,7;17,6;15,8;41;37;40;58;6,7;3,3;
2019/10/02;1600 UTC;0;989,6;989,6;986,9;1638,1;34,6;16,2;34,9;32,4;17,8;16,2;41;33;33;31;9,6;4,7;
2019/10/02;1700 UTC;0;992,5;992,7;989,6;1300,5;33,5;16,1;35;33,4;17,2;15,6;37;33;35;75;8;2,2;
2019/10/02;1800 UTC;1,4;969,4;992,5;969,4;397,1;27,6;19,3;33,5;26;20,1;16;67;35;60;188;14,8;2,8;
2019/10/02;1900 UTC;3,4;961,5;969,4;961,5;178,3;22,2;19,3;29,1;22,2;19,8;17,5;84;50;84;97;10,7;5,1;
2019/10/02;2000 UTC;,4;951,8;961,5;951,8;321,7;25,7;20;25,7;22,2;21,4;19,4;86;71;71;151;8,6;3;
2019/10/02;2100 UTC;0;952,1;952,4;951,8;97,6;24,6;19,5;26,2;24,5;20,1;18,4;74;64;73;50;11,1;4,9;
2019/10/02;2200 UTC;,2;948,3;952,1;948,3;3,7;23,8;19,6;24,7;23,1;19,9;19,4;82;73;78;109;8,7;,6;
2019/10/02;2300 UTC;,2;947,5;948,3;947,4;0;23,9;19,1;24,2;23,6;19,5;19;78;73;75;252;2,9;,5;
2019/10/03;0000 UTC;0;947;947,6;947;0;23,1;20;23,8;22,9;20,3;19,1;85;75;83;210;5;1,2;
2019/10/03;0100 UTC;0;946,9;947,2;946,9;0;23,2;19,4;23,4;23;20;19,4;83;79;79;238;2,9;1,7;
2019/10/03;0200 UTC;0;946,8;947,1;946,8;0;22,6;18,6;24,1;22,6;19,4;18,4;80;73;78;326;2,9;,7;
2019/10/03;0300 UTC;0;945,6;947,1;945,6;0;22,6;19,2;22,8;21,5;19,8;18,7;86;78;81;277;3,5;1,6;
2019/10/03;0400 UTC;0;946,2;946,2;945,6;0;22,6;18,4;22,8;22,1;19,4;18,4;83;77;77;239;4,6;2,8;
2019/10/03;0500 UTC;0;946,3;946,7;946,2;0;22,3;18,2;22,7;22,1;18,6;18,1;80;77;78;232;4,2;1,9;
2019/10/03;0600 UTC;0;946,5;946,5;946,2;0;22,2;18,2;22,3;21,9;18,3;18,1;79;78;78;205;4,5;2,5;
2019/10/03;0700 UTC;0;948;948;946,5;0;22,5;18,3;22,5;22,2;18,3;17,9;78;75;77;206;4,3;2,7;
2019/10/03;0800 UTC;0;949,4;949,4;948;0;23;18,5;23;22,4;18,6;18,3;78;76;76;194;4,3;2,2;
2019/10/03;0900 UTC;0;951,2;951,2;949,4;0;23;18,5;23,2;22,9;18,6;18,4;77;75;76;195;3,8;2;
2019/10/03;1000 UTC;0;952,1;952,1;951,2;23,1;22,7;18,7;23;22,7;18,7;18,5;78;76;78;187;4,3;2,7;
2019/10/03;1100 UTC;0;953,4;953,4;952,1;132,4;23,1;18,8;23,1;22,7;19;18,6;79;77;77;198;5,3;2,2;
2019/10/03;1200 UTC;0;956,8;956,8;953,5;346,4;24,1;19,1;24,1;23,1;19,3;18,8;78;73;73;204;4,8;2,6;
2019/10/03;1300 UTC;0;962,9;962,9;956,8;782;26;19,4;26;24,2;20;18,9;74;67;67;189;4,8;2,8;
2019/10/03;1400 UTC;0;975,1;975,1;962,9;1697,7;28,5;19,3;28,5;26;20,3;18,7;69;55;58;178;5,3;3,2;
2019/10/03;1500 UTC;0;984,3;984,3;975,1;2042,2;30,8;18;31,2;28,5;19,8;18;58;46;47;181;6,3;2,6;
2019/10/03;1600 UTC;0;993,5;993,5;984,3;2173,2;31,9;17,5;32,3;30,4;19,5;16,8;50;41;42;126;4,7;2;
2019/10/03;1700 UTC;0;999,3;999,3;993,5;2153,7;32,6;17,7;33;31,6;19;15,5;45;37;41;111;4,6;1,4;
2019/10/03;1800 UTC;0;1001,4;1001,4;999,3;1776,4;32,8;17,4;33,8;31,9;19,3;17;44;38;40;146;4;1,2;
2019/10/03;1900 UTC;0;1001,9;1002,2;1001,4;1521,7;33,1;17,5;33,6;32,6;18,5;16,3;43;36;40;91;4,3;2,2;
2019/10/03;2000 UTC;0;997,8;1002;997,8;925,2;32,7;16,3;33,5;32,1;18,3;15,8;42;36;37;69;4,6;2,4;
2019/10/03;2100 UTC;0;988,2;997,8;988,2;245,7;30,7;16,3;32,7;30,7;17;15,7;44;37;42;77;3,7;,8;
2019/10/03;2200 UTC;0;977,9;988,2;977,9;30,1;30,8;16;30,9;30,3;16,3;15,5;42;40;41;341;1,2;0;
2019/10/03;2300 UTC;0;970,3;977,8;970,3;0;27,8;16,6;30,8;27,7;17,5;15,9;51;41;51;225;6,2;2,1;
2019/10/04;0000 UTC;0;966,4;970,3;966,4;0;27,5;16,4;28;27,4;16,7;16,3;52;50;51;242;5;2,6;
2019/10/04;0100 UTC;0;963;966,4;963;0;26,5;16,5;27,6;26,3;16,8;16,4;55;51;54;211;4,9;2,6;
2019/10/04;0200 UTC;0;959,9;963;959,9;0;25,1;17,4;26,8;25;17,5;16,4;63;53;62;222;7,3;3,4;
2019/10/04;0300 UTC;0;956,8;959,9;956,8;0;24,6;17,1;25,1;24,6;17,5;17,1;64;61;63;222;6,5;1,8;
2019/10/04;0400 UTC;0;955,8;956,8;955,7;0;25;17,1;25;24,5;17,2;17,1;64;61;62;213;7,2;4,1;
2019/10/04;0500 UTC;0;956,2;956,2;955,8;0;24,8;17,2;25;24,7;17,2;17;63;61;63;206;10,5;6;
2019/10/04;0600 UTC;0;955,8;956,4;955,8;0;24,4;17,1;24,8;24,4;17,3;17,1;64;63;64;208;10,7;5;
2019/10/04;0700 UTC;0;955,1;956;955,1;0;24,3;16,6;24,6;24,2;17,1;16,4;64;61;62;184;9;4,2;
2019/10/04;0800 UTC;0;952,6;955,2;952,6;0;22,6;17,4;24,3;22,6;17,4;16,4;73;62;73;159;7,4;3,2;
2019/10/04;0900 UTC;0;950;952,6;950;0;22,2;17,6;22,7;22,2;17,6;17,4;75;72;75;182;6,4;3,4;
2019/10/04;1000 UTC;0;949,8;950,1;949,4;106,8;23,1;15,1;23,1;21,9;17,6;14,9;76;60;61;187;9,3;5,7;
2019/10/04;1100 UTC;0;956,6;956,6;949,8;650,6;24,9;11,8;25;23,1;15,2;11,2;61;43;44;183;10,3;6,1;
2019/10/04;1200 UTC;0;963,5;963,5;956,6;1066,4;25,8;10,1;25,9;24,7;11,7;9,1;44;35;37;191;11,3;6,8;
2019/10/04;1300 UTC;0;969,3;969,3;963,5;1559,7;27,1;9,4;27,4;25,7;11,3;9,3;39;32;33;185;10,3;6,3;
2019/10/04;1400 UTC;0;976,5;976,5;969,3;1967,8;29,4;9,6;29,6;27;10,9;8,9;35;28;29;170;10,3;5,2;
2019/10/04;1500 UTC;0;984,2;984,2;976,5;2234,8;30,9;10,8;31,1;29,1;11;9;31;26;29;162;8,8;3,9;
2019/10/04;1600 UTC;0;991,1;991,1;984,2;2288,3;32,2;9,8;33;30,5;12,2;8,7;29;23;25;160;7,6;4;
2019/10/04;1700 UTC;0;994,9;994,9;991,1;2002,2;32,9;11,2;33,3;32;11,9;9,2;28;24;27;140;7,9;3;
2019/10/04;1800 UTC;0;999,4;999,4;994,9;1981,7;33,8;11,5;34,7;33;12,8;9,8;28;23;26;127;6;2,3;
2019/10/04;1900 UTC;0;1000,6;1001;999,4;1512,1;34,5;12,2;34,6;33,6;12,4;10,7;28;24;26;183;5;2;
2019/10/04;2000 UTC;0;998,2;1000,6;998,2;880,8;33,4;11,5;34,8;33,3;12,6;10,6;27;23;26;149;4,6;1,8;
2019/10/04;2100 UTC;0;985,9;998,2;985,9;166,5;30,7;14,3;33,4;30,5;14,6;11,3;37;26;37;102;3,6;2,1;
2019/10/04;2200 UTC;0;974,2;985,9;974,2;31,1;29,8;14,7;30,7;29,6;14,9;14;41;36;40;108;4,6;1,9;
2019/10/04;2300 UTC;0;968,1;974,2;968,1;0;28,2;16,3;29,8;28,2;16,3;14,6;48;40;48;64;5,9;3,3;
2019/10/05;0000 UTC;0;962,6;968,1;962,6;0;26,3;16,8;28,2;26,2;16,9;16,3;56;48;56;357;7,5;2,6;
2019/10/05;0100 UTC;0;958,3;962,6;958,3;0;26,6;16,6;26,6;26,2;16,9;16,5;56;54;54;9;3,2;1,7;
2019/10/05;0200 UTC;0;957,1;958,3;957,1;0;26,8;16,5;27;26,1;16,9;16,5;57;53;53;337;2,3;1,4;
2019/10/05;0300 UTC;0;954,4;957,4;954,4;0;24,5;18;26,9;23,7;18,3;16,5;71;53;67;61;6,2;1,7;
2019/10/05;0400 UTC;0;951;954,4;951;0;24;18,4;24,5;23,4;18,6;17,9;73;67;71;22;3,9;3;
2019/10/05;0500 UTC;0;950,1;951,1;950;0;24,1;18,1;24,2;23,3;18,5;18,1;74;69;69;350;4,7;3,4;
2019/10/05;0600 UTC;0;952,1;952,1;950,1;0;24,5;17,6;24,8;24;18,1;17,5;69;64;66;344;4,7;3,3;
2019/10/05;0700 UTC;0;953,6;953,6;952,1;0;24,8;17,3;24,9;24,5;17,7;17,3;66;63;63;324;4,9;2,2;
2019/10/05;0800 UTC;0;953,2;954,2;953,2;0;24,2;17,8;24,9;23,7;18,1;17,3;71;63;67;214;3,2;,7;
2019/10/05;0900 UTC;0;951,7;953,2;951,7;0;23,3;18,5;24,4;23,3;18,5;17,7;75;66;75;201;3,6;1,6;
2019/10/05;1000 UTC;0;950,6;951,8;950,6;11,4;22,5;19,2;23,8;22,5;19,2;18,2;82;71;82;97;6,5;2,4;
2019/10/05;1100 UTC;0;951,7;951,7;950,3;249,6;24,2;19,5;24,2;22,5;19,7;19,1;83;75;75;340;4,4;2,3;
2019/10/05;1200 UTC;0;957;957;951,7;324,7;24,7;19,4;24,7;24,2;19,8;18,8;76;71;72;358;3,5;1,6;
2019/10/05;1300 UTC;0;964,2;964,2;957;1048,4;27,8;18,2;28;24,6;19,9;18,2;74;56;56;269;3,8;2,1;
2019/10/05;1400 UTC;0;977,1;977,1;964,2;1645,5;30,7;16,8;31;27,4;19,2;16,6;60;43;43;278;4,1;1;
2019/10/05;1500 UTC;0;984,1;984,5;977,2;1411,9;29,4;19,7;30,7;28,9;20;16,3;57;42;56;36;7,4;4,1;
2019/10/05;1600 UTC;0;974,4;984,2;974,4;606,5;25,2;20,1;29,3;25;20,3;19,3;74;56;73;17;17,6;9,5;
2019/10/05;1700 UTC;0;965,7;974,4;965,6;821,1;26,8;19;27;25,2;20,2;18,8;73;62;62;5;14,6;9,6;
2019/10/05;1800 UTC;0;968,1;968,1;965,7;1578,6;27;18,6;27,7;25,8;19,7;18,2;66;60;60;355;15;9,9;
2019/10/05;1900 UTC;0;964,8;968,7;964,8;867,2;25,5;17;27,2;24,8;18,7;16,9;64;59;59;353;13,9;8,4;
2019/10/05;2000 UTC;0;962,3;964,7;962,3;605,9;25,2;15,9;26,1;24,9;17,4;15,6;60;56;56;350;13,1;8,9;
2019/10/05;2100 UTC;0;958,2;962,3;958,2;260,7;23,8;15,5;25,3;23,7;15,9;15,4;60;56;60;344;12,5;7;
2019/10/05;2200 UTC;0;954,3;958,2;954,3;18,4;23,3;15,4;23,8;23,3;15,5;15,4;61;60;61;352;10,1;5,1;
2019/10/05;2300 UTC;0;951;954,3;951;0;21,6;15,6;23,4;21,6;15,6;15;69;60;69;4;8,7;5,9;
2019/10/06;0000 UTC;0;944,9;951;944,9;0;19,9;16,7;21,6;19,9;16,7;15,6;82;69;82;359;9,9;7,1;
2019/10/06;0100 UTC;0;941,8;944,9;941,8;0;19,6;17,1;19,9;19,5;17,2;16,7;86;82;85;345;10;6,2;
2019/10/06;0200 UTC;0;941,2;941,9;941,2;0;19,4;16,9;19,6;19,3;17,1;16,9;86;85;85;327;11,5;3,8;
2019/10/06;0300 UTC;0;941,4;941,4;941,2;0;19,4;16,8;19,4;19,3;16,9;16,8;86;85;85;347;7,2;4,6;
2019/10/06;0400 UTC;0;941,7;941,8;941,5;0;19,2;16,8;19,4;19,1;16,8;16,7;86;85;86;348;6,9;4,3;
2019/10/06;0500 UTC;0;942;942;941,7;0;19,1;16,6;19,2;19,1;16,7;16,6;86;86;86;339;6,2;4,3;
2019/10/06;0600 UTC;0;942,3;942,3;942;0;19;16,5;19,1;18,9;16,7;16,5;86;86;86;346;6,2;3,6;
2019/10/06;0700 UTC;0;943;943;942,3;0;19,2;16;19,3;18,9;16,5;16;86;82;82;303;5,6;2,6;
2019/10/06;0800 UTC;0;943,9;943,9;943;0;19,1;16;19,3;19;16,1;16;83;81;83;358;6,9;5,4;
2019/10/06;0900 UTC;0;944,4;944,4;943,9;0;19,2;15,8;19,2;19;16;15,8;83;81;81;322;6,9;3;
2019/10/06;1000 UTC;0;945,5;945,5;944,4;24,2;19,2;16;19,5;19;16;15,7;82;79;82;5;9,4;5,5;
2019/10/06;1100 UTC;0;946,5;946,5;945,5;108,8;19,2;16,4;19,2;18,9;16,5;15,8;84;81;84;351;8;4,9;
2019/10/06;1200 UTC;0;947,3;947,3;946,5;77,1;18,7;16,3;19,2;18,7;16,6;16,3;86;84;86;7;9,2;6;
2019/10/06;1300 UTC;0;946,7;947,4;946,5;138;18,5;15,8;18,8;18,1;16,4;15,7;87;84;84;358;10,5;6,8;
2019/10/06;1400 UTC;0;951;951;946,7;527,4;19,6;15,4;20,1;18,5;16,3;15,4;84;76;77;348;9,4;6,4;
2019/10/06;1500 UTC;0;952,6;952,6;951;254,5;19,5;14,8;19,8;19,3;15,8;14,8;79;74;75;344;9,9;6,1;
2019/10/06;1600 UTC;0;952,2;952,8;952,2;191,6;19,4;14,9;19,6;19,2;15,1;14,8;76;75;75;334;9,7;5,4;
2019/10/06;1700 UTC;0;953,6;953,6;952,2;377,6;20,5;15,6;20,5;19,3;15,8;14,8;76;74;74;337;7,8;4,5;
2019/10/06;1800 UTC;0;957,5;957,5;953,6;761,3;21,1;15,3;21,3;20;16,2;15,2;76;69;70;343;6,5;4,4;
2019/10/06;1900 UTC;,2;958,8;959,3;957,6;397;20,3;15,8;21,1;20,3;16,3;15,1;76;69;75;350;7,3;4,4;
2019/10/06;2000 UTC;0;956,4;958,8;956,4;128,1;19,5;16;20,4;19,5;16;15,6;80;75;80;348;7,2;3,7;
2019/10/06;2100 UTC;,4;953,2;956,4;953,2;65,1;18,9;16,4;19,5;18,8;16,4;15,9;86;80;86;315;5,8;1,9;
2019/10/06;2200 UTC;,2;951,4;953,2;951,4;8,5;18,5;16,8;18,9;18,5;16,8;16,4;90;86;90;353;3,7;2,1;
2019/10/06;2300 UTC;,2;951;951,5;951;0;18,5;16,8;18,6;18,4;16,9;16,8;90;90;90;355;4;2,6;
2019/10/07;0000 UTC;0;951,3;951,3;951;0;18,7;16,9;18,7;18,4;16,9;16,8;90;89;89;347;4,7;3,5;
2019/10/07;0100 UTC;,2;952,2;952,2;951,3;0;18,6;16,8;18,9;18,6;16,9;16,8;89;88;89;332;5,3;2,1;
2019/10/07;0200 UTC;0;952,7;952,7;952,2;0;18,8;16,9;18,8;18,5;16,9;16,8;90;89;89;261;4,3;3,1;
2019/10/07;0300 UTC;,2;953,7;953,7;952,7;0;18,9;16,8;19,1;18,8;16,9;16,7;89;86;88;284;5,3;1,8;
2019/10/07;0400 UTC;0;954,6;954,6;953,7;0;18,9;17,2;19;18,8;17,2;16,8;90;88;90;218;5,4;2;
2019/10/07;0500 UTC;,4;955,1;955,1;954,6;0;18,8;17;18,9;18,7;17,2;17;90;90;90;194;6,6;3,2;
2019/10/07;0600 UTC;0;955,2;955,3;955,1;0;18,6;17;18,8;18,6;17;16,9;90;89;90;28;5,5;,7;
2019/10/07;0700 UTC;,4;955,1;955,5;955;0;18,2;16,4;18,7;18,2;17;16,1;91;87;89;327;3,9;1,8;
2019/10/07;0800 UTC;,2;954,7;955,2;954,7;0;18,3;16,4;18,4;18,1;16,5;16,3;90;88;89;259;2,8;1,6;
2019/10/07;0900 UTC;0;955,2;955,2;954,7;0;18,2;16,6;18,3;18,2;16,6;16,4;90;89;90;316;3,4;,9;
2019/10/07;1000 UTC;0;955,8;955,8;955,2;24,7;18,4;16,6;18,4;18,1;16,6;16,3;90;89;89;263;3,5;2,1;
2019/10/07;1100 UTC;0;957,3;957,3;955,8;95,2;18,7;16,7;18,7;18,3;16,7;16,4;89;88;88;225;3,8;1,7;
2019/10/07;1200 UTC;0;961,8;961,8;957,3;516;19,9;16,7;20,1;18,7;17,3;16,5;88;81;82;206;7,7;3,6;
2019/10/07;1300 UTC;0;967,2;967,2;961,8;744,9;20,8;17,1;21;19,8;17,6;16,5;83;78;79;194;7,2;3,5;
2019/10/07;1400 UTC;0;974,2;974,2;967,2;1493,1;23,7;18,1;23,7;20,8;18,2;16,8;80;68;71;184;8,4;4,9;
2019/10/07;1500 UTC;0;980,8;980,8;974,3;1542,8;23,6;17,4;24,4;22,3;18,4;16,8;73;66;68;184;8,2;4,4;
2019/10/07;1600 UTC;0;986,9;986,9;980,8;1935,1;26,1;18,2;26,1;23,2;18,9;16,9;70;62;62;179;7,4;2,6;
2019/10/07;1700 UTC;0;991,7;991,7;986,9;1996,7;25,6;17,6;26;24,2;18;16,4;66;59;61;181;7,5;3,2;
2019/10/07;1800 UTC;0;992,7;994,2;991,7;1572,1;25,6;17;26,2;24,6;17,9;16,3;63;57;59;185;7,8;4,5;
2019/10/07;1900 UTC;0;992,8;993,1;992,7;1194,6;25,3;16,7;26,1;24,9;17,1;15,9;60;55;59;176;7,8;4,1;
2019/10/07;2000 UTC;0;989,6;992,8;989,6;810,5;25;16,2;25,5;24,9;16,9;16,1;60;57;58;196;6,8;3,6;
2019/10/07;2100 UTC;0;985,2;989,6;985,2;427,8;24,1;16,3;25,4;24,1;16,7;16;62;57;62;200;5,9;2,7;
2019/10/07;2200 UTC;0;976,6;985,2;976,6;39,4;22,5;16,8;24,2;22,5;16,8;16;70;61;70;178;5,8;3,3;
2019/10/07;2300 UTC;0;969,3;976,6;969,3;0;21,4;16,6;22,5;21,4;16,9;16,6;74;70;74;179;5,5;2,4;
2019/10/08;0000 UTC;0;964,9;969,3;964,9;0;20,7;16,5;21,4;20,6;16,6;16,4;77;74;77;184;4,9;2,7;
2019/10/08;0100 UTC;0;962,2;964,9;962,2;0;20,2;16,3;20,7;20,2;16,5;16,3;79;77;78;174;4,3;2,3;
2019/10/08;0200 UTC;0;961;962,2;961;0;20,1;16,4;20,4;20,1;16,5;16,3;80;78;80;190;3,5;1,8;
2019/10/08;0300 UTC;0;960,4;961,2;960,4;0;20;16,5;20,1;19,9;16,5;16,4;81;79;80;191;3,1;1,6;
2019/10/08;0400 UTC;0;959,5;960,6;959,5;0;20;16,6;20;19,8;16,6;16,4;81;80;81;236;2,2;,8;
2019/10/08;0500 UTC;0;959,2;959,6;959,2;0;19,6;16,4;20,1;19,5;16,7;16,3;82;80;82;244;3,3;1,1;
2019/10/08;0600 UTC;0;958,6;959,3;958,6;0;19,5;16,3;19,8;19,5;16,5;16,3;82;81;82;229;3;1,5;
2019/10/08;0700 UTC;0;958,4;958,8;958,3;0;19,2;16,2;19,5;19,2;16,4;16,1;83;82;83;226;3,2;1,6;
2019/10/08;0800 UTC;0;958;958,5;958;0;19,1;16;19,3;18,9;16,2;15,9;83;82;82;221;3,6;1,8;
2019/10/08;0900 UTC;0;958;958,3;958;0;18,8;15,6;19,2;18,8;16;15,6;83;81;82;267;3,7;2,3;
2019/10/08;1000 UTC;0;958,3;958,3;958;64,6;19,4;15,5;19,4;18,8;15,6;15,4;82;78;78;223;4,3;2,2;
2019/10/08;1100 UTC;0;962,3;962,3;958,3;311;20,5;15,6;20,5;19,4;15,8;15,3;78;73;73;215;5,5;2,6;
2019/10/08;1200 UTC;0;970,7;970,7;962,3;848;23,5;15,5;23,5;20,5;16,1;14,8;74;60;61;219;5;2,9;
2019/10/08;1300 UTC;0;982;982;970,8;1560,1;25,3;14,7;25,4;23,2;15,5;14;61;51;52;194;6,8;3,8;
2019/10/08;1400 UTC;0;992,6;992,6;982,1;1788,7;26,4;13,6;27;25,1;15,2;13;53;43;45;207;6,8;2,8;
2019/10/08;1500 UTC;0;998,1;998,1;992,6;1700,6;28,4;12,5;28,6;26,4;13,8;12,2;46;37;38;257;7,4;3,3;
2019/10/08;1600 UTC;0;1004,3;1004,3;998,1;1778,8;28,7;11,6;29,9;28;13,1;10,1;38;31;35;288;6,4;2,7;
2019/10/08;1700 UTC;0;1004,9;1005,1;1004,3;1037,8;28,7;11,6;29,2;28,4;12,9;10,8;38;32;35;200;6,4;1,7;
2019/10/08;1800 UTC;0;1002,3;1005;1002,3;820,8;28,8;11,8;29,2;28,4;12,9;10,8;37;32;35;199;4,5;1,2;
2019/10/08;1900 UTC;0;1001,9;1002,4;1001,8;956,8;28,8;11,7;29,6;28,6;13,9;10,9;40;32;35;151;4,8;2,1;
2019/10/08;2000 UTC;0;1001,5;1002,3;1001,5;876,9;29,9;10,1;30,2;28,8;12,3;9,4;36;29;29;350;4,5;1;
2019/10/08;2100 UTC;0;997,6;1001,5;997,6;447,2;28,1;12,3;30;28,1;12,4;9,5;38;29;38;66;3,4;1,8;
2019/10/08;2200 UTC;0;985,1;997,6;985,1;35,4;25,3;13,8;28,1;25,3;13,8;12,6;49;38;49;82;3,7;1,7;
2019/10/08;2300 UTC;0;975,6;985;975,6;0;25,4;13;25,9;25,3;13,9;12,9;49;45;46;31;2,9;,5;
2019/10/09;0000 UTC;0;972,7;975,6;972,7;0;25,8;12,7;26,3;25;13,1;12,6;48;43;44;128;2,8;1,2;
2019/10/09;0100 UTC;0;971,2;972,8;971,2;0;25,2;12,7;25,9;24,9;13,2;12,7;48;44;46;134;2,3;2;
2019/10/09;0200 UTC;0;968,1;971,2;968,1;0;24;12,9;25,3;23,6;13,5;12,5;53;45;50;204;2,3;1,7;
2019/10/09;0300 UTC;0;965,7;968,1;965,7;0;22,5;12,9;24,8;21,3;12,9;11,6;56;45;55;296;2,1;1,7;
2019/10/09;0400 UTC;0;962,9;965,7;962,9;0;22,9;12,5;23,7;22;12,9;12,2;55;49;52;274;3,4;2,2;
2019/10/09;0500 UTC;0;962,5;962,9;962,4;0;22,4;12,4;23,4;22,3;12,5;12,2;54;50;53;246;4,8;2,6;
2019/10/09;0600 UTC;0;962,5;962,7;962,5;0;22;12,3;23,1;21,9;12,5;12,1;54;50;54;238;5,9;2,9;
2019/10/09;0700 UTC;0;960,2;962,5;960,2;0;20,8;12,7;22,3;20,8;12,7;12,2;60;53;60;234;6,2;2,9;
2019/10/09;0800 UTC;0;957,3;960,2;957,3;0;20,2;13,2;21;20,1;13,2;12,6;64;59;64;213;6,8;3,5;
2019/10/09;0900 UTC;0;956,2;957,3;956,2;0;20,2;13,9;20,6;20,2;13,9;13,2;67;64;67;202;6,8;3,7;
2019/10/09;1000 UTC;0;956,1;956,3;956;78,5;20,9;14,9;20,9;19,9;14,9;13,9;70;67;69;214;6,1;3;
2019/10/09;1100 UTC;0;963,8;963,8;956,2;594,6;23,7;15,9;23,7;20,9;16,1;14,8;69;62;62;202;8,3;4,8;
2019/10/09;1200 UTC;0;974,4;974,4;963,8;1179,7;25,5;15,4;25,7;23,6;16,4;15,4;63;54;54;194;9,1;5,4;
2019/10/09;1300 UTC;0;983,6;983,6;974,4;1710,6;27,9;14,7;28,4;25,3;16,1;14,6;56;44;44;223;8,9;3,4;
2019/10/09;1400 UTC;0;993,7;993,7;983,7;2125,9;28,8;12,7;29,6;27,6;15,6;12,7;46;37;37;191;6,9;3,9;
2019/10/09;1500 UTC;0;1000,8;1000,8;993,7;2391,6;30,5;13;30,8;28,7;14,5;10,6;41;30;34;200;7,9;3,2;
2019/10/09;1600 UTC;0;1005,1;1005,1;1000,8;2474,5;31,8;10,8;31,9;30;12,4;9,3;34;25;28;270;5,9;1,2;
2019/10/09;1700 UTC;0;1009,3;1009,3;1005,1;2362;33;9;33,1;31;11,6;9;30;23;23;182;6,4;1,2;
2019/10/09;1800 UTC;0;1011,6;1011,7;1009,4;2074,4;32,7;7,7;33,5;32,1;11,1;7,1;27;20;21;179;5,6;1;
2019/10/09;1900 UTC;0;1010,8;1012;1010,8;1643,7;33,4;5,9;33,8;32,6;9,4;5,4;23;17;18;262;4,7;1,8;
2019/10/09;2000 UTC;0;1007,1;1010,8;1007,1;1092,8;32,8;5,9;33,8;32,6;7;4,7;20;16;19;223;5,8;1,8;
2019/10/09;2100 UTC;0;1001,2;1007,1;1001,2;499,5;31,3;5,1;32,9;31,3;6,3;3,9;20;16;19;219;4,5;1,5;
2019/10/09;2200 UTC;0;987,5;1001,2;987,5;51,9;29,2;6,7;31,4;29,2;6,9;5,1;24;19;24;233;3,3;1,6;
2019/10/09;2300 UTC;0;974,7;987,4;974,7;0;29;6,4;29,3;26,9;7,5;6,2;29;24;24;58;3,2;,8;
2019/10/10;0000 UTC;0;970,8;974,7;970,8;0;28;6,9;29,6;27,8;7;6,1;27;23;26;224;2,2;1,1;
2019/10/10;0100 UTC;0;967,3;970,8;967,3;0;26,4;7,1;28,1;26,4;7,3;6,8;29;26;29;163;2,9;2,3;
2019/10/10;0200 UTC;0;962,1;967,3;962,1;0;25,4;8,8;26,4;24,3;9;7,1;38;29;35;156;3,5;2,9;
2019/10/10;0300 UTC;0;958,9;962,1;958,9;0;24,5;10,1;25,4;24,2;10,6;8,4;40;35;40;227;3,4;1,3;
2019/10/10;0400 UTC;0;956,8;958,9;956,8;0;24,1;12,4;24,6;23,9;12,4;10,2;48;40;48;228;3,3;1,7;
2019/10/10;0500 UTC;0;956,4;956,8;956,2;0;23,5;9;24,3;23,4;12,4;9;49;39;40;202;4,9;3;
2019/10/10;0600 UTC;0;955,8;956,7;955,8;0;22,4;11,5;23,5;22,4;11,5;9;50;40;50;205;7,7;4,5;
2019/10/10;0700 UTC;0;953,7;955,8;953,7;0;21,8;13,6;22,4;21,5;13,6;11,6;60;50;60;211;7,4;4,2;
2019/10/10;0800 UTC;0;952,1;953,7;952,1;0;21,4;13,9;21,8;21,3;13,9;13,6;62;60;62;213;7,6;4,2;
2019/10/10;0900 UTC;0;950,5;952,2;950,5;0;20,5;13,9;21,4;20,5;13,9;13,8;66;62;66;214;7,5;3,8;
2019/10/10;1000 UTC;0;950,2;950,5;949,8;79,7;21,6;13,9;21,6;20,4;14;13,8;66;62;62;213;7;3,9;
2019/10/10;1100 UTC;0;957,7;957,7;950,2;594,1;23,9;14,1;23,9;21,6;14,1;13,6;62;54;54;203;10,4;5,4;
2019/10/10;1200 UTC;0;966,9;966,9;957,7;1173,5;26;14,6;26;23,9;14,6;13,7;54;48;50;202;11,8;6,6;
2019/10/10;1300 UTC;0;975,1;975,1;966,9;1701,4;27,1;14,5;27,7;26;15,4;14,1;49;45;46;191;11,8;7;
2019/10/10;1400 UTC;0;981,9;981,9;975,1;2114,5;29,1;15,7;30,1;27;16,4;14,4;48;42;44;192;11,2;5,6;
2019/10/10;1500 UTC;0;989,5;989,5;981,9;2376,8;30,9;15,4;31,5;29,1;16,3;14,8;45;37;39;194;11,9;5,9;
2019/10/10;1600 UTC;0;994,8;994,8;989,5;2425,4;32,1;13,7;32,4;30,7;15,8;13,7;40;32;33;168;11,2;6,2;
2019/10/10;1700 UTC;0;999,3;999,3;994,8;2358,3;32,7;12,7;33,4;32;14,6;12,4;35;29;30;174;11,4;5,6;
2019/10/10;1800 UTC;0;1001,8;1001,8;999,3;2004;33,5;11,3;34;32,2;13,6;10,9;31;25;26;164;11,4;5,2;
2019/10/10;1900 UTC;0;1002;1002,4;1001,8;1670,7;33,4;10;33,9;33,2;11,9;10;27;24;24;150;9,7;5;
2019/10/10;2000 UTC;0;999,6;1002;999,6;1110,2;32,2;12,4;33,7;32,2;13,3;8,1;31;21;30;135;7,7;3,6;
2019/10/10;2100 UTC;0;992,8;999,6;992,8;506,7;31,2;11,4;32,8;31,2;12,8;11,4;31;29;30;105;6,8;2,8;
2019/10/10;2200 UTC;0;981,2;992,8;981,2;54;29,2;12,7;31,2;29;12,7;11,4;36;30;36;128;5,2;2,8;
2019/10/10;2300 UTC;0;971,3;981,2;971,3;0;28;12,9;29,5;27,8;13,3;12,6;40;36;39;187;4,5;1,4;
2019/10/11;0000 UTC;0;965,3;971,3;965,3;0;26,9;11,4;28,1;26,9;13;11,4;40;37;38;195;3,5;2;
2019/10/11;0100 UTC;0;961,6;965,3;961,6;0;26,5;10,8;27,1;26,4;11,5;10,8;38;37;38;195;3,7;2,3;
2019/10/11;0200 UTC;0;959,6;961,6;959,6;0;26,6;10;26,7;26,1;10,9;10;38;35;35;206;3,6;2,5;
2019/10/11;0300 UTC;0;958,7;959,6;958,7;0;25,5;9,4;26,6;25,4;10,1;9,2;37;34;36;194;4,2;2,5;
2019/10/11;0400 UTC;0;957,4;958,7;957,3;0;25,3;8,3;25,5;24,9;9,6;8,3;38;34;34;196;5,1;3,2;
2019/10/11;0500 UTC;0;956,3;957,5;956,3;0;24,5;7,9;25,3;24,3;8,8;7,7;37;33;35;203;6,4;4,1;
2019/10/11;0600 UTC;0;955,6;956,5;955,5;0;24;8,1;24,5;23,9;8,1;7,7;36;34;36;193;7;4;
2019/10/11;0700 UTC;0;952,5;955,7;952,5;0;22,6;8,8;23,9;22,4;9;8,1;42;36;41;187;6,7;3,4;
2019/10/11;0800 UTC;0;950,4;952,5;950,4;0;22,4;9,9;22,7;22,3;10;8,9;45;41;45;197;5,5;3,2;
2019/10/11;0900 UTC;0;949,5;950,5;949,5;0;22,1;12,1;22,5;21,9;12,1;10,1;53;45;53;192;5,7;3,2;
2019/10/11;1000 UTC;0;950,3;950,3;949,5;78,7;23,2;13,9;23,2;21,7;14;12;57;53;56;186;8,4;4,6;
2019/10/11;1100 UTC;0;958,9;958,9;950,3;587,9;25,5;15,4;25,6;23,2;15,6;14;56;53;54;183;8,4;5,8;
2019/10/11;1200 UTC;0;968,7;968,7;958,9;1156,6;27,8;17,4;27,8;25,5;17,5;15,5;56;52;53;173;9,6;5,9;
2019/10/11;1300 UTC;0;976,6;976,6;968,7;1678,3;28,8;17,6;29;27,4;18,2;17;54;50;51;166;10,7;6,5;
2019/10/11;1400 UTC;0;984,9;984,9;976,6;2086,6;32,3;16,8;32,3;28,8;17,8;15,4;51;38;39;165;11,1;6,9;
2019/10/11;1500 UTC;0;992,5;992,5;985;2354,2;33,2;15,1;33,4;31,9;16,1;14,4;39;33;34;153;11,6;6,7;
2019/10/11;1600 UTC;0;997,5;997,5;992,5;2408;33,9;14,7;34,3;33;15,7;14;35;30;32;161;12,5;6,7;
2019/10/11;1700 UTC;0;1000,5;1000,5;997,5;2339,9;34,5;13,6;35,1;33,6;15,5;13,1;33;28;28;168;10,9;6;
2019/10/11;1800 UTC;0;1002,6;1002,6;1000,5;2025;35,2;14,2;35,8;34;16;13,7;32;28;28;171;9,5;3,1;
2019/10/11;1900 UTC;0;1003,5;1003,7;1002,6;1663;34,8;14,6;35,4;34,4;15,5;12,5;31;26;30;164;8,8;4;
2019/10/11;2000 UTC;0;999,8;1003,5;999,8;1015,5;34,5;14,5;35,1;34;14,9;13,5;31;28;30;172;8,8;3,7;
2019/10/11;2100 UTC;0;994,2;999,8;994,2;403,8;33,4;13,8;34,7;33,4;14,6;13,7;31;29;31;194;7,3;4,2;
2019/10/11;2200 UTC;0;983,4;994,2;983,4;14,5;31,6;14,2;33,4;31,6;14,3;13,5;35;31;35;201;6,2;2,9;
2019/10/11;2300 UTC;0;975,7;983,4;975,7;0;30,4;14,2;31,6;30,4;14,2;14;37;35;37;202;5,3;3,1;
2019/10/12;0000 UTC;0;971,5;975,7;971,5;0;29,6;14;30,5;29,6;14,3;13,8;39;37;39;199;6,7;3,3;
2019/10/12;0100 UTC;0;968,4;971,5;968,4;0;29;14;29,8;28,9;14,1;13,9;40;38;40;206;6,1;3,6;
2019/10/12;0200 UTC;0;966,2;968,4;966,2;0;28,9;13,7;29,4;28,9;14,1;13,7;40;39;39;200;5,6;3,4;
2019/10/12;0300 UTC;0;964,7;966,2;964,7;0;28,3;13,4;28,9;28,3;13,8;13,3;40;39;40;200;6;3,2;
2019/10/12;0400 UTC;0;962,2;964,8;962,2;0;26,1;15,3;28,5;26,1;15,3;13,2;52;39;52;141;6,4;2,9;
2019/10/12;0500 UTC;0;956,3;962,2;956,3;0;25,2;16;26,2;24,4;16,3;15,4;60;52;57;151;5,1;3;
2019/10/12;0600 UTC;0;951,6;956,3;951,6;0;24,7;15,6;25,3;24,1;16,1;15,6;61;56;57;187;4,5;2,2;
2019/10/12;0700 UTC;0;949,8;951,6;949,8;0;24,6;15,3;24,8;24;15,5;15,2;58;56;56;198;3,9;2,5;
2019/10/12;0800 UTC;0;949,7;949,9;949,7;0;23,8;15,5;24,8;23,8;15,5;15,2;60;55;60;199;3,7;2,3;
2019/10/12;0900 UTC;0;948,7;949,8;948,7;0;23,9;15,4;24;23,6;15,6;15,4;60;59;59;186;4,6;2,9;
2019/10/12;1000 UTC;0;950,8;950,8;948,7;81,1;25,3;15,7;25,3;23,9;15,8;15,3;59;55;55;192;4,6;2,6;
2019/10/12;1100 UTC;0;959,9;959,9;950,9;596,4;28,1;16,2;28,2;25,3;16,9;15,6;56;48;48;179;4,7;3,3;
2019/10/12;1200 UTC;0;971,6;971,6;960;1157,5;30,3;15,8;30,5;27,9;16,8;15,6;50;42;42;170;5,3;2,9;
2019/10/12;1300 UTC;0;982,8;982,8;971,6;1672,2;32,6;15,7;32,6;30,3;16,8;15,2;43;36;36;134;5,9;3,2;
2019/10/12;1400 UTC;0;989,6;989,6;982,8;2087,2;33,6;15,6;33,7;32;16,5;14,6;38;32;34;136;7,7;3,8;
2019/10/12;1500 UTC;0;993,6;993,6;989,6;2352,5;34,4;14,6;35,1;33,3;16;14,1;35;29;31;148;10,2;5,6;
2019/10/12;1600 UTC;0;997,6;997,6;993,6;2458,9;35,8;13,2;36,2;34,4;15,3;13,2;31;26;26;148;11,6;5,3;
2019/10/12;1700 UTC;0;1000,4;1000,4;997,6;2318,1;36,3;11;37,1;35,2;14,1;9,9;28;20;22;147;11,7;5,9;
2019/10/12;1800 UTC;0;1002,3;1002,4;1000,4;2041;36,7;11;37,5;35,7;12,7;9,3;24;18;21;144;10,6;5,2;
2019/10/12;1900 UTC;0;1001,6;1002,3;1001,6;1653,9;36,9;11,8;37,5;36,3;12,7;9,7;24;19;22;155;9,3;5,5;
2019/10/12;2000 UTC;0;998,4;1001,6;998,4;1164,5;36,3;11,8;37,2;36,1;12,3;10,6;23;21;23;145;9,3;3,7;
2019/10/12;2100 UTC;0;988,2;998,4;988,2;202,8;33,9;12,5;36,3;33,9;12,6;11,1;27;22;27;183;7,5;2;
2019/10/12;2200 UTC;0;977,2;988,2;977,2;47,4;32,6;12,7;33,8;32,5;13;12,5;30;27;30;195;4,1;2,1;
2019/10/12;2300 UTC;0;968,7;977,2;968,7;0;30,9;13,2;32,7;30,8;13,3;12,6;34;30;34;178;3,5;2,4;
2019/10/13;0000 UTC;0;963;968,7;963;0;30,2;13,5;31;30;14;13,1;38;34;36;174;3,7;2,6;
2019/10/13;0100 UTC;0;961,2;963;961,2;0;29,2;14,5;30,4;29,2;14,6;13,6;41;36;41;172;4,7;3,2;
2019/10/13;0200 UTC;0;957,7;961,2;957,7;0;28,6;14,7;29,2;28,1;14,9;14,4;44;41;43;177;4,6;3,3;
2019/10/13;0300 UTC;0;956,4;957,7;956,4;0;28,2;14;28,8;28;14,7;14;43;41;42;168;4,7;3,2;
2019/10/13;0400 UTC;0;955;956,4;955;0;27;14;28,4;27;14,1;13,7;45;41;45;174;5,2;2,8;
2019/10/13;0500 UTC;0;953,6;955;953,6;0;26,4;14,6;27,8;26,3;14,6;13,9;48;43;48;167;6,7;3,4;
2019/10/13;0600 UTC;0;949;953,6;949;0;25,1;15,1;26,4;25,1;15,2;14,6;54;48;54;180;4,7;2,3;
2019/10/13;0700 UTC;0;945,6;949;945,6;0;25,1;15,3;25,3;24,7;15,4;15,1;56;54;55;185;3,2;2,5;
2019/10/13;0800 UTC;0;944,6;945,7;944,6;0;24,4;15,3;25,1;24,2;15,4;15,2;57;55;57;174;3,8;2,7;
2019/10/13;0900 UTC;0;943,6;944,7;943,5;0;24,5;15,2;24,6;24,2;15,3;15,1;57;56;56;162;4;3;
2019/10/13;1000 UTC;0;945;945;943,6;86,6;25,3;15,8;25,3;24,1;15,8;15,1;57;55;56;185;3,9;2,6;
2019/10/13;1100 UTC;0;954;954;945,1;595;28,1;15,5;28,1;25,3;15,9;15,2;56;46;47;171;4,8;3,2;
2019/10/13;1200 UTC;0;965,8;965,8;954;1150,6;30,9;14,9;30,9;28;16,1;14,9;47;38;38;151;6;3,3;
2019/10/13;1300 UTC;0;977;977;965,8;1662,1;32,2;14,4;32,5;30,6;15,4;13,9;39;33;34;130;6,9;2,5;
2019/10/13;1400 UTC;0;986,4;986,4;977,1;2156;34;14;34,3;32;15,7;13,4;36;28;30;104;7,9;3,2;
2019/10/13;1500 UTC;0;992,3;992,3;986,5;2290;35,8;13,3;35,8;33,9;15,5;11,7;32;24;26;77;7,9;3,7;
2019/10/13;1600 UTC;0;995,1;995,1;992,3;2425,1;36,1;11,6;37,5;34,6;13,7;11,1;26;22;23;91;8,6;3;
2019/10/13;1700 UTC;0;998,6;998,6;995,1;2342,7;36,7;11,8;37,3;35,7;13,4;10,7;25;21;22;46;8,6;3,9;
2019/10/13;1800 UTC;0;996,6;999,2;996,6;1583,7;34,3;12,7;37,1;33,7;13,4;11;28;21;27;78;10;2,9;
2019/10/13;1900 UTC;0;994;996,6;993;1577,9;36,6;9,7;37,1;34,3;13;8,8;27;19;20;66;5,7;1,9;
2019/10/13;2000 UTC;0;993,1;994,8;993,1;974,4;35,6;11,1;36,8;35,6;11,3;9,2;23;18;23;119;6;3,6;
2019/10/13;2100 UTC;0;984,6;993,1;984,6;340,1;33,4;12,2;35,7;33,4;12,2;10,6;28;22;28;92;6,7;2,6;
2019/10/13;2200 UTC;0;970,4;984,5;970,4;41,1;30,8;13,6;33,4;30,7;13,7;12,2;35;28;35;106;6,7;2,4;
2019/10/13;2300 UTC;0;960,1;970,3;960,1;0;29,7;14,8;30,8;29,4;15;13,7;42;35;40;172;4,4;2;
2019/10/14;0000 UTC;0;956,9;960,1;956,9;0;27,7;16,1;29,8;27,3;16,1;14,8;50;40;49;165;8,9;4,3;
2019/10/14;0100 UTC;,8;947,3;956,9;947,3;,5;23,8;18,4;28,6;23,6;18,6;15,5;74;45;72;169;14,4;3,5;
2019/10/14;0200 UTC;,2;939,4;947,3;939,4;0;24,1;18,6;24,8;23,4;19;17,9;74;66;71;111;4,6;,5;
2019/10/14;0300 UTC;0;940,8;940,8;939,4;,2;24,8;17,7;25,6;24;18,8;16,9;72;60;65;267;5,4;1,8;
2019/10/14;0400 UTC;0;941,9;941,9;940,8;0;24,1;18,6;25,2;24;18,8;17,4;73;62;72;185;3,8;2,6;
2019/10/14;0500 UTC;0;942;942,2;941,8;0;24,2;18,2;24,5;23,9;18,9;18,2;74;69;69;234;5,6;3,4;
2019/10/14;0600 UTC;0;942,1;942,3;942;0;24,1;17,9;24,2;23,6;18,4;17,8;73;68;68;202;7,2;4,6;
2019/10/14;0700 UTC;0;943,7;943,7;942,1;0;24,4;17,1;24,8;24;17,8;17,1;68;63;64;189;8,9;5;
2019/10/14;0800 UTC;0;944,3;944,3;943,7;0;23,8;16,8;24,4;23,8;17,1;16,6;65;62;65;169;8,9;4,3;
2019/10/14;0900 UTC;0;943,2;944,4;943,2;0;23;17,4;23,8;23;17,4;16,9;71;65;71;154;5,9;2,1;
2019/10/14;1000 UTC;0;942,2;943,3;942,2;43,5;23,2;18;23,2;22,8;18;17,2;73;70;73;116;4,4;1;
2019/10/14;1100 UTC;0;946,1;946,1;942,2;296,7;24,6;17,7;24,8;23,2;17,9;17,1;73;63;65;165;3,3;2,5;
2019/10/14;1200 UTC;0;953,7;953,7;946,1;649,8;25,9;17,1;25,9;24,6;18;17,1;66;58;58;153;3,4;1,3;
2019/10/14;1300 UTC;0;963;963;953,7;1318,3;29;16,8;29;25,8;18;16,2;58;47;48;200;6,6;3,9;
2019/10/14;1400 UTC;0;969,4;969,4;963,1;1036,7;29,6;16,9;29,6;28,5;17,7;16,3;50;46;46;192;6,6;2,8;
2019/10/14;1500 UTC;0;974;974;969,4;860,8;30,3;16,4;30,6;29,4;17,8;16,2;49;43;43;50;4,8;,7;
2019/10/14;1600 UTC;0;976,7;976,7;974;932;31,1;16,1;31,2;30;17,2;15,4;45;39;40;13;3,7;2,2;
2019/10/14;1700 UTC;0;985,4;985,4;976,7;2258,7;33,1;15;33,9;31;16,7;13,7;40;31;34;34;7,9;4,1;
2019/10/14;1800 UTC;0;984,7;987,3;984,7;1214,4;32,1;14,9;33,8;31,8;15,4;14,2;36;32;36;360;8;2,7;
2019/10/14;1900 UTC;0;985,7;985,7;984,4;1385,6;31,8;14;34;31,8;15,6;13;37;29;34;10;9,3;5,8;
2019/10/14;2000 UTC;0;982,9;985,6;982,9;945,6;32,3;14,5;33,5;31,7;15,4;14,1;36;32;34;355;11,1;6,8;
2019/10/14;2100 UTC;0;976,3;982,9;976,3;346,9;30,5;16,2;32,5;30,4;16,2;13,6;42;33;42;358;12,2;7,6;
2019/10/14;2200 UTC;0;965,9;976,3;965,9;58,1;27,8;17;30,5;27,7;17,1;16,2;52;42;52;345;11,5;4,5;
2019/10/14;2300 UTC;0;957,6;965,9;957,6;0;26,7;16,9;27,8;26,6;17,1;16,8;55;52;55;319;8,3;2,9;
2019/10/15;0000 UTC;0;954,2;957,6;954,2;0;26;17,3;26,7;25,6;17,3;16,9;59;55;59;331;4,8;2,4;
2019/10/15;0100 UTC;0;953,2;954,2;953,2;0;26,3;17,5;26,4;25,6;17,6;17,2;61;58;59;300;4,7;2,5;
2019/10/15;0200 UTC;0;955,1;955,1;953,2;0;27,2;17,1;27,2;26,3;17,6;17;59;54;54;274;5,6;3,5;
2019/10/15;0300 UTC;0;956,3;956,6;955,1;0;25,2;17,7;27,3;25,2;17,7;16,8;63;53;63;24;5,3;2,5;
2019/10/15;0400 UTC;0;952,4;956,3;952,4;0;25,5;17,6;25,6;24,6;18;17,6;66;61;62;311;3,2;1,4;
2019/10/15;0500 UTC;0;952,1;952,5;952;0;25,9;17,1;26,1;25,4;17,6;17,1;62;58;58;249;2,7;1,8;
2019/10/15;0600 UTC;0;952,8;952,9;952,1;0;25,2;17,2;25,9;25;17,4;16,9;62;58;61;206;7,3;4,4;
2019/10/15;0700 UTC;0;951,8;953;951,8;0;24,2;17,7;25,2;24,2;17,7;17,2;67;61;67;209;7,3;1,2;
2019/10/15;0800 UTC;0;949,3;951,8;949,3;0;23,1;17,6;24,5;23;18,1;17,2;72;64;72;331;2,7;,2;
2019/10/15;0900 UTC;0;947,5;949,3;947,5;,1;23,3;18,8;23,6;23,1;18,9;17,7;76;72;76;205;1,7;,4;
2019/10/15;1000 UTC;0;948,8;948,8;947,5;109,5;24,5;18,9;24,5;23,3;19;18,2;76;70;71;233;1;0;
2019/10/15;1100 UTC;0;953,9;953,9;948,8;247,7;25,3;18,3;25,3;24,5;18,9;17,6;71;64;65;221;4,4;1,5;
2019/10/15;1200 UTC;0;959;959;953,9;582,9;25,9;17,7;26,1;24,9;18,5;17,4;67;60;61;189;7,4;4,3;
2019/10/15;1300 UTC;0;968,2;968,2;959;1483,6;28,1;17,6;28,4;25,9;18,4;16,9;61;51;53;186;7,4;2,7;
2019/10/15;1400 UTC;0;971,8;972,1;968,2;838,7;27,2;17,2;28,1;26,9;17,5;16,6;56;52;55;145;6,2;2,5;
2019/10/15;1500 UTC;0;971,1;971,8;970,9;582,2;27,5;17,6;27,9;27;17,8;16,6;56;52;55;212;5,2;1,9;
2019/10/15;1600 UTC;0;973,5;973,5;971,1;694,8;27,9;17,4;28,3;27,5;18;17;55;52;53;271;3,8;1,8;
2019/10/15;1700 UTC;0;973;973,7;973;566,5;28;17,3;28,4;27,6;18;17;55;51;52;250;4;2,4;
2019/10/15;1800 UTC;0;979,6;979,6;973;1691,1;30,2;17,3;30,4;28;17,9;16,8;53;45;46;266;6,3;2,5;
2019/10/15;1900 UTC;0;981,6;983,1;979,6;949,5;29,6;16,5;30,3;28,7;17,7;16,1;50;44;45;235;5,9;2,1;
2019/10/15;2000 UTC;0;980,9;981,8;980,9;757,9;29,3;16,4;30,3;29,2;16,8;15,7;46;42;46;255;4,6;2;
2019/10/15;2100 UTC;0;974,9;980,9;974,9;276,4;28,1;16,9;29,4;28,1;17;16,2;50;46;50;247;5,1;2,9;
2019/10/15;2200 UTC;0;967,8;974,9;967,8;55,1;26,6;16,9;28,1;26,6;17;16,7;55;50;55;237;4,3;2,2;
2019/10/15;2300 UTC;0;961,4;967,7;961,4;0;25,9;16,8;26,7;25,9;17,1;16,7;57;55;57;255;3,9;1,9;
2019/10/16;0000 UTC;0;958,6;961,4;958,6;0;25,6;16,9;26,1;25,6;17;16,8;59;57;59;271;3,9;2,4;
2019/10/16;0100 UTC;0;957,3;958,6;957,3;0;25,6;17,1;25,9;25,4;17,1;16,8;60;58;59;247;4,1;2,8;
2019/10/16;0200 UTC;0;957,7;957,9;957,3;0;24,6;16,6;25,7;24,6;17,1;16,6;61;59;61;244;6,7;3,9;
2019/10/16;0300 UTC;0;955,4;957,7;955,4;0;23,8;16,1;24,6;23,8;16,6;16;62;61;62;224;7,2;3,4;
2019/10/16;0400 UTC;0;952,4;955,4;952,4;0;22,7;15,6;23,8;22,7;16,1;15,6;64;62;64;260;6,4;3,4;
2019/10/16;0500 UTC;0;950,4;952,4;950,4;0;22,3;15,2;22,8;22,3;15,6;15,2;64;64;64;239;6,1;3,3;
2019/10/16;0600 UTC;0;948,7;950,5;948,7;0;21,5;15;22,3;21,5;15,2;15;67;64;66;239;5,8;3,2;
2019/10/16;0700 UTC;0;946,9;948,7;946,9;0;20,9;15;21,5;20,8;15,1;15;69;66;69;225;6,6;3,2;
2019/10/16;0800 UTC;0;945,3;946,9;945,3;0;20,7;14,7;20,9;20,4;15;14,7;70;68;68;245;7,3;2,8;
2019/10/16;0900 UTC;0;944,6;945,5;944,6;,1;20;14,6;20,8;20;14,7;14,5;71;68;71;237;5,1;2,6;
2019/10/16;1000 UTC;0;944,5;944,7;944,2;88;20,5;14,4;20,5;19,8;14,5;14,3;71;68;68;223;6,2;3,5;
2019/10/16;1100 UTC;0;950,9;950,9;944,5;594,4;22,2;14;22,4;20,5;14,7;14;68;59;60;201;10,8;5,6;
2019/10/16;1200 UTC;0;960,3;960,3;950,9;1203,2;25,1;14,2;25,1;22,2;14,6;13,9;60;51;51;213;11,7;5,6;
2019/10/16;1300 UTC;0;969,7;969,7;960,3;1747,9;26,8;14,7;27;25,1;14,9;13,8;51;46;47;188;11,6;5,9;
2019/10/16;1400 UTC;0;976;976;969,7;1845,4;27,5;14,4;28,5;26;16;13,9;49;43;45;201;11,2;4,4;
2019/10/16;1500 UTC;0;981,6;981,6;976,1;1608,9;28,8;14,7;29,1;27,1;15,4;13,9;47;41;42;174;7,6;2,3;
2019/10/16;1600 UTC;0;987,8;987,8;981,6;2206,9;30,9;15,2;30,9;28,4;15,5;13,5;43;36;39;163;7;2,3;
2019/10/16;1700 UTC;0;996,1;996,1;987,8;2302,7;32,4;13,7;32,7;30,8;15,1;12,4;39;31;32;164;6,5;2,4;
2019/10/16;1800 UTC;0;1000,3;1000,3;996,1;2028;32,8;12,8;33,7;31,6;14,1;12,3;34;28;30;182;6,3;3,1;
2019/10/16;1900 UTC;0;1002,1;1002,2;1000,3;1611,1;33,3;12,7;34;32,7;13,4;12;30;28;29;187;6;3,1;
2019/10/16;2000 UTC;0;1001,6;1002,2;1001,6;1032,3;33;12,2;34,1;33;13,1;11,9;29;27;28;249;5,9;1,6;
2019/10/16;2100 UTC;0;995,8;1001,6;995,8;380,5;32,2;12,1;33,7;32,1;12,8;11,9;30;27;29;255;4,1;1,9;
2019/10/16;2200 UTC;0;985,5;995,8;985,5;48,4;30,4;13,3;32,2;30,4;13,3;12;35;29;35;348;3,1;1,2;
2019/10/16;2300 UTC;0;975,5;985,5;975,5;0;29,5;14,3;30,5;29,2;14,5;13,5;41;35;39;333;2,5;,9;
2019/10/17;0000 UTC;0;971,2;975,5;971,2;0;28,8;14,4;29,9;28,8;14,4;14;41;38;41;336;2,4;1,1;
2019/10/17;0100 UTC;0;969,2;971,2;969,2;0;28,7;14,2;28,9;28,3;14,4;14,1;42;41;41;282;3;1,8;
2019/10/17;0200 UTC;0;968,6;969,5;968,6;0;28,2;14,1;29,2;27,3;14,6;13,7;45;39;42;241;5;2,9;
2019/10/17;0300 UTC;0;966,4;968,6;966,4;0;27,1;14,5;28,3;27,1;14,6;14;46;42;46;231;5,3;2,6;
2019/10/17;0400 UTC;0;962,9;966,4;962,9;0;26,1;15,2;27,1;26,1;15,2;14,5;51;46;51;226;5,7;3,2;
2019/10/17;0500 UTC;0;960,2;962,9;960,2;0;25,2;16,2;26,2;25,2;16,2;15,2;57;51;57;220;8,4;4,2;
2019/10/17;0600 UTC;0;956,8;960,2;956,8;0;24,2;16,5;25,2;24,1;16,5;16,1;63;57;62;218;7,9;4,4;
2019/10/17;0700 UTC;0;953,9;956,8;953,9;0;23,9;16,5;24,3;23,6;16,6;16,4;64;62;63;219;7,9;4,1;
2019/10/17;0800 UTC;0;954;954;953,7;0;24,3;16,3;24,3;23,7;16,6;16,3;64;61;61;205;9,7;5,4;
2019/10/17;0900 UTC;0;955,3;955,3;954;1,3;24,1;16,2;24,4;24;16,3;16,2;62;61;61;203;10,4;5,7;
2019/10/17;1000 UTC;0;955,8;955,8;955,3;107,9;24,2;15,9;24,2;24;16,2;15,9;61;60;60;199;12,1;5,6;
2019/10/17;1100 UTC;0;959,4;959,4;955,8;453,3;24,5;15,9;25,4;24,2;16,5;15,7;60;56;59;190;11,2;6,1;
2019/10/17;1200 UTC;0;962,5;962,5;959,5;681,6;25,5;15,7;26,2;24,5;16,5;15,6;59;54;55;188;11,8;7,4;
2019/10/17;1300 UTC;0;965,3;965,3;962,5;661,6;26,3;16,2;26,3;25,4;16,2;15,5;55;53;54;186;11,8;6,2;
2019/10/17;1400 UTC;0;972,5;972,5;965,3;1564,9;28,6;15,8;29,5;26,3;17;15,6;54;45;46;187;9,7;6,4;
2019/10/17;1500 UTC;0;981,5;981,5;972,5;1917,6;30,8;15,6;31,4;28,6;16,6;15,4;46;39;40;180;9,7;5;
2019/10/17;1600 UTC;0;990,6;990,6;981,6;2433,6;32,1;15,5;33,1;30,6;16,6;15;42;35;37;176;10,1;4,6;
2019/10/17;1700 UTC;0;994;994,1;990,6;1738,8;32,6;15,2;33;32;15,8;14,5;37;33;35;194;9,2;3,3;
2019/10/17;1800 UTC;0;997,6;997,6;994;1857,2;34,1;13,7;35,4;32,6;15,9;13,7;36;29;29;162;8,1;2,6;
2019/10/17;1900 UTC;0;1000,5;1000,5;997,6;1562,1;34,5;15;34,8;33,6;15,4;13,2;33;28;31;170;6,1;1,6;
2019/10/17;2000 UTC;0;996,5;1000,8;996,5;753;33,2;14,1;34,6;33,1;14,7;13,1;33;28;32;113;5;2,3;
2019/10/17;2100 UTC;0;990,8;996,5;990,8;415,3;32,6;15,2;33,7;32,5;15,7;14,2;35;31;35;110;3,9;1,2;
2019/10/17;2200 UTC;0;981,3;990,8;981,3;46,9;30,3;16,3;32,5;30,3;16,3;14,3;43;34;43;129;9,2;2,9;
2019/10/17;2300 UTC;0;966,3;981,3;966,3;0;26,4;17,4;30,3;26,4;17,6;16,7;58;43;58;150;9,2;3,1;
2019/10/18;0000 UTC;0;958;966,3;958;0;26,3;16,9;26,6;25,6;17,4;16,9;59;56;56;347;4,5;,8;
2019/10/18;0100 UTC;0;958;958;956,8;0;30;14,8;30;26;16,9;14,8;57;40;40;173;2,2;1,5;
2019/10/18;0200 UTC;0;960,6;960,6;958;0;26,9;16,3;30;26,9;16,4;14,7;52;40;52;334;2,2;1,4;
2019/10/18;0300 UTC;0;957,9;960,7;957,9;0;26,5;16,5;27,8;25,5;17,2;16,3;60;50;54;189;3,8;,9;
2019/10/18;0400 UTC;0;956,3;957,9;956,3;0;26,5;16,3;27,5;26;16,8;16,2;57;50;53;306;2,1;,6;
2019/10/18;0500 UTC;0;954,1;956,5;954,1;0;25,6;16,6;27,5;24,4;17,2;15,6;63;48;58;309;2,4;1,4;
2019/10/18;0600 UTC;0;955,1;955,1;953,8;0;27,2;15,1;27,7;25,5;16,6;14,8;58;45;47;221;2,7;1,4;
2019/10/18;0700 UTC;0;953,5;956,3;953,5;0;23,4;17;27,7;22,6;17,5;14,6;70;46;68;352;6,7;1,1;
2019/10/18;0800 UTC;0;951,5;953,5;951,2;0;25,5;16,4;25,9;23,4;17,5;16,3;68;56;57;337;3,2;1,4;
2019/10/18;0900 UTC;0;952,5;952,5;951,5;,2;24,7;16,7;25,5;24,6;16,7;16,3;61;57;61;326;2,4;,6;
2019/10/18;1000 UTC;0;953,6;953,6;952,5;112,1;25,8;17,2;25,9;24,3;17,5;16,6;62;59;59;196;2,9;2;
2019/10/18;1100 UTC;0;960,6;960,6;953,6;399,7;27,7;17,7;27,7;25,8;18,1;17;61;54;54;191;3,8;2,2;
2019/10/18;1200 UTC;0;969,9;969,9;960,7;1028,9;29,4;16,8;29,7;27,6;18,3;16,7;56;46;47;174;8,1;5,2;
2019/10/18;1300 UTC;0;979,4;979,4;969,9;1637;31,4;17,4;31,4;29,3;17,5;16,1;48;41;43;196;9,7;4,8;
2019/10/18;1400 UTC;0;987,2;987,2;979,4;2010,4;33,4;17,9;33,4;31,1;18,4;16,8;44;39;40;163;8,3;4;
2019/10/18;1500 UTC;0;994,8;994,8;987,2;2289,9;34,5;14,6;35,1;32,9;17,7;14,6;40;30;30;170;8,4;3,8;
2019/10/18;1600 UTC;0;1000,8;1000,8;994,8;2224,4;35,2;14,7;36,1;33,8;17,2;14,3;35;28;29;138;8,4;3,1;
2019/10/18;1700 UTC;0;1005,2;1005,2;1000,8;2261;36,9;13,2;37,1;34,9;15,8;13,2;31;24;24;130;8;3,7;
2019/10/18;1800 UTC;0;1004,5;1005,8;1004,5;1698,1;35,5;10,8;37,7;35,5;14,3;10,8;28;22;22;119;8,9;3,6;
2019/10/18;1900 UTC;0;985,7;1004,5;985,7;280,7;32,9;10,9;35,5;27,9;15,7;10;45;22;26;316;13,1;2,7;
2019/10/18;2000 UTC;0;973,4;985,7;973,4;176,7;25,3;17,6;33;25,3;17,6;10,9;62;26;62;316;18,6;10,4;
2019/10/18;2100 UTC;0;955;973,4;955;129;25,4;17,8;25,4;24,3;18,2;17,6;69;62;63;308;18,6;6,1;
2019/10/18;2200 UTC;2,8;950,2;954,9;950,2;2,6;22,5;19,5;25,8;22,5;19,6;17,8;83;62;83;298;10,8;5,1;
2019/10/18;2300 UTC;,4;943,8;950,2;943,8;,3;23,4;18,6;23,4;22,2;19,6;18,4;85;74;75;272;10,8;5,6;
2019/10/19;0000 UTC;0;944,4;944,4;943,8;,1;23,1;18,7;23,4;22,6;19;18,6;79;75;76;298;9,5;4,3;
2019/10/19;0100 UTC;0;945,8;945,8;944,4;0;23,5;18,3;23,6;23;18,7;18,2;77;72;73;261;9,6;5,4;
2019/10/19;0200 UTC;0;947,5;947,5;945,8;0;23,5;17,8;23,8;23,4;18,3;17,7;73;69;71;245;9,5;4,5;
2019/10/19;0300 UTC;0;947,1;947,8;947,1;0;22,8;18,2;23,5;22,7;18,2;17,8;75;70;75;243;8,2;4,3;
2019/10/19;0400 UTC;0;946,5;947,2;946,5;0;22,4;18,5;22,8;22,4;18,5;18,2;78;75;78;196;6,7;4;
2019/10/19;0500 UTC;0;945,7;946,7;945,7;0;21,9;18,3;22,4;21,9;18,5;18,3;80;78;80;184;6,3;3,2;
2019/10/19;0600 UTC;0;944,2;945,8;944,2;0;21,7;18;21,9;21,5;18,4;17,9;81;80;80;235;4,9;1;
2019/10/19;0700 UTC;0;942,4;944,3;942,4;0;21,2;18,1;21,7;20,9;18,2;17,7;84;79;83;239;2,7;,3;
2019/10/19;0800 UTC;0;942;942,5;942;0;20,7;18,1;21,4;20,7;18,2;17,8;85;81;85;291;1,7;1;
2019/10/19;0900 UTC;0;941,5;942,1;941,5;,3;20,3;18,3;20,8;19,9;18,3;17,6;89;84;88;306;2,9;1,7;
2019/10/19;1000 UTC;0;943;943;941,5;94,5;20,8;18,5;20,8;20,3;18,5;18,1;88;86;87;354;3,1;1,7;
2019/10/19;1100 UTC;0;948,9;948,9;943;597,2;22,8;18,3;23,1;20,8;19,2;18,2;87;75;76;304;4,9;2,8;
2019/10/19;1200 UTC;0;957,1;957,1;948,9;821,3;24,2;18,4;24,2;22,8;19,3;18,1;78;70;70;287;5,1;3,1;
2019/10/19;1300 UTC;0;966,8;966,8;957,1;1573,5;26,2;17,3;27,2;24,1;18,8;17,2;70;57;58;275;4,9;1,2;
2019/10/19;1400 UTC;0;976;976;966,8;1582;28,3;17,9;28,3;26;18,2;16,7;60;52;53;356;3,9;1,4;
2019/10/19;1500 UTC;0;982;982;976;1901,6;29,4;17,8;29,4;27,2;18,6;16,6;56;49;50;199;4,6;1,1;
2019/10/19;1600 UTC;0;986,9;986,9;982;2151,1;30,2;16,8;30,9;28,9;19,2;16,3;52;43;45;8;6,4;3,4;
2019/10/19;1700 UTC;0;990,5;990,5;986,9;1995,2;31,7;17,3;32;30,2;18,1;16,3;46;40;42;356;7,8;4,4;
2019/10/19;1800 UTC;0;993,7;993,8;990,5;1588,9;32;15,9;33,3;31,2;17,5;15,1;43;35;38;358;9,1;4,6;
2019/10/19;1900 UTC;0;988,9;993,7;988,9;729,4;31,1;16,8;32;30,7;17,5;15,3;44;38;42;347;11;6,3;
2019/10/19;2000 UTC;0;985,5;988,9;985,5;627,6;31,3;16,7;31,5;30,7;17,3;16,4;43;41;42;352;8,9;5,6;
2019/10/19;2100 UTC;0;983,8;985,5;983,8;512,1;29,7;16,2;31,6;29,7;17,4;16,1;45;41;44;356;9,2;6,3;
2019/10/19;2200 UTC;0;975;983,8;975;45,8;28,3;15,9;29,7;28,1;16,5;15,9;49;44;47;358;8,3;5;
2019/10/19;2300 UTC;0;967,8;975;967,8;0;26,8;16,7;28,3;26,5;16,9;15,9;55;47;54;5;7;3,4;
2019/10/20;0000 UTC;0;964,3;967,8;964,3;0;26,6;16,4;26,9;26,3;16,8;16,4;56;53;54;350;5,3;4;
2019/10/20;0100 UTC;0;963,5;964,4;963,5;0;26,4;15,8;27;26,3;16,5;15,7;54;51;52;342;6,7;4;
2019/10/20;0200 UTC;0;962,1;963,6;962,1;0;25,8;16,1;26,4;25,6;16,1;15,8;55;52;55;348;5,4;3,9;
2019/10/20;0300 UTC;0;960,2;962,2;960,2;0;25,2;16,8;25,8;25,1;16,8;16,1;60;55;60;350;5,7;3,8;
2019/10/20;0400 UTC;0;958,1;960,3;958,1;0;24,7;17,1;25,2;24,4;17,1;16,7;63;60;62;328;5,4;2,7;
2019/10/20;0500 UTC;0;956,6;958,2;956,6;0;24,1;17,2;24,7;23,9;17,4;17,1;66;63;66;328;5,2;1,8;
2019/10/20;0600 UTC;0;954,4;956,6;954,4;0;23,8;17,3;24,1;23,3;17,4;17,1;69;66;67;303;3,8;2,2;
2019/10/20;0700 UTC;0;955;955;954,4;0;24,6;16,9;24,6;23,8;17,3;16,8;67;62;62;264;5,3;3,4;
2019/10/20;0800 UTC;0;956,6;956,6;955;0;24;16,8;24,8;23,7;16,9;16,5;65;60;64;271;5,4;2,6;
2019/10/20;0900 UTC;0;957,1;957,1;956,5;,1;24,6;17;24,6;24;17,1;16,7;64;62;63;205;8,9;4,9;
2019/10/20;1000 UTC;0;958,3;958,3;957,1;166,8;24,7;17,7;24,7;24,3;17,8;17;66;63;65;195;9,1;5;
2019/10/20;1100 UTC;0;961;961;958,3;386,6;24,6;17,8;24,9;24,6;17,8;17,4;66;64;66;191;12,8;7;
2019/10/20;1200 UTC;0;963,7;963,7;961;872,6;25,8;18;26,3;24,5;18,7;17,7;67;61;62;182;11,4;7,6;
2019/10/20;1300 UTC;0;969,3;969,3;963,7;1449,7;26,5;18;27,8;25,4;19,1;17,7;64;57;59;192;11,4;7;
2019/10/20;1400 UTC;0;975,1;975,1;969,3;1981,7;27,6;17,3;28,5;26,5;18,8;17;60;52;53;195;10,9;6,1;
2019/10/20;1500 UTC;0;980,3;980,3;975,1;2197,9;28,7;16,8;29,6;27,4;17,8;15,8;54;46;49;210;10,4;5,4;
2019/10/20;1600 UTC;0;983,6;983,6;980,4;2331,8;30,1;16,2;30,6;28,5;17,4;15,5;49;42;43;187;10,7;5,1;
2019/10/20;1700 UTC;0;987,8;987,8;983,6;1871,4;30,9;15,5;31,3;29,6;17,1;15,3;45;38;39;202;10,8;4,8;
2019/10/20;1800 UTC;0;990,4;990,4;987,8;1702,4;32,2;15,1;32,8;30,5;16,5;14,8;41;34;36;221;9,9;4,8;
2019/10/20;1900 UTC;0;983,8;991,4;983,8;214,5;29,9;14,7;32,2;29,9;15,3;14,2;40;34;40;216;8,4;3,3;
2019/10/20;2000 UTC;,6;973,8;983,8;973,8;24,8;27,1;17,2;30;27,1;17,8;14,8;57;40;55;207;6,6;,9;
2019/10/20;2100 UTC;,6;963,8;973,8;963,8;32,7;25;19,6;27,2;25;20,1;17,3;73;55;72;187;2,7;1,2;
2019/10/20;2200 UTC;,6;958,3;963,8;958,3;1,3;24,4;19;25,6;24,2;20,1;18,9;76;68;72;175;2,8;1,6;
2019/10/20;2300 UTC;3,6;951,9;958,3;951,9;0;22,7;19,5;24,4;22,5;20,1;19;84;72;82;226;6,6;2;
2019/10/21;0000 UTC;,4;949,4;951,9;949,4;0;22,4;19,3;23,4;22,4;19,6;18,6;83;74;83;309;5,4;1,8;
2019/10/21;0100 UTC;0;949,9;949,9;949,3;,7;23,1;19,4;23,2;22,4;19,9;19,4;84;79;80;226;5,5;2,9;
2019/10/21;0200 UTC;0;950,5;950,5;949,9;0;22,9;19,6;23,2;22,7;19,9;19,5;84;80;82;191;5;2,4;
2019/10/21;0300 UTC;,2;951,1;951,1;950,5;0;22,9;19,7;23;22,9;19,7;19,5;82;81;82;191;4,8;2,9;
2019/10/21;0400 UTC;0;951,5;951,6;951,1;0;22,6;20;22,9;22,5;20,1;19,7;86;82;86;174;8,2;5,2;
2019/10/21;0500 UTC;0;950,6;951,7;950,6;0;22,2;19,9;22,6;22,1;20,1;19,9;88;86;87;180;8,2;4,5;
2019/10/21;0600 UTC;0;950,1;950,7;950,1;,1;22;19,9;22,3;21,9;19,9;19,7;88;86;88;175;6,8;4,1;
2019/10/21;0700 UTC;,2;950;950,4;949,9;0;21,8;20,2;22;21,8;20,2;19,9;91;88;91;162;7,4;5,2;
2019/10/21;0800 UTC;0;949,8;950,2;949,8;0;21,7;20;21,8;21,6;20,2;20;91;90;90;190;9;,9;
2019/10/21;0900 UTC;0;949,7;950;949,7;,2;21,6;19,6;21,7;21,5;20;19,6;90;88;88;187;5,9;3,6;
2019/10/21;1000 UTC;0;950,4;950,4;949,7;72,6;21,8;19,9;21,8;21,6;19,9;19,5;89;88;89;181;6;2,5;
2019/10/21;1100 UTC;3,2;952;952;950,4;75,1;21,4;19,6;22,1;21,4;19,9;19,5;89;87;89;27;4,6;1,2;
2019/10/21;1200 UTC;36,2;950,3;952,2;950,3;33;20,8;19,6;21,4;20,7;19,8;19,4;93;89;93;342;9,1;1,3;
2019/10/21;1300 UTC;16,2;950,2;950,4;950,1;37,5;20,8;19,7;21;20,8;19,9;19,6;93;93;93;275;3,9;2,2;
2019/10/21;1400 UTC;6,2;949;950,4;949;33,3;20,7;19,6;20,8;19,7;19,7;18,7;94;93;93;189;3,9;2,3;
2019/10/21;1500 UTC;,2;950,1;950,1;949;115,1;20,6;19,6;20,8;20,6;19,7;19,5;94;93;94;172;6,5;4,5;
2019/10/21;1600 UTC;,2;951,3;951,3;950,1;156,2;21;20,4;21,1;20,6;20,4;19,6;96;94;96;132;6,8;2,7;
2019/10/21;1700 UTC;,6;953,8;953,8;951,3;592,9;21,7;21,1;21,7;20,4;21,1;19,8;96;96;96;95;8,5;1,9;
2019/10/21;1800 UTC;0;958,4;958,4;953,8;559;22;21;22,4;21,7;21,6;20,7;96;93;94;77;4,6;1,6;
2019/10/21;1900 UTC;,2;952,1;958,8;952,1;155,5;19,4;18,8;22,2;19,1;21,2;18,4;96;91;96;353;13,6;5;
2019/10/21;2000 UTC;0;949,6;952,1;949,5;118,2;20,1;18,3;20,1;19,4;18,9;18,3;96;90;90;347;8,9;6,4;
2019/10/21;2100 UTC;0;950,5;950,5;949,6;67,5;19,9;17,6;20,3;19,9;18,4;17,6;90;86;86;348;11,1;7;
2019/10/21;2200 UTC;0;949,9;950,7;949,9;8,3;19,8;17,2;20;19,7;17,5;17,2;87;85;85;354;11,5;7,1;
2019/10/21;2300 UTC;0;949,3;950,1;949,3;0;19,3;16;19,8;19,3;17,3;15,7;86;78;81;357;11,5;5,2;
2019/10/22;0000 UTC;0;948,7;949,4;948,7;0;19,1;15;19,4;19,1;16;15;82;77;77;357;9,9;6,1;
2019/10/22;0100 UTC;0;947,2;948,8;947,2;0;18,3;14,7;19,1;18,3;14,9;14,5;80;76;80;353;10,1;6,7;
2019/10/22;0200 UTC;0;945,7;947,3;945,7;0;17,6;14,8;18,3;17,6;14,9;14,7;84;80;84;2;9,8;5,8;
2019/10/22;0300 UTC;0;944,5;945,7;944,5;0;16,9;14,8;17,6;16,9;14,9;14,8;87;84;87;354;9,2;4,5;
2019/10/22;0400 UTC;0;942,7;944,5;942,7;0;16;14,3;16,9;16;14,8;14,2;90;87;90;356;6,5;3,5;
2019/10/22;0500 UTC;0;940,7;942,7;940,7;0;15,5;14;16,1;15,4;14,5;14;91;90;91;354;7,4;4,1;
2019/10/22;0600 UTC;0;939,5;940,7;939,5;0;15,2;13,9;15,7;15,2;14,4;13,9;92;91;92;360;5,3;2,8;
2019/10/22;0700 UTC;0;938,6;939,6;938,6;0;14,9;13,7;15,2;14,8;14;13,6;93;92;93;360;5,1;3,4;
2019/10/22;0800 UTC;0;939,1;939,1;938,5;0;15,2;14,1;15,2;14,6;14,1;13,5;93;93;93;350;6,3;4;
2019/10/22;0900 UTC;0;939,5;939,9;939,1;,9;14,7;13,6;15,2;14,5;14,1;13,4;93;93;93;351;6,9;4,2;
2019/10/22;1000 UTC;0;940,7;940,7;939,5;186,4;15,6;14,2;15,7;14,6;14,4;13,5;93;92;92;4;8,3;4,6;
2019/10/22;1100 UTC;0;946,2;946,2;940,7;737,2;17;13,4;17,3;15,5;14,5;13,3;92;79;79;346;8;5,4;
2019/10/22;1200 UTC;,2;953,7;953,7;946,2;1101,2;18,4;13;18,5;17;14,1;12,4;80;70;71;345;9,9;6,3;
2019/10/22;1300 UTC;0;959,4;959,4;953,7;1113,6;19,3;12,9;20,1;18,3;13,8;12,3;72;65;67;344;9,2;4,7;
2019/10/22;1400 UTC;0;967;967;959,4;1740;22,3;12,7;22,6;19,2;14,4;11,6;68;54;55;348;8,9;5,2;
2019/10/22;1500 UTC;0;973,2;973,2;967;2270,2;22,3;12;23;20,8;13,3;11,3;59;51;52;349;9,4;4,5;
2019/10/22;1600 UTC;0;978,2;978,2;973,2;2638,8;24,3;12;24,6;22;12,8;11;54;46;46;19;8,8;4,2;
2019/10/22;1700 UTC;0;984;984;978,2;2485,3;24,6;11;25,9;23,5;13,6;10,4;49;41;43;337;7,4;3,6;
2019/10/22;1800 UTC;0;988,8;988,8;984;2193,9;25,8;10,8;26,3;24,6;12,7;10,4;44;39;39;353;8,4;3,9;
2019/10/22;1900 UTC;0;990,9;990,9;988,8;1753,7;26,3;10,6;27,1;25,5;12,2;9,8;43;36;37;1;8,4;3,9;
2019/10/22;2000 UTC;0;990,5;991,2;990,5;1202;26,4;11;26,9;26;11,4;9,8;39;35;38;359;7,5;3,8;
2019/10/22;2100 UTC;0;987,5;990,6;987,5;587;25,4;10,7;26,4;25,4;11,4;10;41;36;40;331;6,3;3,1;
2019/10/22;2200 UTC;0;979,1;987,4;979,1;80,6;23,7;11,3;25,4;23,7;11,4;10,5;46;39;46;334;4,9;1,3;
2019/10/22;2300 UTC;0;965,5;979;965,5;0;20,6;14;23,7;20,6;14,1;12,1;66;46;66;10;3,5;2,6;
2019/10/23;0000 UTC;0;958,5;965,5;958,5;0;20,1;13,6;20,7;20,1;14,1;13,6;68;66;66;2;3,8;2,7;
2019/10/23;0100 UTC;0;956;958,5;956;0;19,9;13,3;20,3;19,7;13,7;13,3;67;65;66;356;4,1;2,8;
2019/10/23;0200 UTC;0;954,8;956,1;954,8;0;19,3;13,1;20;19,2;13,6;13,1;69;66;67;342;4,2;3,1;
2019/10/23;0300 UTC;0;952,7;954,9;952,7;0;18,6;13,2;19,3;18,4;13,4;13,1;72;68;71;344;3,8;2,5;
2019/10/23;0400 UTC;0;951,2;952,7;951,2;0;18,7;13,1;18,8;18,2;13,3;13;72;70;70;338;3,1;1,8;
2019/10/23;0500 UTC;0;950,3;951,3;950,3;0;18,1;13,1;18,7;17,9;13,2;12,8;73;70;72;237;2,4;,7;
2019/10/23;0600 UTC;0;948,7;950,3;948,7;0;18,1;12,9;18,6;17,7;13,4;12,7;74;70;72;328;1,3;1;
2019/10/23;0700 UTC;0;948,2;948,9;948,2;0;16,8;12,9;18,4;16,8;13;12,6;78;71;78;26;1,5;1,2;
2019/10/23;0800 UTC;0;946,1;948,2;946,1;0;17;13,4;17,1;15,7;13,8;12,7;85;78;80;34;2,3;1,9;
2019/10/23;0900 UTC;0;946,2;946,3;946,1;1,1;16,3;13,2;17,2;16,3;13,5;13,1;82;78;82;3;2,4;1,5;
2019/10/23;1000 UTC;0;947,1;947,1;946,2;123,9;17,1;14;17,1;15,7;14;13,1;85;81;82;344;2,8;1,8;
2019/10/23;1100 UTC;0;955,6;955,6;947,1;714,4;20,8;13,7;20,9;17,1;14,9;13,5;82;64;64;268;3,3;1,4;
2019/10/23;1200 UTC;0;970,8;970,8;955,7;1307,5;23,3;13,8;23,5;20,7;15,4;13,2;65;54;55;200;3,1;1,9;
2019/10/23;1300 UTC;0;982,3;982,3;970,8;1836,6;25,3;14,5;25,5;23,2;15,4;12,8;57;50;51;196;4,1;2,2;
2019/10/23;1400 UTC;0;989,3;989,3;982,3;2257,7;26;12,4;26,4;24,7;15,2;11,6;53;41;43;152;7,1;4,4;
2019/10/23;1500 UTC;0;992,8;992,8;989,3;2530,3;26,7;11,9;27,6;25,6;13,7;11,2;46;38;40;135;8,5;4,4;
2019/10/23;1600 UTC;0;996,7;996,7;992,8;2584,5;27,9;12,2;28,4;26,6;13,8;11,6;43;37;38;124;8,3;4,2;
2019/10/23;1700 UTC;0;1000,5;1000,5;996,7;2468,7;29;10,8;29,5;27,8;14;9,9;43;31;32;111;7,7;3,8;
2019/10/23;1800 UTC;0;1003,1;1003,1;1000,5;2194,9;29,5;8,8;30,3;28,6;11,6;7,8;33;25;27;142;7,3;2,1;
2019/10/23;1900 UTC;0;1003,5;1003,7;1003,1;1739,8;29,9;9,5;30,4;29,1;11,2;6,6;31;24;28;28;5,1;1,7;
2019/10/23;2000 UTC;0;1002,2;1003,6;1002,2;1182,1;29,6;9,2;30,3;29,1;9,8;8;29;25;28;241;4,7;1,1;
2019/10/23;2100 UTC;0;998,3;1002,2;998,3;569,2;29;8,2;29,8;29;10,1;8;30;26;27;314;2,8;,6;
2019/10/23;2200 UTC;0;988;998,3;988;74,8;27,3;9,1;29;27,2;9,4;8;33;27;32;237;2,4;,8;
2019/10/23;2300 UTC;0;976,6;987,9;976,6;0;26,9;6,6;27,3;26,5;9;6,6;32;27;27;261;2,8;2,4;
2019/10/24;0000 UTC;0;972,5;976,6;972,5;0;26,6;5,8;27;26,2;6,5;5,8;28;27;27;256;3,3;2,6;
2019/10/24;0100 UTC;0;969,9;972,5;969,9;0;25,4;6,4;26,6;25,2;6,6;5,7;30;26;30;239;3,6;2,2;
2019/10/24;0200 UTC;0;968,6;969,9;968,6;0;24,6;7,3;25,7;24,6;7,3;6,4;33;29;33;244;4,6;3,4;
2019/10/24;0300 UTC;0;966,3;968,7;966,3;0;24,7;7,2;24,8;24,2;7,6;6,6;34;31;33;243;4,6;3,4;
2019/10/24;0400 UTC;0;965,8;966,4;965,8;0;24,2;7,9;25;24,2;7,9;6,8;35;31;35;236;4,6;2,4;
2019/10/24;0500 UTC;0;962;965,8;961,9;0;24,9;7,2;24,9;20,7;9,4;7;48;32;32;229;3,8;1,1;
2019/10/24;0600 UTC;0;960,7;962;960,7;0;21;10,2;25;19,5;10,2;6,5;55;31;50;337;2,5;,9;
2019/10/24;0700 UTC;0;956,8;960,7;956,6;0;24,1;6,8;24,6;19,9;10,4;6,7;54;32;33;282;2,2;1,2;
2019/10/24;0800 UTC;0;958,2;958,3;956,8;0;19,8;12,8;24,6;19,8;12,8;6,6;64;32;64;106;5,3;3,3;
2019/10/24;0900 UTC;0;952,9;958,2;952,9;,9;19,2;13,5;20,9;19;13,5;9,8;70;49;70;102;5,3;1,3;
2019/10/24;1000 UTC;0;950,6;952,9;950,3;120,4;21;13,1;21;18,2;13,8;12,2;74;61;61;199;4,1;2,4;
2019/10/24;1100 UTC;0;959,6;959,6;950,6;711,4;22,2;15,1;22,3;21;15,3;13;66;59;64;191;8,1;5,4;
2019/10/24;1200 UTC;0;968,6;968,6;959,6;1256,2;24,3;16,1;24,3;22,2;16,4;15,1;65;59;60;180;8,5;5,8;
2019/10/24;1300 UTC;0;976,7;976,7;968,6;1808,7;25,9;15,8;26,1;23,9;16,9;15,5;61;54;54;165;9,1;5,2;
2019/10/24;1400 UTC;0;984,4;984,4;976,7;2207,3;29,1;17,6;29,1;25,8;17,9;16,1;56;50;50;161;7,7;3,6;
2019/10/24;1500 UTC;0;991,9;991,9;984,4;2470;30,4;15,2;30,4;28;17,4;14,4;51;38;40;128;7;3;
2019/10/24;1600 UTC;0;997,9;997,9;991,9;2534,7;30,9;13,8;31,3;29,5;16;12,2;43;33;35;99;7;1,9;
2019/10/24;1700 UTC;0;1002,7;1002,7;997,9;2422,2;32,3;10,4;32,3;30,6;15,2;10,1;37;26;26;88;6,1;1,9;
2019/10/24;1800 UTC;0;1004,9;1004,9;1002,7;2146,1;31,7;11,1;32,7;31,5;12,3;7,2;30;21;28;129;5,8;2,2;
2019/10/24;1900 UTC;0;1004;1005,3;1004;1696,6;32,3;10,8;32,8;31,5;12,2;9,2;29;24;27;5;5,8;2;
2019/10/24;2000 UTC;0;1002,6;1004;1002,6;1136,8;32;9,8;32,8;31,9;11,5;9,5;28;25;25;282;3,6;1,6;
2019/10/24;2100 UTC;0;999,2;1002,6;999,2;532,7;31,4;10,3;32,3;31,4;11,2;9,4;28;25;27;293;3,6;1,2;
2019/10/24;2200 UTC;0;987,7;999,2;987,7;74,5;29,1;9,8;31,4;29,1;10,5;9,7;30;27;30;267;3,6;2,6;
2019/10/24;2300 UTC;0;977,1;987,7;977,1;0;28,6;8,5;29,1;28,6;9,8;8,4;30;28;28;262;4,4;3,4;
2019/10/25;0000 UTC;0;973;977,1;973;0;28,1;8,1;28,6;28;8,6;8;29;28;28;268;4,5;3,3;
2019/10/25;0100 UTC;0;971,2;973;971,2;0;27,7;9,1;28,3;27,7;9,1;8;31;28;31;254;4,9;3,4;
2019/10/25;0200 UTC;0;969,3;971,3;969,3;0;26,6;10,3;27,8;26,6;10,3;9,1;36;31;36;233;4,9;1,7;
2019/10/25;0300 UTC;0;965,1;969,3;965,1;0;25,7;10,7;26,7;25,6;10,7;10;39;35;39;213;3,9;2;
2019/10/25;0400 UTC;0;962;965,1;962;0;26,3;10,2;26,3;25,6;10,6;10,1;39;36;36;214;3,4;2,3;
2019/10/25;0500 UTC;0;961,2;962,1;961,2;0;25,3;10,4;26,3;25,3;10,6;10;39;36;39;204;3,4;2,1;
2019/10/25;0600 UTC;0;958,5;961,2;958,5;0;24,1;11,2;25,3;24;11,4;10,5;45;39;44;179;3,9;2,7;
2019/10/25;0700 UTC;0;954,8;958,5;954,8;0;23,6;11,7;24,1;22,8;12,1;11;50;44;47;212;3,9;2,2;
2019/10/25;0800 UTC;0;952,4;954,8;952,4;0;20,7;12,8;23,9;20,6;12,8;11,2;61;45;61;336;3,6;,7;
2019/10/25;0900 UTC;0;950,4;952,4;949,7;2,1;23,5;11,1;23,8;20,5;12,9;11;62;45;46;130;1,6;1,1;
2019/10/25;1000 UTC;0;954;954;950,4;134,4;23,3;12,9;23,6;22,9;13,6;11,2;55;46;52;340;1,6;,4;
2019/10/25;1100 UTC;0;961,5;961,5;954;581,5;26,5;13,3;26,5;23,3;14,1;12,5;55;44;44;276;2,7;,9;
2019/10/25;1200 UTC;0;974,3;974,3;961,6;1247,7;28,7;11,7;29;26,5;13,7;10,9;45;34;35;209;5,2;2,8;
2019/10/25;1300 UTC;0;983,5;983,5;974,4;1763,7;30,4;11,6;30,5;28,5;13,6;11,3;37;32;32;182;6,9;3,9;
2019/10/25;1400 UTC;0;991,1;991,1;983,5;2115,6;32;13,1;32;30,3;14,1;11,6;36;29;32;154;5,9;2,3;
2019/10/25;1500 UTC;0;996,7;996,7;991,1;2419,8;32,8;12,2;33,6;31,9;13,6;10;32;25;29;152;6,6;3,2;
2019/10/25;1600 UTC;0;1000,5;1000,5;996,8;2482,5;34,4;14,2;34,4;32,8;14,5;10,5;32;25;30;101;5,9;1,9;
2019/10/25;1700 UTC;0;1004,3;1004,3;1000,5;2191,2;34,5;10,8;35,2;33,5;14,4;10,5;31;23;24;51;6;2,9;
2019/10/25;1800 UTC;0;1003,9;1004,8;1003,9;1896,9;35,4;12,3;35,4;34,1;12,6;9,6;27;21;25;15;7;2,2;
2019/10/25;1900 UTC;0;1000,2;1004;1000,2;1009,8;33,9;8,9;35,4;33,7;12,1;8,2;26;20;21;340;7;3,6;
2019/10/25;2000 UTC;0;996,7;1000,2;996,7;835;33,6;9,5;35;33,5;10,4;8,7;23;21;23;350;7,3;4,7;
2019/10/25;2100 UTC;0;989,8;996,7;989,8;329,3;32,4;10,4;33,7;32,1;11,4;8,9;28;22;26;341;6,7;2,5;
2019/10/25;2200 UTC;0;980,6;989,8;980,6;48,2;31,6;10,2;32,4;31,4;10,6;10,2;28;26;27;328;3,5;1,9;
2019/10/25;2300 UTC;0;974,5;980,6;974,5;0;31,2;9,9;31,7;31,1;10,3;9,9;28;27;27;321;2,7;1,7;
2019/10/26;0000 UTC;0;971,4;974,5;971,4;0;30;10,6;31,2;30;10,7;9,9;30;27;30;328;3,5;1,9;
2019/10/26;0100 UTC;0;968,4;971,4;968,4;0;28,9;11,6;30;28,6;11,6;10,6;35;30;34;316;5,9;3,4;
2019/10/26;0200 UTC;0;965,1;968,4;965,1;0;27,4;12,8;28,8;27,2;12,8;11,6;41;34;40;318;5,2;3,1;
2019/10/26;0300 UTC;0;961,8;965,1;961,8;0;27,1;12,3;27,4;26,9;12,9;12,3;42;40;40;308;5,2;3,2;
2019/10/26;0400 UTC;0;961;961,8;961;0;27;12,2;27,4;26,8;12,3;12,1;40;39;40;282;5,5;3,4;
2019/10/26;0500 UTC;0;960,7;961,1;960,7;0;26,6;12,1;27,6;26,5;12,2;11,5;41;37;41;286;5,9;3,1;
2019/10/26;0600 UTC;0;959,1;960,7;959,1;0;26,4;12;26,6;26,1;12,3;11,9;42;40;41;279;5,9;4,1;
2019/10/26;0700 UTC;0;959;959,2;958,9;0;26,4;11,5;26,6;26,2;12;11,4;41;39;39;265;6;4,1;
2019/10/26;0800 UTC;0;958,8;959,3;958,8;0;26,2;11,3;26,7;26,1;11,4;11,1;40;38;39;236;6,7;2,4;
2019/10/26;0900 UTC;0;955,8;958,8;955,8;1,8;25,6;11,5;26,4;25,1;11,9;11,1;43;38;41;245;5,2;2,6;
2019/10/26;1000 UTC;0;956,3;956,3;955,7;132,3;26;12,7;26,1;25,3;12,7;11,3;45;40;44;217;6;2,6;
2019/10/26;1100 UTC;0;962,9;962,9;956,3;671,9;27,7;12,5;27,8;26;13,4;11,9;44;39;39;216;11;4,8;
2019/10/26;1200 UTC;0;970,5;970,5;962,9;1243,2;29,4;13,7;29,7;27,5;14,5;12,7;42;37;38;208;11;5,7;
2019/10/26;1300 UTC;0;978,3;978,3;970,5;1766,9;31,2;14,4;31,2;29,3;14,7;13,3;39;35;36;205;9,8;5,6;
2019/10/26;1400 UTC;0;983,5;983,5;978,3;2161,4;32;15,7;32,2;31,1;16,3;13,8;40;34;38;188;9,7;5,4;
2019/10/26;1500 UTC;0;987;987;983,6;2277,1;33,8;17,3;33,8;31,5;17,3;14,6;41;33;38;158;9,5;5,2;
2019/10/26;1600 UTC;0;991,3;991,3;987;1996,7;33,8;14,3;34,1;32,7;17,4;13,2;40;29;31;161;8,8;5,5;
2019/10/26;1700 UTC;0;993,3;993,3;991,3;1895;34,4;12,4;35;33,6;14,5;11,8;32;25;27;148;10,4;5,8;
2019/10/26;1800 UTC;0;995;995;993,3;1795,5;34,6;12,8;35;34,2;13;11,2;27;24;27;140;10,4;4,8;
2019/10/26;1900 UTC;0;995,5;995,5;995;1373,3;34,6;13,5;35,2;34,4;14,1;11,9;29;25;28;161;7,9;4,1;
2019/10/26;2000 UTC;0;992,2;995,5;992,2;792,5;33,7;14,3;34,9;33,6;14,7;13,2;31;28;31;171;7,2;3,2;
2019/10/26;2100 UTC;0;987,2;992,2;987,2;462,1;33,5;13,9;34,3;33,4;15,3;13,6;33;29;31;184;5,7;3,4;
2019/10/26;2200 UTC;0;978,1;987,2;978,1;47;31,1;14,9;33,5;31,1;14,9;13,8;38;31;38;185;5,2;3;
2019/10/26;2300 UTC;0;968,5;978,1;968,5;0;29,7;15,2;31,1;29,7;15,2;14,8;41;37;41;191;4,2;2,4;
2019/10/27;0000 UTC;0;964,6;968,5;964,6;0;29,4;14,4;30,4;29,1;15,2;14,1;42;37;40;186;5,3;3,2;
2019/10/27;0100 UTC;0;962,4;964,6;962,4;0;29,8;12,7;29,8;29;14,5;12,5;40;35;35;203;5,2;3,3;
2019/10/27;0200 UTC;0;959,7;962,5;959,7;0;29,5;12,5;29,8;28,2;13,9;12,3;41;35;35;185;4,7;,8;
2019/10/27;0300 UTC;0;957,4;959,7;957,4;0;28,3;13;29,6;27,9;13,3;12,3;41;35;39;213;3,4;2,1;
2019/10/27;0400 UTC;0;955,3;957,4;955,3;0;26,6;15,6;28,6;26;15,8;12,7;53;38;51;97;8,6;1,9;
2019/10/27;0500 UTC;0;951,6;955,3;951,6;0;25,4;15,7;26,8;25,4;15,7;15,3;55;50;55;181;3,7;1,8;
2019/10/27;0600 UTC;0;949;951,6;949;0;26,5;14,4;26,5;25,3;15,9;14,4;55;47;47;158;3,2;1,6;
2019/10/27;0700 UTC;0;949,5;949,5;949;0;26;14,1;26,8;25,9;14,3;14;49;46;48;194;2,9;2,2;
2019/10/27;0800 UTC;0;949,3;949,8;949,3;0;25,4;14,5;26;25;14,5;13,9;52;47;51;196;6,4;3,5;
2019/10/27;0900 UTC;0;948,9;949,6;948,8;1,6;25,1;14,8;25,7;24,4;15,1;14,2;56;50;53;202;7,2;4,4;
2019/10/27;1000 UTC;0;950,2;950,2;948,9;134,9;25,4;15,5;25,4;24,6;15,7;14,8;56;53;54;195;8,7;4,2;
2019/10/27;1100 UTC;0;956,4;956,4;950,2;643,8;27,2;15,9;27,2;25,4;16,5;15,5;55;50;50;191;10,6;6,4;
2019/10/27;1200 UTC;0;964,5;964,5;956,4;1222;29,1;16,4;29,1;27,2;16,8;15,6;51;46;46;188;13,1;6,9;
2019/10/27;1300 UTC;0;973,8;973,8;964,5;1734,8;31,9;15,7;31,9;29,1;16,8;14,6;46;36;38;173;12;6,7;
2019/10/27;1400 UTC;0;982,5;982,5;973,8;2132,5;33,5;15,3;33,7;31,9;16,3;14,1;38;31;33;152;10,9;6,1;
2019/10/27;1500 UTC;0;986,5;986,5;982,5;2386,9;33,2;16,7;33,9;32,9;17,4;15,1;39;32;37;125;11;6,5;
2019/10/27;1600 UTC;0;989;989;986,5;2450,1;35,2;17,3;35,2;33;18,5;16,5;40;34;35;131;12;5,1;
2019/10/27;1700 UTC;0;994,1;994,1;989;2315,4;35,8;15,7;36,4;34,9;18,7;14,9;37;29;30;132;10,9;5,6;
2019/10/27;1800 UTC;0;995,5;995,6;994,1;1970,7;36;15,1;36,3;35,2;17,4;15,1;34;29;29;133;10,5;5,3;
2019/10/27;1900 UTC;0;987,9;995,6;987,9;383,3;34,4;15,4;35,9;34,2;15,7;14,6;33;29;32;142;9,8;4,3;
2019/10/27;2000 UTC;0;981,4;987,9;981,4;211,2;31,4;18,6;34,4;31,4;18,6;15,2;47;32;47;43;9,9;3;
2019/10/27;2100 UTC;0;973,6;981,4;973,6;159,2;31,7;17,3;32,1;31;19,1;16,7;49;40;42;194;5,1;1,6;
2019/10/27;2200 UTC;0;968,5;973,6;968,5;28,9;31,1;17,4;31,8;30,8;18,2;17,3;47;42;44;196;3,6;1,8;
2019/10/27;2300 UTC;0;965,8;968,5;965,8;0;31,1;17;31,4;30,7;17,7;16,9;45;42;43;217;3,1;1,7;
2019/10/28;0000 UTC;0;965,6;965,8;965,4;1,7;24,6;15,3;31,6;24,6;17,3;15,3;58;40;56;147;20,8;9;
2019/10/28;0100 UTC;0;945,1;965,6;945,1;2;24,1;17,1;24,6;22,1;19,4;15,3;81;56;65;186;22;6,2;
2019/10/28;0200 UTC;7,2;938,6;945,1;938,6;,3;22,2;19,3;24,1;21,4;19,7;17,3;88;65;84;170;10,8;5,2;
2019/10/28;0300 UTC;0;937,8;938,6;937,3;3;23,1;18,4;23,4;22,2;19,4;18,1;84;72;75;205;10;4,9;
2019/10/28;0400 UTC;0;938,9;939;937,8;,9;22,4;18,5;23,4;22,3;18,6;18,1;79;72;78;211;8;3,5;
2019/10/28;0500 UTC;0;938,5;939,1;938,5;0;22,1;17,8;22,6;22;18,5;17,7;79;76;76;210;7,3;3,6;
2019/10/28;0600 UTC;0;937,9;938,7;937,9;0;21,6;17,7;22,1;21,6;17,8;17,7;78;76;78;187;7,2;2,7;
2019/10/28;0700 UTC;0;938;938,1;937,8;0;21,4;17,5;22,2;21,4;17,7;17,2;79;73;78;191;6;2,8;
2019/10/28;0800 UTC;0;937,3;938,2;937,3;0;21;17,6;21,5;20,8;17,7;17,5;82;78;81;180;5,4;3,7;
2019/10/28;0900 UTC;0;936,7;937,4;936,6;1,1;20,7;17,2;21,3;20,6;17,6;17,2;81;79;81;179;5,8;2,3;
2019/10/28;1000 UTC;0;938,5;938,5;936,7;126;21,5;17,7;21,9;20,7;18;17,1;81;75;79;169;6,3;4,2;
2019/10/28;1100 UTC;,2;945,7;945,7;938,6;677,3;24,1;18,8;24,1;21,5;18,8;17,8;80;70;72;161;10,5;6,8;
2019/10/28;1200 UTC;0;954,5;954,5;945,8;1252,7;25,9;19;26;24,1;19,3;18,3;73;65;66;171;12,2;7,1;
2019/10/28;1300 UTC;0;962,2;962,2;954,5;1724,6;27,2;19,5;27,4;25,8;19,8;18,6;67;61;63;169;10,8;6,6;
2019/10/28;1400 UTC;0;969,8;969,8;962,3;2133,8;30;20,1;30;27,2;20,4;18,7;63;52;55;162;10,4;6,1;
2019/10/28;1500 UTC;0;977,4;977,4;969,9;2417,1;31;19,9;31,2;29,4;20,6;18,7;56;49;52;171;10;4,8;
2019/10/28;1600 UTC;0;983,8;983,9;977,4;2216,2;24,2;14,5;32,1;24,2;20,5;12,8;55;41;55;286;18,2;6,9;
2019/10/28;1700 UTC;0;966,3;983,8;966,3;2038,6;26,4;16,8;27;24;17,4;14,8;60;54;56;251;19,8;10,1;
2019/10/28;1800 UTC;0;968;968;965,9;2073,7;28,4;16,2;28,9;26;17,5;15,9;58;46;48;245;16,3;8,5;
2019/10/28;1900 UTC;0;972,9;972,9;968;1654;28,9;15,4;29,2;28,2;17,4;15,3;50;44;44;218;14,6;7;
2019/10/28;2000 UTC;0;974,6;974,7;972,9;1104,2;28,7;16;29,5;28,5;16,3;14,9;47;42;46;194;11,9;5,6;
2019/10/28;2100 UTC;0;972,1;974,6;972,1;505,3;27,5;16,3;29,1;27,4;16,8;15,5;52;44;50;185;9,9;4,3;
2019/10/28;2200 UTC;0;962,6;972,1;962,6;70,8;25,3;16,8;27,5;25,1;17,2;16,6;62;50;59;191;9,6;5,7;
2019/10/28;2300 UTC;0;955,5;962,6;955,5;0;24,6;16,6;25,3;24,6;16,9;16,4;61;58;61;198;9,7;5,5;
2019/10/29;0000 UTC;0;952,2;955,5;952,2;0;23,6;17;24,7;23,5;17;16,6;67;61;67;191;11,2;6,6;
2019/10/29;0100 UTC;0;949,3;952,2;949,3;0;22,8;17,1;23,6;22,8;17,1;16,9;70;66;70;192;10,2;4,4;
2019/10/29;0200 UTC;0;947;949,3;947;0;22,3;17;22,8;22,2;17,2;17;72;70;72;185;6,7;3,8;
2019/10/29;0300 UTC;0;945,5;947;945,5;0;21,7;17;22,3;21,6;17;16,9;75;72;75;182;6,1;4,1;
2019/10/29;0400 UTC;0;944,1;945,5;944,1;0;21,1;17;21,7;21,1;17;16,9;78;75;78;177;6,3;4,2;
2019/10/29;0500 UTC;0;943,5;944,1;943,5;0;21;17;21,5;20,9;17,1;16,9;78;76;78;181;6,6;3,9;
2019/10/29;0600 UTC;0;942,8;943,6;942,8;0;20,8;17,2;21;20,7;17,2;16,9;80;78;80;183;5,7;4,1;
2019/10/29;0700 UTC;0;942,8;943;942,7;0;21;17,4;21;20,6;17,4;17,1;81;80;80;183;5,7;4,1;
2019/10/29;0800 UTC;0;943,3;943,3;942,8;0;20,7;17,6;21;20,6;17,6;17,3;82;80;82;180;5,6;3,8;
2019/10/29;0900 UTC;0;943,6;943,6;943,3;1,4;20,5;17,9;20,8;20,5;17,9;17,6;85;82;85;179;5,8;3,8;
2019/10/29;1000 UTC;0;944,9;944,9;943,6;117,4;21,3;18,3;21,3;20,5;18,3;17,9;85;83;83;187;6,4;4;
2019/10/29;1100 UTC;0;950,1;950,1;944,9;507,1;23;18,6;23;21,3;18,9;18,1;83;76;76;186;7,6;4,3;
2019/10/29;1200 UTC;0;958,5;958,5;950,1;1005,8;25,2;19,1;25,2;23;19,4;18,5;77;68;69;178;8,3;4,6;
2019/10/29;1300 UTC;0;967,9;967,9;958,5;1601,9;27;18,6;27,3;25,1;19,6;18,4;69;60;60;172;8,6;5,4;
2019/10/29;1400 UTC;0;976,7;976,7;967,9;2017,7;29,4;18,8;29,5;27;19,6;18,2;62;53;53;175;8,8;4,9;
2019/10/29;1500 UTC;0;985,1;985,1;976,7;2250,9;30,7;17,8;31,2;29,2;19,6;17,7;55;46;46;150;8,8;4,1;
2019/10/29;1600 UTC;0;991,9;991,9;985,1;2304,7;31,9;18,8;32,5;30,6;19,4;17,5;49;44;46;130;6,6;3,2;
2019/10/29;1700 UTC;0;997,5;997,5;991,9;2238,9;33,6;17,9;33,8;31,6;20;17,6;47;39;39;152;5,7;1,5;
2019/10/29;1800 UTC;0;1000,3;1000,3;997,5;1983,1;33,9;18,8;34;33;19,5;17,7;45;40;41;153;5,6;3,3;
2019/10/29;1900 UTC;0;1000;1000,7;1000;1598,2;34,4;18,3;34,4;33,6;19,6;17,5;43;37;39;186;6,6;4;
2019/10/29;2000 UTC;0;998,1;1000;998,1;1068,2;34,1;18,4;34,5;34;18,6;16,9;40;36;40;187;7;3,9;
2019/10/29;2100 UTC;0;993,7;998,1;993,7;526,2;32,9;18,5;34,1;32,9;18,7;17,4;42;38;42;192;7,2;4,8;
2019/10/29;2200 UTC;0;983,7;993,7;983,7;81,3;30,6;19;32,9;30,6;19;18,2;50;42;50;191;7,3;3,1;
2019/10/29;2300 UTC;0;974;983,7;974;0;29,9;18,8;30,7;29,6;19;18,7;53;49;51;194;5,9;3,8;
2019/10/30;0000 UTC;0;969,4;974;969,4;0;28,9;18,6;29,9;28,9;19;18,5;54;51;54;190;6;3,6;
2019/10/30;0100 UTC;0;965,9;969,4;965,9;0;27,9;18,6;29;27,8;18,8;18,5;57;54;57;189;5,7;3,1;
2019/10/30;0200 UTC;0;964;965,9;964;0;28,2;18;28,8;27,4;18,6;18;58;53;54;195;5,9;3,5;
2019/10/30;0300 UTC;0;962,3;964;962,3;0;27,2;18,1;28,5;27;18,3;17,8;59;52;58;184;6,3;3,8;
2019/10/30;0400 UTC;0;960,3;962,3;960,3;0;26,8;18;27,5;26,8;18,2;18;59;56;59;188;7;3,4;
2019/10/30;0500 UTC;0;956,8;960,3;956,8;0;26,1;18;26,8;25,5;18,2;17,9;64;58;61;177;5,3;3,9;
2019/10/30;0600 UTC;0;955,3;956,8;955,3;0;25,5;17,8;26,4;25,4;18;17,6;63;59;62;180;6,1;3,8;
2019/10/30;0700 UTC;0;953,4;955,3;953,4;0;25,1;17,6;25,6;24,9;17,8;17,5;64;62;63;191;5,2;3,2;
2019/10/30;0800 UTC;0;951,5;953,4;951,5;0;24,3;17,2;25,4;24,3;17,6;17,2;65;62;65;190;5,2;3,1;
2019/10/30;0900 UTC;0;950,6;951,6;950,6;1,7;24,6;16,8;25;24,3;17,2;16,6;65;60;62;184;5;3,2;
2019/10/30;1000 UTC;0;953,3;953,3;950,6;141,6;26,5;17,3;26,5;24,4;17,6;16,7;63;57;57;180;5,2;3,3;
2019/10/30;1100 UTC;0;962,8;962,8;953,3;742,7;28,9;17,3;28,9;26,5;18;17;57;49;50;174;8,5;5,6;
2019/10/30;1200 UTC;0;971,9;971,9;962,8;1309,4;29,9;17,5;30,1;28,9;18,5;17,1;52;47;47;189;9,7;5,8;
2019/10/30;1300 UTC;0;979,5;979,5;971,9;1825,5;32,1;18,3;32,2;29,9;18,8;17,4;49;42;44;182;9,8;5,8;
2019/10/30;1400 UTC;0;986,3;986,3;979,5;2214,9;34,1;16,8;34,2;31,8;19,2;16,1;46;35;36;168;10,6;5,3;
2019/10/30;1500 UTC;0;992,3;992,3;986,3;2473,8;34,6;16,4;34,9;33,8;18,2;15,4;39;32;34;152;9,9;5,9;
2019/10/30;1600 UTC;0;996,2;996,2;992,3;2539,4;35,3;15,6;35,6;34,6;17,7;14,5;37;29;31;146;9,3;3,7;
2019/10/30;1700 UTC;0;999,7;999,7;996,2;2423,8;36,3;15,5;36,5;35,3;16,5;13;32;25;29;172;8,3;3,9;
2019/10/30;1800 UTC;0;1001,4;1001,6;999,7;2141,4;36,2;13,6;36,9;36,1;15;12,1;29;23;26;167;7,8;4,5;
2019/10/30;1900 UTC;0;999,6;1001,4;999,6;1715;36,5;13,8;36,9;36,2;14,9;12,6;27;24;26;178;7,6;4,2;
2019/10/30;2000 UTC;0;997;999,6;997;1169;36,1;13,1;36,6;35,9;14,4;11,4;28;22;25;172;8;4,5;
2019/10/30;2100 UTC;0;992,6;997;992,6;549,8;34,9;14;36,1;34,9;14,4;13,4;29;25;29;188;6,6;3,4;
2019/10/30;2200 UTC;0;980,9;992,6;980,9;47,5;32,9;14,5;34,9;32,7;14,8;14,1;34;29;33;199;5,2;3,1;
2019/10/30;2300 UTC;0;972;980,9;972;0;31,9;13,5;32,9;31,9;14,5;13,1;34;31;33;198;5,3;3,6;
2019/10/31;0000 UTC;0;966,1;972;966,1;0;30,4;14;31,9;30,2;14,3;13,4;38;32;37;189;5,7;3,6;
2019/10/31;0100 UTC;0;963,1;966,1;963,1;0;30,6;14,1;30,8;30,1;14,3;13,7;38;35;37;199;6,1;3,8;
2019/10/31;0200 UTC;0;961,4;963,2;961,4;0;29,9;14,9;30,6;29,5;15;14,1;41;37;40;198;6,1;3,6;
2019/10/31;0300 UTC;0;958,8;961,4;958,8;0;28,7;15;30;28,4;15,1;14,5;44;39;43;189;5,9;3,3;
2019/10/31;0400 UTC;0;956;958,8;956;0;28,6;14,5;28,9;28,3;15;14,5;44;42;42;192;5;2,6;
2019/10/31;0500 UTC;0;953,7;956,1;953,7;0;28;14,5;28,6;28;14,8;14,3;44;42;44;195;3,7;1,7;
2019/10/31;0600 UTC;0;951,9;953,7;951,9;0;27,6;14,6;28,3;27,6;14,8;14,3;46;42;45;175;2,7;2,2;
2019/10/31;0700 UTC;0;950,2;951,9;950,2;0;27,2;14,5;27,7;26,9;14,8;14,3;47;44;46;182;2,8;1,9;
2019/10/31;0800 UTC;0;948,5;950,3;948,5;0;26;15,1;27,3;25,8;15,2;14,4;52;45;51;178;3,2;2,7;
2019/10/31;0900 UTC;0;947,4;948,5;947,4;1,6;25,4;17,1;26,1;25,1;17,1;15,1;60;51;60;202;8,2;5,4;
2019/10/31;1000 UTC;0;948,7;948,7;947,4;139,2;26,2;17,4;26,2;25,2;17,6;17,1;61;58;58;184;8,3;5,3;
2019/10/31;1100 UTC;0;955,3;955,3;948,7;719,5;27,6;17,3;27,7;26,2;17,7;17,1;59;53;54;182;10,5;6,6;
2019/10/31;1200 UTC;0;962,8;962,8;955,3;1291,8;29,4;16,8;29,4;27,6;17,9;16,8;54;47;47;178;10,8;7,2;
2019/10/31;1300 UTC;0;970,3;970,3;962,8;1789,8;31,6;16,5;31,6;29,2;18,1;15,9;49;40;40;172;11,3;6,1;
2019/10/31;1400 UTC;0;977;977;970,3;2191,7;32,5;15,8;33;31,3;17,2;15,3;42;35;37;173;11,6;7,1;
2019/10/31;1500 UTC;0;982,5;982,5;977;2442,1;34,5;17,2;34,5;32,5;17,5;15,4;39;32;36;170;11,6;5,3;
2019/10/31;1600 UTC;0;988;988;982,5;2488,2;35,6;16,9;35,6;34;18,5;15,2;37;30;33;172;8,8;3,3;
2019/10/31;1700 UTC;0;992,7;992,7;988;2396,3;36,1;16,3;36,4;35;17,2;14,8;34;28;31;203;7,4;4;
2019/10/31;1800 UTC;0;995,8;995,8;992,7;2090,1;36;14,1;36,8;35,8;16,4;14,1;31;26;27;205;7,8;4,5;
2019/10/31;1900 UTC;0;982,6;996,1;982,6;576,5;25,2;17,8;36,4;25,1;17,8;14;64;27;64;322;19,1;11,6;
2019/10/31;2000 UTC;17,6;940,2;982,6;940,2;14,1;21,2;20,1;25,3;20,6;20,1;17,6;93;63;93;3;24,8;13,8;
2019/10/31;2100 UTC;32,4;928,8;940,2;928,8;2,2;20,7;20,1;21,2;18,6;20,1;17,6;97;93;97;311;20,4;8,7;
2019/10/31;2200 UTC;2,6;929,4;929,4;928,8;1,3;20,5;19,3;20,9;20,5;20,3;19,3;97;93;93;292;15,8;7,8;
2019/10/31;2300 UTC;2,6;929,5;929,6;929,4;,9;21,2;17,5;21,2;20,3;19,3;17,5;93;80;80;264;18,7;9,2;
2019/11/01;0000 UTC;1,4;933,2;933,2;929,5;1,4;25;15,2;25;20,7;17,6;15,2;83;54;54;252;16,2;11;
2019/11/01;0100 UTC;0;944;944;933,2;,4;24,6;14,7;27,1;23;15,6;13,4;62;43;54;225;15,9;1,2;
2019/11/01;0200 UTC;0;941,2;944,7;941,2;0;22;17,2;24,8;21,2;17,4;14,7;78;54;74;232;9,4;4,7;
2019/11/01;0300 UTC;0;940,1;941,2;940,1;0;22,1;16,4;22,3;21,9;17,3;16,4;75;70;70;225;9,4;2,9;
2019/11/01;0400 UTC;0;942,9;942,9;940,1;0;23,4;14,9;24,4;22,1;16,4;14,4;70;54;59;236;5,5;2,7;
2019/11/01;0500 UTC;0;944;944,3;942,9;0;22,2;15,9;23,4;21,9;15,9;15;68;59;67;271;5,6;3,8;
2019/11/01;0600 UTC;0;942,3;944;942,3;0;21,3;16,3;22,2;21,2;16,3;15,8;74;67;73;279;5,6;3,2;
2019/11/01;0700 UTC;0;940,3;942,3;940,3;0;21,4;16,1;21,4;20,6;16,6;16,1;77;72;72;247;6,3;3,6;
2019/11/01;0800 UTC;0;941,5;941,5;940,3;0;21,7;15,7;21,7;21,2;16,1;15,7;72;69;69;234;6,2;3,4;
2019/11/01;0900 UTC;0;943;943;941,5;6,2;21,9;15,7;21,9;21,5;15,7;15,6;69;68;68;207;7,6;4,3;
2019/11/01;1000 UTC;0;947;947;943,1;216,6;22,9;16,1;22,9;21,9;16,1;15,4;68;65;66;198;7,6;4,3;
2019/11/01;1100 UTC;0;953,2;953,2;947;503,1;24,1;16,6;24,2;22,9;16,7;15,8;66;62;63;197;9,3;5,3;
2019/11/01;1200 UTC;0;958,9;958,9;953,2;619,2;25,2;17;25,2;24,1;17,2;16,4;64;60;60;200;11,8;6,5;
2019/11/01;1300 UTC;0;964,1;964,1;958,9;922,5;26,2;17,3;26,5;25,1;17,6;16,6;61;56;58;193;12,1;6,8;
2019/11/01;1400 UTC;0;968,8;968,8;964,1;792,3;27;17,6;27;26,2;17,9;17,1;60;55;56;198;10,7;3,5;
2019/11/01;1500 UTC;0;971,9;971,9;968,8;616,8;28;17,7;28,2;27;18,4;17,3;58;52;54;228;5,7;2;
2019/11/01;1600 UTC;0;979,9;979,9;971,9;1431,3;29,8;18,1;29,8;28;18,5;16,6;55;46;50;190;5,4;2,7;
2019/11/01;1700 UTC;0;986,7;986,7;979,9;1274,4;31,3;18,5;31,8;29,7;18,6;16,4;51;41;47;211;4,9;1;
2019/11/01;1800 UTC;0;991,2;991,2;986,7;975,3;31,9;17,9;32,1;30,8;18,7;16,2;48;39;43;220;2,8;1;
2019/11/01;1900 UTC;0;994,9;994,9;991,2;1321,5;32;19,5;33;31,6;19,6;16,6;48;39;48;88;3,5;1,4;
2019/11/01;2000 UTC;0;994;995,7;994;1048,1;32;18;32,2;31,1;20,3;17,4;52;42;43;236;3,4;1,4;
2019/11/01;2100 UTC;0;990,6;994,1;990,6;476,7;31,2;17,7;32,1;31,2;18,6;17;47;41;44;281;3,4;1,5;
2019/11/01;2200 UTC;0;981,6;990,6;981,6;67,9;29,8;17,8;31,2;29,7;18,4;17,6;50;44;49;297;2,4;1,1;
2019/11/01;2300 UTC;0;972,6;981,6;972,6;0;28,9;17,8;29,8;28,9;17,8;17,2;51;47;51;310;3,1;2,1;
2019/11/02;0000 UTC;0;967,8;972,6;967,8;0;27,9;18,3;28,9;27,7;18,5;17,8;57;51;56;284;4,3;2,9;
2019/11/02;0100 UTC;0;967;967,8;966,8;0;28,4;17,3;28,6;27,9;18,2;17,3;56;51;51;255;6,6;4,4;
2019/11/02;0200 UTC;0;967,9;967,9;967;0;28,6;16,4;28,8;28,3;17,3;16,4;51;47;48;253;6,1;3,7;
2019/11/02;0300 UTC;0;967,5;968,3;967,5;0;28,2;15,6;28,7;28,1;16,3;15,6;48;46;46;251;5,8;3,7;
2019/11/02;0400 UTC;0;965,8;967,6;965,8;0;26,8;16,1;28,4;26,8;16,2;15,4;52;45;52;232;5,8;2,5;
2019/11/02;0500 UTC;0;960,4;965,8;960,4;0;25,6;16,5;26,9;25,5;16,7;16,1;58;52;57;222;6,7;3,7;
2019/11/02;0600 UTC;0;957,9;960,4;957,9;0;25,3;16,4;25,7;25,1;16,8;16,4;60;57;58;207;10,9;6,4;
2019/11/02;0700 UTC;0;956,3;958,1;956,3;0;24,2;16,7;25,4;24,2;16,7;16,4;63;58;63;200;11;5,8;
2019/11/02;0800 UTC;0;954,1;956,3;954,1;0;23,7;16,5;24,5;23,6;16,7;16,4;64;61;64;196;11,4;5,9;
2019/11/02;0900 UTC;0;951,6;954,2;951,6;4,1;22,9;16,2;23,7;22,9;16,5;16,2;66;64;66;194;9,8;5,5;
2019/11/02;1000 UTC;0;951,5;951,6;951,1;159,5;23,6;16,3;23,6;22,9;16,4;16,1;66;63;64;195;10,9;6,5;
2019/11/02;1100 UTC;0;956,6;956,6;951,5;738,1;24,8;16,3;24,8;23,6;16,6;16,1;64;59;59;195;13,8;7,9;
2019/11/02;1200 UTC;0;962,8;962,8;956,6;1307,5;25,9;17;25,9;24,8;17,2;16,2;60;57;58;184;12,9;7,9;
2019/11/02;1300 UTC;0;969,8;969,8;962,8;1813,6;27,9;17,5;27,9;25,8;18,1;16,9;59;52;53;185;12,3;6,7;
2019/11/02;1400 UTC;0;977,4;977,4;969,8;2205,9;29,9;17,8;30;27,8;18,8;17,4;55;48;48;179;10,6;5,3;
2019/11/02;1500 UTC;0;985,1;985,1;977,4;2446,8;31,4;18,1;31,4;29,7;19,5;17,6;53;44;45;180;8,2;4,6;
2019/11/02;1600 UTC;0;990,7;990,7;985,1;2492,5;32,3;19;32,5;31,2;19,6;17,7;49;42;45;162;8,9;4,1;
2019/11/02;1700 UTC;0;995,8;995,8;990,7;2391,1;33,5;18,7;33,5;32,2;19,7;17,5;46;40;42;173;7,3;4;
2019/11/02;1800 UTC;0;997,9;997,9;995,8;2099,6;33,3;18,1;33,6;32,8;19,5;17,1;45;38;41;165;7,2;3,6;
2019/11/02;1900 UTC;0;998,3;998,4;997,9;1684,8;33,7;17,2;33,8;33,2;19,6;16,9;45;37;38;132;6;2,3;
2019/11/02;2000 UTC;0;998;998,6;998;1153,4;33,4;16,8;34;33,4;18,5;16,1;40;35;37;154;4,3;1,8;
2019/11/02;2100 UTC;0;994,1;998;994,1;557,2;32,6;16,9;33,7;32,5;18,4;15,3;42;34;39;188;4,4;1,9;
2019/11/02;2200 UTC;0;982,5;994,1;982,5;85,1;31,4;15,8;32,6;31,4;17,2;15,6;41;38;39;183;3,1;1,8;
2019/11/02;2300 UTC;0;971,9;982,5;971,9;0;30,1;16,1;31,4;30,1;16,2;15,6;43;39;43;202;3,1;2,3;
2019/11/03;0000 UTC;0;966;971,9;966;0;29,5;15,2;30,2;29,1;16,1;15,2;45;41;42;199;4,1;2,4;
2019/11/03;0100 UTC;0;963,9;966;963,9;0;28,9;15,6;29,7;28,8;15,6;15,1;45;41;45;213;4,8;2,4;
2019/11/03;0200 UTC;0;962,6;964;962,6;0;28,1;16,6;29,1;28,1;16,6;15,7;50;44;50;196;4,6;2,1;
2019/11/03;0300 UTC;0;961,3;962,6;961,3;0;28,1;16,7;28,7;28;16,8;16,4;50;47;50;193;4,3;2,3;
2019/11/03;0400 UTC;0;959,3;961,4;959,3;0;27,3;16,9;28,1;27,2;17;16,7;53;50;53;177;4,6;3,2;
2019/11/03;0500 UTC;0;957;959,3;957;0;27,1;16,7;27,5;26,3;17,1;16,6;57;52;53;173;4,3;1,8;
2019/11/03;0600 UTC;0;956,1;957;956;0;26,9;16,5;27,4;26,8;16,7;16,2;54;51;53;170;3,4;2,4;
2019/11/03;0700 UTC;0;953,5;956,4;953,5;0;24,8;17,7;26,9;24,2;18;16,5;68;53;65;165;3,6;2,4;
2019/11/03;0800 UTC;0;949,4;953,5;949,4;0;25,2;17,8;25,7;23,3;18,7;17,1;74;59;64;355;4,2;,5;
2019/11/03;0900 UTC;0;950,4;950,4;949,2;5,6;25,8;16,9;26,2;24,6;17,9;16,8;66;57;58;272;2,4;1,9;
2019/11/03;1000 UTC;0;953,6;953,6;950,5;149;27,1;17,3;27,1;25,3;17,6;16,8;61;55;55;272;3,4;1,8;
2019/11/03;1100 UTC;0;963,3;963,3;953,6;587;29,3;18,1;29,5;27,1;19;17;56;49;51;232;3,5;1,4;
2019/11/03;1200 UTC;0;973,9;973,9;963,3;978,6;30,4;18,2;30,8;29,3;19,3;17,2;54;46;48;164;3,4;2;
2019/11/03;1300 UTC;0;980,6;980,6;973,9;1157,9;31;18,3;31,4;29,9;19,4;17,5;52;45;47;184;4;2,1;
2019/11/03;1400 UTC;0;983,8;983,8;980,6;1305,1;32,2;18,1;32,2;30,9;19,5;17,6;49;43;43;165;5,3;3,5;
2019/11/03;1500 UTC;0;988;988;983,8;2233,4;33,4;18,9;33,6;31,9;19,7;16,8;47;40;42;98;6,9;2,5;
2019/11/03;1600 UTC;0;995,7;995,7;988;2804,8;34,1;17;34,7;33,5;19,7;16;44;33;36;104;7,9;2,5;
2019/11/03;1700 UTC;0;998,3;998,6;995,7;2253;33,4;17,9;35,2;33,3;19,8;16,9;43;35;40;129;6,2;3,7;
2019/11/03;1800 UTC;0;991,4;998,3;991,4;1315,4;32,6;18,7;33,8;32,5;20,1;16,8;46;38;44;155;6,2;4;
2019/11/03;1900 UTC;0;984,1;991,4;984,1;666;31,3;19,4;33,1;31,2;19,6;17,8;50;40;49;105;5,8;,6;
2019/11/03;2000 UTC;0;971,4;984,1;971,4;239;29,7;18,5;31,4;29;19,5;18,1;56;46;51;58;7,5;1;
2019/11/03;2100 UTC;0;966,6;971,4;966,6;188,8;29;19,2;30,1;28,9;19,8;17,2;57;46;56;33;3,5;2,1;
2019/11/03;2200 UTC;0;960,1;966,6;960,1;39,1;28,4;18,2;29,1;27,6;20,4;17,8;65;53;54;328;3,4;,2;
2019/11/03;2300 UTC;0;956,4;960,1;956,4;0;28,2;17,7;28,9;28,2;18,1;17,4;54;50;53;100;1,8;,6;
2019/11/04;0000 UTC;0;954,9;956,4;954,9;0;27,6;20;28,5;27,4;20,2;17,4;64;51;63;236;1,9;,8;
2019/11/04;0100 UTC;0;954;954,9;953,9;0;28,7;17,8;28,7;27,3;20;17,8;64;52;52;261;2,4;1,4;
2019/11/04;0200 UTC;0;955,2;955,2;954;0;26,7;18,1;28,7;26,7;18,1;17,5;59;51;59;305;3,5;1,4;
2019/11/04;0300 UTC;0;953,1;955,3;953,1;0;27,6;17,5;27,9;26,1;19,1;17,5;65;53;54;242;4,9;2,8;
2019/11/04;0400 UTC;0;952,4;953,5;952,4;0;24,9;19,4;27,7;24,9;19,4;17,6;71;54;71;139;4,4;2,6;
2019/11/04;0500 UTC;0;948;952,4;948;0;24,7;20,3;25,1;24,4;20,3;19,4;77;71;77;133;6,8;3,2;
2019/11/04;0600 UTC;0;946,2;948;946,2;0;24,4;20,2;24,7;24,2;20,3;20;78;76;78;158;5,5;1,2;
2019/11/04;0700 UTC;0;946,5;946,5;946,2;0;24,9;20,2;25,4;24,3;20,3;19,7;79;71;75;199;2,1;,5;
2019/11/04;0800 UTC;0;945,9;946,7;945,9;0;25;19,7;25;24,2;20,5;19,7;80;72;73;203;2,6;2;
2019/11/04;0900 UTC;0;945,6;946,1;945,6;1,8;23,8;20;25;23,7;20;19,6;79;72;79;166;4,8;3,9;
2019/11/04;1000 UTC;0;946,7;946,7;945,4;178,5;25,5;20;25,5;23,6;20,2;19,7;80;72;72;191;4,8;3,1;
2019/11/04;1100 UTC;0;956,4;956,4;946,7;744,6;27,7;19,6;27,8;25,5;20,4;19,5;72;61;61;180;6;3,9;
2019/11/04;1200 UTC;0;966,1;966,1;956,4;1232,7;29,3;18,5;29,5;27,7;20,9;18,5;64;52;52;155;6,5;3,6;
2019/11/04;1300 UTC;0;973;973;966,1;1718,6;30,2;18,9;30,3;29,1;20,7;18,2;58;50;51;144;7,8;4,1;
2019/11/04;1400 UTC;0;976,9;976,9;973;2101,6;30,8;20,5;31,1;29,8;21;18,2;56;50;54;114;8,6;4,1;
2019/11/04;1500 UTC;0;981,8;981,8;976,9;2382,1;33,3;19,6;33,3;30,8;21,5;18,9;56;44;45;128;9;4,7;
2019/11/04;1600 UTC;0;987,6;987,6;981,8;2467,5;33,9;17,5;34,4;33;20,4;17,5;46;37;38;130;9,1;4,4;
2019/11/04;1700 UTC;0;992,1;992,1;987,6;2344,6;34,5;17,6;35,1;33,9;19,7;17;42;36;37;143;9,2;5,8;
2019/11/04;1800 UTC;0;993,2;993,2;992,1;2102,1;34,8;16,5;35,2;34,3;18,6;16;38;32;34;130;10,1;5,7;
2019/11/04;1900 UTC;0;992,7;993,3;992,7;1632;35,2;16,7;35,3;34,7;17,5;15,2;36;30;33;133;10,4;4,2;
2019/11/04;2000 UTC;0;990,9;992,9;990,9;1106,8;35;15,5;35,3;34,7;16,7;15,2;35;31;31;125;8,6;3,6;
2019/11/04;2100 UTC;0;987,2;990,9;987,2;559,1;33,9;16,3;35;33,9;16,5;14,6;35;30;35;143;7,5;2,4;
2019/11/04;2200 UTC;0;976;987,2;976;95;31,4;17,6;33,8;31,3;17,9;16,4;44;35;44;162;4,7;2;
2019/11/04;2300 UTC;0;964,2;976;964,2;0;30,9;16,8;31,5;30,2;17,7;16,8;47;42;43;147;5;2,9;
2019/11/05;0000 UTC;0;960,9;964,2;960,9;0;29,4;17;31,5;29,4;17;15,8;47;39;47;158;5,5;2,5;
2019/11/05;0100 UTC;0;956,7;960,9;956,7;0;29,1;17;29,8;28,9;17,3;16,8;49;46;48;159;4,9;2,8;
2019/11/05;0200 UTC;0;956,3;956,7;956,1;0;29,1;16,5;29,9;28,9;17,1;16,1;49;43;46;149;6,7;3,4;
2019/11/05;0300 UTC;0;954,4;956,6;954,4;0;27,6;17;29,4;27,6;17,1;16,4;53;46;52;156;6,1;3;
2019/11/05;0400 UTC;0;951,9;954,4;951,9;0;28,1;16,6;28,4;27,5;17,2;16,6;53;49;50;142;5,6;2,5;
2019/11/05;0500 UTC;0;950,7;952;950,7;0;27,4;16,8;28,2;27,3;16,8;16,6;53;49;52;128;3,9;1,7;
2019/11/05;0600 UTC;0;948,5;950,7;948,5;0;27,1;17;27,5;26,8;17;16,8;55;52;54;119;4,6;2,2;
2019/11/05;0700 UTC;0;947,9;948,6;947,9;0;26,8;16,9;27,3;25,8;17,2;16,8;59;53;54;132;5,1;3,1;
2019/11/05;0800 UTC;0;947,4;948,1;947,4;0;26,2;17,1;27,1;26;17,2;16,8;58;54;57;127;5,1;2,7;
2019/11/05;0900 UTC;0;947,3;947,5;947,1;2,7;26,4;17;26,7;26;17,2;16,8;58;55;56;129;6,1;3,3;
2019/11/05;1000 UTC;0;949,2;949,2;947,3;154,9;26,9;17,5;26,9;26,2;17,5;16,9;57;55;56;124;5,9;3,3;
2019/11/05;1100 UTC;0;955,3;955,3;949,2;646;27,9;17,5;27,9;26,9;18,1;17,2;57;53;53;126;7,8;4,4;
2019/11/05;1200 UTC;0;961,6;961,6;955,3;815,6;29,7;18,4;29,7;27,9;18,9;17,8;56;51;51;96;8,6;3,8;
2019/11/05;1300 UTC;0;968,5;968,5;961,6;1015,6;31,8;18,9;31,8;29,7;19,2;18,1;51;46;46;84;10,2;4,1;
2019/11/05;1400 UTC;0;978,6;978,6;968,5;2025,8;34,3;17,8;34,4;31,8;20,1;17,6;47;37;38;49;11,8;6,2;
2019/11/05;1500 UTC;0;984,5;984,5;978,6;2058;35,1;17,5;35,1;34,1;18,6;16,5;39;34;35;50;12,3;5,4;
2019/11/05;1600 UTC;,8;985,5;988,8;984,5;1727,4;23,3;17,1;36,1;23,3;19,2;15,7;68;32;68;9;20;12,9;
2019/11/05;1700 UTC;15,2;943,1;985,4;943,1;147;25,2;21,1;26,5;20,3;25,1;16,8;94;66;78;300;30,5;5,9;
2019/11/05;1800 UTC;1,2;943;943,1;942,4;299,2;24,2;21;25,8;24,2;21,2;19,7;82;71;82;324;11,6;7,4;
2019/11/05;1900 UTC;1,8;943,8;943,8;942,8;153;24,9;21,9;25,2;24,2;21,9;21,1;84;79;83;330;12,5;5,1;
2019/11/05;2000 UTC;6,6;935,2;944;935,2;78,5;22,1;17,1;24,9;21,3;21,8;17;86;73;74;295;19,4;6,3;
2019/11/05;2100 UTC;0;935,3;935,3;934,5;155,7;22,7;17,6;22,8;21,9;17,8;17,1;76;73;73;292;12,6;6,3;
2019/11/05;2200 UTC;0;937,1;937,5;935,3;35,3;22,5;16,4;22,8;22;17,8;16,4;75;68;68;276;13,3;7,5;
2019/11/05;2300 UTC;,4;937,1;937,2;936,6;0;22,5;15,9;22,6;21,9;16,4;15,5;71;65;66;233;13,3;5,7;
2019/11/06;0000 UTC;0;937,4;937,7;937,1;0;22;16,1;22,4;21,6;16,6;15,7;73;66;69;228;11,6;5,4;
2019/11/06;0100 UTC;0;937,4;937,6;937,4;0;21,4;16,1;22;21,4;16,2;15,9;72;69;72;214;11,2;4,9;
2019/11/06;0200 UTC;0;937,5;937,6;937,4;0;21;16,2;21,8;21;16,4;16,1;74;71;74;319;8,7;,8;
2019/11/06;0300 UTC;0;937,2;937,7;937,1;0;21,2;16,7;21,5;20,7;16,8;16,3;77;73;76;86;4,2;,7;
2019/11/06;0400 UTC;0;937,1;937,6;937,1;0;21;17,4;21,4;20;17,4;16,7;82;76;80;199;3;1,2;
2019/11/06;0500 UTC;0;937,8;937,8;937,1;0;20,9;17,9;21;20,5;17,9;17,3;83;80;83;272;2,5;1,8;
2019/11/06;0600 UTC;0;939,3;939,3;937,8;0;20,9;18,2;21;20,8;18,2;17,9;84;83;84;222;4,3;2;
2019/11/06;0700 UTC;0;940,1;940,1;939,3;0;20,9;18,5;21,1;20,9;18,5;18,2;86;84;86;212;4,9;2,6;
2019/11/06;0800 UTC;0;941;941;940,1;0;20,8;18,4;21;20,7;18,6;18,3;86;85;86;223;5;2,6;
2019/11/06;0900 UTC;0;941,7;941,7;941;2,2;20,8;18,2;20,9;20,7;18,4;18,1;86;85;85;217;6,4;3;
2019/11/06;1000 UTC;0;943,8;943,8;941,7;95,9;21,4;18,5;21,4;20,7;18,5;18,1;85;83;84;207;6;3,1;
2019/11/06;1100 UTC;0;949,1;949,1;943,8;403;22,9;19,2;22,9;21,4;19,4;18,4;84;80;80;209;6,1;2,4;
2019/11/06;1200 UTC;0;955,3;955,3;949,1;549,8;23,6;19,8;23,6;22,7;19,8;18,6;80;77;79;209;5;2,3;
2019/11/06;1300 UTC;0;960,6;960,6;955,3;717,7;24,3;19,7;24,4;23,4;19,9;19,1;79;75;76;201;5,2;3,4;
2019/11/06;1400 UTC;0;964,1;964,1;960,6;775,3;25,5;20,5;25,5;24,1;21;19,4;77;74;74;197;5,8;2,2;
2019/11/06;1500 UTC;0;967,8;967,8;964,2;819,3;25,8;20;25,9;24,6;20,6;19,5;75;70;70;223;4,1;1,9;
2019/11/06;1600 UTC;0;974,3;974,3;967,8;1285,8;27,8;20,9;27,8;25,7;20,9;19,5;72;63;66;221;4,4;2,2;
2019/11/06;1700 UTC;0;981,5;981,5;974,3;1789,7;28,4;20,7;28,8;27,6;21,1;19,6;66;60;63;233;6,4;3,1;
2019/11/06;1800 UTC;0;985,3;985,3;981,5;1466,9;28,8;19,7;29,9;28,4;21,4;19,5;64;56;58;243;6,2;3,4;
2019/11/06;1900 UTC;0;983,3;985,5;983,3;880,4;28,5;19,7;29,6;28,4;20,4;19,3;60;56;59;266;8,8;4,2;
2019/11/06;2000 UTC;0;980,1;983,3;980,1;598,2;28;19,4;29,1;27,9;20,2;19,1;60;56;59;287;7,3;4,8;
2019/11/06;2100 UTC;0;974,4;980,1;974,4;94,5;27,5;19,2;28;27,5;19,5;19,1;61;59;60;263;7,7;3,3;
2019/11/06;2200 UTC;0;969,1;974,4;969,1;7,1;25,6;20,2;27,5;25,6;20,3;19,1;73;60;72;335;6,7;4,4;
2019/11/06;2300 UTC;,2;962,1;969;962,1;0;24,9;20,2;25,6;24,9;20,3;20,1;75;72;75;244;6,7;2,5;
2019/11/07;0000 UTC;1;958,1;962,1;958,1;0;23,3;21,7;24,9;23,2;21,7;20,2;91;75;91;200;9,3;3,2;
2019/11/07;0100 UTC;1,4;955,2;958,1;955,2;0;23,1;21,5;23,3;23;21,8;21,5;92;91;91;194;6,5;4,1;
2019/11/07;0200 UTC;,2;954,2;955,2;954,2;0;23,3;20,9;23,3;23;21,4;20,9;91;87;87;204;9;4,4;
2019/11/07;0300 UTC;,2;954,6;954,6;954,2;0;23,3;20,2;23,5;23,1;20,9;20,2;87;82;82;200;11;5,9;
2019/11/07;0400 UTC;0;955,4;955,4;954,6;0;23,6;19,3;23,8;23,1;20,2;19,3;84;77;77;201;10;4,2;
2019/11/07;0500 UTC;0;955,5;955,9;955,4;0;22,9;19,2;23,6;22,9;19,4;19,2;80;77;80;190;7,3;3,7;
2019/11/07;0600 UTC;0;954,7;955,6;954,7;0;22,6;18,6;23;22,5;19,2;18,5;80;77;78;192;8,5;4,5;
2019/11/07;0700 UTC;0;953,4;954,8;953,4;0;21,9;18,5;22,6;21,9;18,9;18,5;82;78;81;199;8;3,8;
2019/11/07;0800 UTC;0;951,6;953,5;951,6;0;21,5;17,7;22;21,5;18,5;17,6;82;78;79;192;6,4;4,2;
2019/11/07;0900 UTC;0;950,5;951,6;950,5;2,6;21,1;17,7;21,5;21,1;17,8;17,6;81;79;81;189;6,4;3,6;
2019/11/07;1000 UTC;0;951;951;950,5;133,2;21,5;17,8;21,5;21,1;17,9;17,6;81;79;79;189;5,8;3,3;
2019/11/07;1100 UTC;0;954,6;954,6;951;473;22,7;17,9;22,7;21,5;18,3;17,6;80;75;75;195;7,5;4,8;
2019/11/07;1200 UTC;0;960,6;960,6;954,6;883,3;23,5;17,9;23,5;22,6;18,4;17,5;76;71;71;192;9,3;5;
2019/11/07;1300 UTC;0;966,1;966,1;960,6;994,1;23,2;18;24,4;23,2;18,8;17,7;73;68;73;192;8,7;4,6;
2019/11/07;1400 UTC;0;965,5;966,2;965,2;585,5;24,2;19,1;24,3;23,2;19,5;18;75;72;73;182;7,2;3,5;
2019/11/07;1500 UTC;0;970;970;965,5;983,9;25,3;18,9;25,3;24,1;19,5;18,5;73;67;68;175;7;3,7;
2019/11/07;1600 UTC;0;975,3;975,3;970;1147,4;26,5;19,1;26,8;25,2;19,9;18,7;70;63;64;170;7;4;
2019/11/07;1700 UTC;0;982,9;982,9;975,4;1943,6;28;19,6;28,7;26,5;21;19;66;59;60;150;7,6;4,3;
2019/11/07;1800 UTC;0;988,6;988,7;982,9;1568,4;27,5;19,9;28,8;27,5;20,7;19,1;63;57;63;124;7,6;3,2;
2019/11/07;1900 UTC;0;983,3;988,6;983,3;632,8;27,1;20,2;27,7;27,1;20,5;19,5;67;62;66;121;5,9;2,2;
2019/11/07;2000 UTC;0;978,5;983,3;978,5;342,3;27;20,3;27,1;26,9;20,8;20;69;65;67;158;4,1;,2;
2019/11/07;2100 UTC;0;974,5;978,5;974,5;115,7;26,3;21,1;27;26,3;21,2;20,4;73;67;73;61;1,7;,1;
2019/11/07;2200 UTC;0;969,2;974,5;969,2;11,8;25,4;21;26,3;25,3;21,3;21;78;73;77;45;2;0;
2019/11/07;2300 UTC;0;965,1;969,1;965,1;0;24,9;21,4;25,4;24,8;21,6;21;82;77;81;343;1,4;1,1;
2019/11/08;0000 UTC;,2;962,6;965,1;962,6;0;25;20,7;25;24,7;21,5;20,6;81;77;77;258;2,6;2,1;
2019/11/08;0100 UTC;0;961,9;962,7;961,9;0;25;20,6;25;24,7;21;20,6;80;76;76;246;3,1;2,2;
2019/11/08;0200 UTC;0;962,1;962,2;961,9;0;25,1;20,4;25,2;24,8;20,6;20,3;77;75;75;260;3,1;1,9;
2019/11/08;0300 UTC;0;962,2;962,5;962,1;0;24,9;20,1;25,3;24,4;20,5;20,1;79;74;75;246;2,6;,7;
2019/11/08;0400 UTC;0;961,4;962,4;961,4;0;24,2;20,4;25;24;20,5;19,9;81;74;79;86;2,5;0;
2019/11/08;0500 UTC;0;959,2;961,4;959,2;0;23,7;21,3;24,2;23,2;21,5;20,2;88;79;86;144;4,1;2,6;
2019/11/08;0600 UTC;0;958,1;959,3;958,1;0;23,2;21,4;23,7;23,1;21,6;21,1;91;86;90;173;4,1;1,2;
2019/11/08;0700 UTC;0;957,1;958,2;957,1;0;23,4;20,7;23,5;23,2;21,5;20,7;90;85;85;241;2,5;1,4;
2019/11/08;0800 UTC;0;956,3;957,2;956,3;0;23,2;20,1;23,4;22,9;20,7;20,1;86;83;83;229;2,4;1;
2019/11/08;0900 UTC;0;956,1;956,5;956;7,7;23;20,2;23,3;22,9;20,2;20;85;83;85;185;2,1;1,3;
2019/11/08;1000 UTC;0;958;958;956,1;148,9;23,9;21,2;23,9;23;21,3;20,2;86;84;85;227;2,1;,1;
2019/11/08;1100 UTC;0;962,1;962,1;958;225,4;24,4;20,9;24,4;23,9;21,4;20,7;85;81;81;216;3,2;1,7;
2019/11/08;1200 UTC;0;967,4;967,4;962,1;660,6;25,8;20,2;25,8;24,3;20,9;19,8;81;70;71;189;5,3;3,5;
2019/11/08;1300 UTC;0;975;975;967,4;1113,4;27;19,8;27,1;25,7;20,4;18,9;72;62;65;199;6,9;3,4;
2019/11/08;1400 UTC;0;985;985;975;2233,8;28;19,5;29,1;27;20,9;18,9;65;57;60;190;7,9;4,7;
2019/11/08;1500 UTC;0;984,5;986,6;984,5;1040,7;28;19,5;28,9;27,6;20,2;19,1;63;58;60;191;7,9;2,7;
2019/11/08;1600 UTC;0;982,8;984,5;982,8;605,2;28,1;19,8;28,1;27,7;20;19,1;62;58;61;170;4,3;,8;
2019/11/08;1700 UTC;0;983,5;983,5;982,8;474,2;28,1;20,4;28,8;28;20,6;18,7;64;56;63;137;2,1;,2;
2019/11/08;1800 UTC;0;977;983,6;977;376,5;26,1;20,8;28,1;25,4;21,1;19,5;76;60;73;77;6,3;2,3;
2019/11/08;1900 UTC;0;971,8;977;971,8;351,2;26,6;20,5;26,6;25,3;21,2;20,5;77;70;70;69;4,7;1,5;
2019/11/08;2000 UTC;0;977,4;977,4;971,8;853,4;27,8;20,3;29;26,6;21,2;19,7;70;59;64;112;3,9;2,5;
2019/11/08;2100 UTC;0;978,2;979,8;977,4;466;26,7;20,2;28;26,6;20,6;19,8;69;62;68;131;4,1;2;
2019/11/08;2200 UTC;0;970,3;978,2;970,3;64,8;24,8;20,4;26,6;24,8;20,4;20,1;76;68;76;166;3,3;1,7;
2019/11/08;2300 UTC;0;961,6;970,3;961,6;0;24,1;20,8;24,9;24,1;20,9;20,4;82;76;82;182;3,3;1,8;
2019/11/09;0000 UTC;0;957,7;961,6;957,7;0;24;20,9;24,1;23,8;21;20,8;84;82;82;201;3,4;1,9;
2019/11/09;0100 UTC;0;956,7;957,8;956,7;0;23,9;20,7;24,1;23,7;20,9;20,5;83;81;82;197;3,7;2,1;
2019/11/09;0200 UTC;0;955,7;956,9;955,7;0;23,2;20,7;23,9;23,1;20,8;20,5;86;82;86;178;3,8;1,9;
2019/11/09;0300 UTC;0;955;955,8;955;0;23,1;20,1;23,5;23,1;20,7;20,1;86;82;83;200;4;2,6;
2019/11/09;0400 UTC;0;954;955,2;954;0;22,6;19,9;23,1;22,6;20,2;19,8;85;83;84;187;4,5;2,9;
2019/11/09;0500 UTC;0;953;954,1;953;0;22,3;19,8;22,6;22,1;19,9;19,6;86;84;86;187;6;3,8;
2019/11/09;0600 UTC;0;952,6;953,1;952,6;0;22,1;20,1;22,4;22;20,1;19,7;89;85;89;186;6;3,7;
2019/11/09;0700 UTC;0;952;952,8;952;0;22,1;20,3;22,1;21,8;20,4;20;90;89;90;184;5,6;3,8;
2019/11/09;0800 UTC;0;952,6;952,6;952;0;22,1;20;22,3;22,1;20,4;20;90;88;88;177;6,4;3,3;
2019/11/09;0900 UTC;0;952,7;952,9;952,6;5,7;22,4;20,1;22,4;22;20,1;19,8;88;87;87;213;5,9;3;
2019/11/09;1000 UTC;0;955,4;955,4;952,7;162,3;23;19,7;23;22,3;20,3;19,7;87;82;82;208;6,8;3,8;
2019/11/09;1100 UTC;0;961,2;961,2;955,4;730,2;24,7;19,7;24,7;23;19,8;19,1;82;74;74;203;9,7;4,6;
2019/11/09;1200 UTC;0;968,9;968,9;961,3;1280,9;25,8;19,8;26,1;24,5;20,2;19,2;74;67;69;192;9,6;4,9;
2019/11/09;1300 UTC;0;975,4;975,4;968,9;1635,4;26,9;19,7;27,3;25,5;20,8;19,2;71;64;65;179;9,3;5;
2019/11/09;1400 UTC;0;981,4;981,4;975,4;2014,8;27,8;19,7;28,5;26,5;20,9;19,5;67;60;61;187;7,8;2,9;
2019/11/09;1500 UTC;0;987,8;987,8;981,4;2049,1;29,2;20,4;29,3;27,6;21,4;19,6;65;58;59;168;8,2;3,6;
2019/11/09;1600 UTC;0;990,2;990,2;987,8;1684,7;29,6;20,3;30,5;28,8;21,7;19,6;61;55;58;175;6,5;3,8;
2019/11/09;1700 UTC;0;994,3;994,3;990,2;2494,9;30,7;20,6;31;29,5;21,8;19,7;61;53;55;176;7,1;3,7;
2019/11/09;1800 UTC;0;995,8;996;994,3;1873,4;31,5;19,9;32;30,3;21,3;18,7;55;48;50;161;7;4,4;
2019/11/09;1900 UTC;0;988;996;988;1357,1;29,2;20;31,8;27,5;21,8;18,6;66;47;58;153;11,5;4,8;
2019/11/09;2000 UTC;0;986,6;988;986,5;1192,3;29,6;19,4;29,9;29;20,7;19;60;53;54;155;8,2;2,9;
2019/11/09;2100 UTC;0;986,3;987,4;986,3;620,5;29,3;20;30;29,3;20,5;19,2;57;53;57;157;6,4;3,6;
2019/11/09;2200 UTC;0;977,6;986,3;977,6;91,1;27,2;19,3;29,3;27,2;19,7;19;62;55;62;169;6,1;2,8;
2019/11/09;2300 UTC;0;967,8;977,6;967,8;0;26,6;19,4;27,2;26,6;19,5;19,3;65;62;65;177;4,1;2,8;
2019/11/10;0000 UTC;0;964,9;967,8;964,9;0;25,2;17,8;27,3;25,2;19,7;17,6;66;60;64;152;12,4;5,5;
2019/11/10;0100 UTC;0;958,9;964,9;958,9;0;23,5;18,3;25,2;23,5;18,3;17,8;73;64;73;179;9,1;2,8;
2019/11/10;0200 UTC;0;955,9;958,9;955,8;0;24,6;18,9;24,6;23,5;18,9;18,3;73;70;71;142;4,4;2,7;
2019/11/10;0300 UTC;0;956,1;956,5;955,9;0;23,4;19,3;24,6;23,4;19,3;18,8;78;70;78;109;5,2;,9;
2019/11/10;0400 UTC;0;954,6;956,2;954,6;0;23,1;19,8;23,7;23;19,9;19,3;82;78;82;22;5,3;2,3;
2019/11/10;0500 UTC;0;953,7;954,7;953,7;0;22,4;19,6;23,3;22,4;20,1;19,6;84;82;84;12;12;7,5;
2019/11/10;0600 UTC;0;949,8;953,7;949,8;,2;21,3;18,6;22,4;21,3;19,7;18,6;86;84;85;343;12;5,5;
2019/11/10;0700 UTC;0;947;949,8;947;0;20,9;19;21,3;20,9;19;18,6;89;85;89;325;8,7;4,5;
2019/11/10;0800 UTC;1,2;946;947;946;0;20,9;19,3;20,9;20,6;19,3;19;91;89;91;290;7,8;4,7;
2019/11/10;0900 UTC;0;947;947;946;1,7;21,2;19,4;21,3;20,9;19,4;19,3;91;88;90;213;8,2;4,9;
2019/11/10;1000 UTC;0;949,3;949,3;947;173,2;22,1;19,9;22,2;21,1;20,1;19,4;90;87;87;205;9,7;4,4;
2019/11/10;1100 UTC;0;954;954;949,4;358,4;23;20;23;22,1;20,4;19,9;88;83;83;264;8,1;3,3;
2019/11/10;1200 UTC;0;961,4;961,4;954;817,9;24,7;20,5;24,7;23;21,1;20;85;77;77;231;5,9;2,3;
2019/11/10;1300 UTC;0;972,7;972,7;961,4;1712,4;26,5;20,5;26,9;24,6;21,9;20;77;69;70;205;4,2;1,8;
2019/11/10;1400 UTC;0;979;979;972,8;1354,1;27,2;19,3;27,8;26,1;20,9;19,3;71;62;62;155;3,6;1,9;
2019/11/10;1500 UTC;0;986,1;986,1;979;1603,6;28,1;19,7;28,7;27,2;20,5;19,1;64;59;61;340;4,1;1,5;
2019/11/10;1600 UTC;0;987,3;987,5;986,1;1219,4;28,1;20;28,9;27,8;20,5;19,4;64;59;62;49;4,2;2,5;
2019/11/10;1700 UTC;0;990,7;990,7;987,2;2097;29,2;19,8;30,1;28,1;21,6;19,1;64;54;57;72;5,7;2,7;
2019/11/10;1800 UTC;0;989,7;991,6;989,7;1197,6;28,4;21,2;29,7;28;21,5;19;66;54;65;159;4,5;2,6;
2019/11/10;1900 UTC;0;985,4;989,7;985,4;836,9;27;20,8;28,8;27;21,3;19,9;69;60;69;108;4,8;2,5;
2019/11/10;2000 UTC;0;979,1;985,4;979,1;366,6;25,7;20,6;27,8;25,7;21,4;20,4;74;65;74;88;9,1;4,1;
2019/11/10;2100 UTC;,6;967,9;979,1;967,9;229,1;24,4;21,6;25,7;24,3;21,7;20,4;85;74;84;226;9,1;,5;
2019/11/10;2200 UTC;,8;959,7;967,9;959,7;30,5;23,1;20,9;24,4;23,1;21,8;20,8;88;84;88;236;5,6;3,5;
2019/11/10;2300 UTC;0;955;959,7;955;,2;23;20,9;23,1;23;21,2;20,9;90;88;88;223;5,6;1,6;
2019/11/11;0000 UTC;0;953,1;955;953,1;0;22,5;20,7;23,1;22,4;20,9;20,4;90;86;90;327;3;,3;
2019/11/11;0100 UTC;0;951,8;953,1;951,8;0;22,4;20,6;22,6;22,3;20,8;20,5;90;89;89;178;3;2,2;
2019/11/11;0200 UTC;0;951,3;951,9;951,3;0;22,6;20,6;22,6;22,2;20,6;20,4;90;89;89;247;3,2;2;
2019/11/11;0300 UTC;0;952,3;952,3;951,3;0;22,7;20,6;22,9;22,6;20,7;20,6;89;87;88;256;3,1;1,1;
2019/11/11;0400 UTC;0;951,9;952,6;951,8;0;22,5;20,9;22,6;21,8;20,9;20;91;88;91;259;3,3;1,9;
2019/11/11;0500 UTC;0;952,4;952,5;951,9;0;22,4;20,9;22,7;21,9;21;20,3;91;90;91;264;3,4;2,3;
2019/11/11;0600 UTC;0;953;953;952,4;0;22,4;20,8;22,6;22,2;21;20,6;91;90;90;268;3,9;2,8;
2019/11/11;0700 UTC;0;953,2;953,4;953;0;22,3;20,5;22,6;22,2;20,8;20,4;90;89;89;224;4,1;1,5;
2019/11/11;0800 UTC;0;953;953,4;953;0;22,1;20,2;22,3;22,1;20,5;20,2;90;89;89;221;3,3;1,7;
2019/11/11;0900 UTC;0;952,6;953,2;952,6;6,4;22,2;19,7;22,2;21,9;20,2;19,7;89;86;86;242;4,1;1,9;
2019/11/11;1000 UTC;0;954,9;954,9;952,6;199,4;23,5;20,1;23,5;22,2;20,2;19,6;86;82;82;209;4,5;2,8;
2019/11/11;1100 UTC;0;963,1;963,1;954,9;733,8;24,6;20,6;24,9;23,4;21,2;20,1;82;77;79;212;6,2;3,2;
2019/11/11;1200 UTC;0;971,4;971,4;963,1;1155,5;25,7;20,9;26,3;24,6;21,8;20,3;80;73;75;182;6,4;3,6;
2019/11/11;1300 UTC;0;976,8;976,8;971,5;1237,9;26,9;21,2;27,1;25,7;21,8;20,6;76;69;71;200;6;2,3;
2019/11/11;1400 UTC;0;982,6;982,6;976,8;1425,7;27,9;20,5;28,2;26,8;21,6;20,5;72;64;64;234;5,8;2,8;
2019/11/11;1500 UTC;0;989,2;989,2;982,6;1950,1;29,6;20,4;30;27,7;21,8;20,2;68;57;58;189;6,1;1,4;
2019/11/11;1600 UTC;0;993,2;993,2;989,2;1729,9;30,7;20,7;30,8;28,8;21,2;19,1;61;52;55;195;5,5;1,6;
2019/11/11;1700 UTC;0;1001,3;1001,3;993,2;2699,3;30,5;19,6;32,4;30;21,5;18,8;57;46;52;184;5,5;3;
2019/11/11;1800 UTC;0;1001;1002,2;1000,9;2095,7;32,2;19;32,5;30,4;21,1;18,5;56;45;46;308;4,8;1,1;
2019/11/11;1900 UTC;0;1002,5;1002,5;1001;1920,6;32,1;18,6;32,8;31,6;20,2;17,7;50;43;45;309;4,7;1,8;
2019/11/11;2000 UTC;0;997;1003;997;741,3;30,7;19,4;32,6;30,2;21;18;53;44;51;195;5;1,7;
2019/11/11;2100 UTC;0;991,6;997;991,6;535,9;30,6;19;31,4;30,3;20,2;18,7;53;48;50;220;3,4;1,4;
2019/11/11;2200 UTC;0;985,6;991,6;985,6;168,7;29,5;19,1;30,8;29,4;19,3;18,7;55;49;54;230;3;,8;
2019/11/11;2300 UTC;,4;974,2;985,6;974,2;0;27,4;20,8;29,6;27,3;20,8;19,1;67;54;67;250;5,3;2,3;
2019/11/12;0000 UTC;,8;964,4;974,2;964,4;,3;25,9;21;27,4;25,7;21,2;20,7;76;67;75;209;5;2,6;
2019/11/12;0100 UTC;0;960,7;964,4;960,7;0;25,6;20,7;26,2;25,6;21;20,6;75;73;74;205;4,2;2,6;
2019/11/12;0200 UTC;0;958,6;960,7;958,6;0;24,9;20,9;25,6;24,9;20,9;20,6;78;74;78;199;4,4;2,4;
2019/11/12;0300 UTC;0;957,6;958,6;957,6;0;24,8;20,6;25;24,7;21,2;20,6;80;77;77;205;6,8;4,1;
2019/11/12;0400 UTC;0;957,3;957,8;957,3;0;24,5;18,9;24,9;24,5;20,6;18,9;78;70;71;206;11,3;6;
2019/11/12;0500 UTC;0;956,2;957,5;956,2;0;23,8;16,6;24,6;23,8;18,9;16,6;71;64;64;209;13,6;6,6;
2019/11/12;0600 UTC;0;953,9;956,2;953,9;0;23;16,1;23,8;23;16,6;16;65;63;65;208;13,8;6,7;
2019/11/12;0700 UTC;0;951,9;953,9;951,9;0;22,6;15,9;23,1;22,6;16,2;15,9;66;65;66;204;13,8;6,9;
2019/11/12;0800 UTC;0;949,5;951,9;949,5;0;21,7;15,8;22,6;21,7;15,9;15,6;70;66;70;211;12,3;4,2;
2019/11/12;0900 UTC;0;947,5;949,5;947,5;9,8;21,3;15,7;21,8;21,2;15,9;15,6;71;69;70;191;9,8;4,2;
2019/11/12;1000 UTC;0;949,1;949,1;947,5;216,4;22,1;16;22,2;21,3;16,2;15,6;71;68;68;196;8,2;4,7;
2019/11/12;1100 UTC;0;955,3;955,3;949,1;786,7;23,6;16;23,7;22,1;16,7;15,8;69;62;62;196;10,3;5,9;
2019/11/12;1200 UTC;0;962,1;962,1;955,3;1376,1;25,4;16,9;25,4;23,6;16,9;15,7;63;57;59;196;11,6;5,9;
2019/11/12;1300 UTC;0;968,3;968,3;962,2;1884,9;26,2;16,4;26,5;24,9;17,2;15,6;59;53;55;194;11,4;6,1;
2019/11/12;1400 UTC;0;973,9;973,9;968,3;2275,3;28;17,4;28;26,1;17,9;16,1;58;52;53;202;11;4,8;
2019/11/12;1500 UTC;0;979,9;979,9;973,9;2521,5;29;17,2;29,1;27,5;18,1;16,3;54;48;49;190;9,9;5,3;
2019/11/12;1600 UTC;0;984,9;984,9;980;2587,9;29,9;17,2;30,3;28,5;18,3;16,5;52;46;47;186;8,8;4,6;
2019/11/12;1700 UTC;0;989,9;989,9;984,9;2478;30,7;16,7;31;29,8;19;16,1;50;42;43;188;8,4;4,3;
2019/11/12;1800 UTC;0;993,5;993,5;989,9;2198,8;31,4;17,1;32,1;30,7;18,5;15,6;46;39;43;154;7,6;4;
2019/11/12;1900 UTC;0;994,6;994,6;993,5;1778,8;32,1;16,8;32,4;31,4;18,8;15,8;45;37;40;186;8,1;3,3;
2019/11/12;2000 UTC;0;995,5;995,6;994,6;1239,5;32;16;32,9;31,8;18;15,8;43;37;38;216;6,6;3,2;
2019/11/12;2100 UTC;0;992,2;995,6;992,2;657,7;31,2;15,4;32,2;31,2;16,7;15;41;36;39;224;8,1;3,1;
2019/11/12;2200 UTC;0;981,9;992,2;981,9;101,4;29;16,5;31,2;29;16,6;15,3;47;39;47;228;6,8;1,6;
2019/11/12;2300 UTC;0;970,2;981,9;970,2;0;27,6;16,8;29;27,6;16,8;16,5;52;47;52;216;4,1;2;
2019/11/13;0000 UTC;0;964,5;970,1;964,5;0;27,4;16,9;27,7;27,2;16,9;16,7;53;51;53;224;5,3;2,6;
2019/11/13;0100 UTC;0;964,4;964,5;964;0;27,6;16,7;28;27,3;16,9;16,6;53;50;51;229;6,1;3;
2019/11/13;0200 UTC;0;963,4;964,8;963,4;0;26,8;16,8;27,6;26,6;16,9;16,7;55;51;54;212;8;4,7;
2019/11/13;0300 UTC;0;961,9;963,4;961,9;0;26,4;15,8;26,8;26,3;16,9;15,7;56;52;52;210;10,2;6,2;
2019/11/13;0400 UTC;0;959,9;962;959,9;0;25,1;15,7;26,4;25,1;15,8;15,6;56;52;56;208;10,3;5;
2019/11/13;0500 UTC;0;956,7;959,9;956,7;0;24,4;15,3;25,2;24,3;15,9;15,3;58;56;57;211;10,9;5;
2019/11/13;0600 UTC;0;953,9;956,7;953,9;0;23,5;15,6;24,6;23,5;15,7;15,1;61;56;61;213;12,2;5;
2019/11/13;0700 UTC;0;951,2;953,9;951,2;0;22,9;15,4;23,6;22,9;15,7;15,4;63;61;63;201;11,1;5;
2019/11/13;0800 UTC;0;948,7;951,2;948,7;0;22,3;15,2;22,9;22,2;15,4;15,2;65;62;64;203;9,9;6,2;
2019/11/13;0900 UTC;0;947,2;948,7;947,2;10,8;21,9;14,9;22,4;21,9;15,2;14,9;65;63;64;200;10,6;6,1;
2019/11/13;1000 UTC;0;947,8;947,8;947,2;226;22,5;15,3;22,5;21,8;15,4;14,9;65;64;64;204;12,4;6,3;
2019/11/13;1100 UTC;0;952,2;952,2;947,8;667,9;24,1;16,1;24,1;22,5;16,1;15;64;61;61;195;13,6;6,6;
2019/11/13;1200 UTC;0;959;959;952,2;1289,1;24,8;16,6;24,8;23,7;16,6;15,5;62;58;60;194;14,6;7,8;
2019/11/13;1300 UTC;0;965,7;965,7;959;1858,8;25,7;17;26;24,8;17,3;16,1;61;57;59;186;12,3;7,3;
2019/11/13;1400 UTC;0;969,9;969,9;965,7;1515,9;27,4;17,8;27,5;25,6;18,1;16,7;59;55;56;187;11,8;6;
2019/11/13;1500 UTC;0;976,9;976,9;969,9;1754,3;28,6;18,2;28,7;27,4;18,7;17,5;58;52;53;174;11,2;4,8;
2019/11/13;1600 UTC;0;981,9;981,9;976,9;1552,9;29,5;18,5;29,6;28,5;19,3;18;55;50;52;154;10,4;5,5;
2019/11/13;1700 UTC;0;983,3;983,3;981,9;1299,5;29,9;18,9;30;29,3;19,7;18,1;55;50;52;160;8,7;4,3;
2019/11/13;1800 UTC;0;986,8;986,8;983,3;1654,4;30,3;19,3;30,9;29,9;20,1;18,6;56;49;52;131;6,9;3,6;
2019/11/13;1900 UTC;0;984,3;987,3;984,3;788,8;29,4;19,5;30,7;29,4;19,7;18,6;56;50;55;106;7,2;2,4;
2019/11/13;2000 UTC;0;979,8;984,3;979,8;556,2;29,7;19,4;29,8;29,2;19,9;19;57;52;54;130;4,4;2,4;
2019/11/13;2100 UTC;0;977,2;980;977,2;292,2;28,9;19,7;29,7;28,8;20,1;19,2;58;53;58;86;4,8;1,7;
2019/11/13;2200 UTC;0;971;977,2;971;41,6;27,9;20,2;28,9;27,8;20,2;19,5;63;58;63;40;5,4;2,9;
2019/11/13;2300 UTC;0;962,5;971;962,5;0;24,1;18,6;27,9;24,1;20,3;18,5;72;63;71;112;11,9;4,2;
2019/11/14;0000 UTC;0;952,1;962,5;952,1;0;22,7;19,4;24,1;22,6;19,4;18,5;82;71;82;141;11;4,2;
2019/11/14;0100 UTC;0;948,4;952,1;948,4;0;22,7;19,6;22,8;22,6;19,6;19,2;82;80;82;140;10,5;3,7;
2019/11/14;0200 UTC;0;947,7;948,5;947,7;0;22,5;19,5;22,8;22,5;19,7;19,5;84;82;83;137;6,2;2,5;
2019/11/14;0300 UTC;0;947,2;947,9;947,2;0;22,1;19,4;22,5;22,1;19,5;19,4;85;83;85;120;4,2;1,8;
2019/11/14;0400 UTC;0;946,5;947,4;946,5;0;21,8;19,5;22,2;21,8;19,5;19,3;87;84;87;112;3,3;1,6;
2019/11/14;0500 UTC;0;946,3;946,6;946,3;0;21,6;19,8;22;21,6;19,8;19,5;89;86;89;171;4,8;3,7;
2019/11/14;0600 UTC;,2;945,9;946,4;945,9;0;21,8;20,2;21,8;21,6;20,2;19,8;91;89;91;157;5,5;3,3;
2019/11/14;0700 UTC;,4;946,4;946,4;945,9;0;21,9;20,4;21,9;21,8;20,4;20,2;91;91;91;156;7,8;4,4;
2019/11/14;0800 UTC;,4;947,2;947,2;946,4;0;22,1;20,7;22,2;21,9;20,7;20,4;92;91;91;175;7;1,5;
2019/11/14;0900 UTC;0;948,3;948,3;947,2;,3;22,2;20,6;22,4;22,1;20,9;20,6;91;91;91;10;5;4;
2019/11/14;1000 UTC;,2;948,4;948,7;948,3;33,8;22,1;20,2;22,3;22;20,6;20;91;88;89;326;7,6;2,1;
2019/11/14;1100 UTC;0;950,4;950,4;948,4;288,1;23;20,3;23;22,1;20,7;20,2;89;85;85;353;5,5;3,2;
2019/11/14;1200 UTC;0;954,6;954,6;950,4;558,2;23,4;19,8;23,4;22,8;20,6;19,5;85;80;80;10;7,3;3,9;
2019/11/14;1300 UTC;0;960;960;954,6;1011,6;24,8;19,4;25;23,4;20,2;19,1;80;72;72;26;5,8;3,6;
2019/11/14;1400 UTC;0;966,7;966,7;960,1;1277,4;26;20;26;24,4;20,5;19,1;74;67;69;44;6,2;3,2;
2019/11/14;1500 UTC;0;973,3;973,3;966,7;1548,9;26,8;19,2;27,3;25,6;20,5;19,1;71;63;63;49;6,8;3,4;
2019/11/14;1600 UTC;0;978,7;978,7;973,3;1780,1;28;18,7;28,5;26,6;20,7;18,7;69;57;57;55;6,6;3,1;
2019/11/14;1700 UTC;1,2;978,8;981,8;978,8;843;25,1;20,8;29,3;24,9;20,8;18,3;77;54;77;108;6,3;2,6;
2019/11/14;1800 UTC;6;962,2;978,8;962,2;261,4;23;20,5;25,3;22,3;21;19,9;88;76;86;101;9,5;3,4;
2019/11/14;1900 UTC;,8;958,4;962,2;957,5;536,4;24,5;21,8;24,5;22,5;21,8;20,5;90;84;85;103;6,8;2,8;
2019/11/14;2000 UTC;0;961,1;961,5;958,4;401,8;23,9;19,5;24,6;23,9;21,5;19,5;85;76;76;7;11,8;6,7;
2019/11/14;2100 UTC;0;957,6;961,1;957,6;157,4;23,5;19;23,9;23,4;19,4;18,7;77;74;76;15;10,3;5,5;
2019/11/14;2200 UTC;0;955,5;957,6;955,5;40,5;22,9;19,6;23,5;22,9;19,6;18,9;82;76;82;7;7,5;3,8;
2019/11/14;2300 UTC;0;952,9;955,5;952,9;1,1;22,3;20;23,1;22,1;20;19,6;87;82;87;15;5,4;2,9;
2019/11/15;0000 UTC;0;951,3;952,9;951,3;0;22;20,1;22,5;21,9;20,2;19,9;89;87;89;349;4,3;2;
2019/11/15;0100 UTC;0;950,9;951,3;950,9;0;22;20,3;22,4;21,8;20,4;20,1;90;88;90;10;3,7;2,9;
2019/11/15;0200 UTC;0;950,5;951,1;950,4;0;22,1;20,1;22,1;21,7;20,3;20;90;89;89;6;4,6;3,4;
2019/11/15;0300 UTC;0;950,5;950,8;950,5;0;21,9;19,4;22,1;21,8;20,1;19,3;89;85;86;352;4,5;2,6;
2019/11/15;0400 UTC;0;951;951,1;950,5;0;21,6;19,5;22,4;21,5;19,8;19,4;88;85;88;348;4,4;2,5;
2019/11/15;0500 UTC;0;950,5;951,1;950,5;0;21,3;19,2;21,8;21,3;19,6;19,1;88;86;88;337;4;2,9;
2019/11/15;0600 UTC;0;949,7;950,6;949,7;0;21;19,2;21,5;20,9;19,3;19;90;87;89;335;4,9;3,5;
2019/11/15;0700 UTC;0;949;949,8;949;0;20,7;19;21,1;20,7;19,2;18,9;90;89;90;320;4,6;3;
2019/11/15;0800 UTC;0;948,6;949,1;948,5;0;20,5;18,8;20,8;20,5;19;18,7;90;89;90;323;4,8;3,3;
2019/11/15;0900 UTC;0;948,2;948,7;948,1;12;20,4;18,7;20,5;20,2;18,8;18,6;90;90;90;319;4,7;2,9;
2019/11/15;1000 UTC;0;950;950;948,2;222,1;21,3;19,1;21,3;20,3;19,1;18,6;90;87;87;332;4,5;3;
2019/11/15;1100 UTC;0;956,9;956,9;950;816;23,9;19,8;23,9;21,3;20,1;19,1;88;78;78;329;6,1;3,2;
2019/11/15;1200 UTC;0;966,2;966,2;956,9;1395,1;25,6;18,2;25,6;23,5;19,2;17,4;77;61;64;301;7,2;3,5;
2019/11/15;1300 UTC;0;975,1;975,1;966,2;1908,7;27,6;16;27,6;25,5;18,4;15,7;65;49;49;309;6,8;3,4;
2019/11/15;1400 UTC;0;982,1;982,1;975,1;2327,4;28,7;14,9;28,7;27;16,7;13,5;51;40;43;320;7,3;3,5;
2019/11/15;1500 UTC;0;987,2;987,2;982,1;2302,3;29;13,8;29,6;27,9;16,2;13;47;37;40;334;6,7;4;
2019/11/15;1600 UTC;0;991,1;991,1;987,2;2545,5;30,1;12,7;30,5;28,5;16,7;11,7;47;33;35;343;7,6;4,1;
2019/11/15;1700 UTC;0;993,2;993,2;991,1;2296,5;30,8;13,5;30,9;29,1;15,3;11,1;41;30;35;332;10,2;5,7;
2019/11/15;1800 UTC;0;994;994;993,2;2189,6;30,7;14,4;31,1;30,3;14,6;11;38;30;37;359;9,2;5,3;
2019/11/15;1900 UTC;0;992,9;994,3;992,9;1608,8;30,3;11,6;31,3;29,6;15,3;10,2;41;28;32;355;9,8;6;
2019/11/15;2000 UTC;0;990,8;992,9;990,8;1274,9;30;10,9;31,3;30;13,3;10,6;34;29;31;355;11,3;6,6;
2019/11/15;2100 UTC;0;985,2;990,8;985,2;668,1;28,9;8;30;28,9;11,3;7,6;32;26;27;360;11,3;6,9;
2019/11/15;2200 UTC;0;976,7;985,1;976,7;157,2;27,1;7,6;28,9;27;9,6;7,3;32;27;29;346;10,4;5,5;
2019/11/15;2300 UTC;0;966,3;976,7;966,3;0;25,3;10,5;27,1;25,2;10,5;7,4;39;29;39;334;7,9;3,4;
2019/11/16;0000 UTC;0;959,7;966,3;959,7;0;24,5;11,6;25,4;24,2;11,7;10,5;45;39;45;332;4,8;3,1;
2019/11/16;0100 UTC;0;956,6;959,7;956,6;0;24,3;12,1;24,7;24,3;12,1;11,5;46;44;46;326;4,8;2,5;
2019/11/16;0200 UTC;0;954,8;956,6;954,8;0;23,4;13;24,3;23,2;13;12,1;52;46;52;319;4,9;3,3;
2019/11/16;0300 UTC;0;953,1;954,8;953,1;0;22,9;13,4;23,4;22,8;13,4;13;55;52;55;314;5,5;3,6;
2019/11/16;0400 UTC;0;951,4;953,1;951,4;0;22,2;13,4;22,9;22,2;13,5;13,3;57;55;57;315;6,2;3,8;
2019/11/16;0500 UTC;0;949,3;951,5;949,3;0;21,4;13,6;22,3;21,3;13,7;13,4;61;57;61;312;5,6;3,5;
2019/11/16;0600 UTC;0;947,1;949,3;947,1;0;20,9;13,6;21,6;20,9;13,6;13,5;63;61;63;306;5,6;2,7;
2019/11/16;0700 UTC;0;942,9;947,1;942,9;0;18,6;13,7;21,2;18,6;13,8;13,4;73;62;73;22;4,6;2,3;
2019/11/16;0800 UTC;0;939,7;942,9;939,7;0;20,1;13,5;20,2;18,6;14,2;13,5;73;66;66;342;3,2;1,6;
2019/11/16;0900 UTC;0;939,2;940;939,2;10,2;17,8;13,8;20,1;17,7;13,8;13,4;78;66;78;6;3,6;2,4;
2019/11/16;1000 UTC;0;942;942;938,9;228;20,8;14,4;20,8;17,8;14,6;13,6;78;66;67;335;4,6;1,6;
2019/11/16;1100 UTC;0;952,5;952,5;942;831,3;23,3;15,1;23,3;20,7;15,5;14;68;60;60;335;3;1,2;
2019/11/16;1200 UTC;0;965,4;965,4;952,5;1406,7;25,6;15,8;26,3;23,1;16;14,3;61;51;55;192;4,8;2,5;
2019/11/16;1300 UTC;0;974,1;974,1;965,4;1931,6;27;16,3;27;25,4;16,7;14,9;56;49;52;173;6,6;4;
2019/11/16;1400 UTC;0;979,6;979,6;974,1;2334,8;28,6;16,7;28,9;26,7;16,9;14,8;54;43;49;201;6,7;2,8;
2019/11/16;1500 UTC;0;985;985;979,6;2538,1;29,6;14,4;29,8;27,9;16,6;12,9;48;37;40;156;6,1;1,1;
2019/11/16;1600 UTC;0;989,1;989,1;985;2678,7;29,7;12,8;30,3;28,6;16,1;11,9;44;32;35;90;5,8;2,3;
2019/11/16;1700 UTC;0;992,3;992,3;989,1;2509,1;30,4;13;30,8;29,3;15,5;11,5;43;32;35;82;5,5;1,8;
2019/11/16;1800 UTC;0;992,9;993,1;992,3;2252,2;31,1;12,4;31,3;29,9;14,6;11,4;38;30;32;13;4,7;1;
2019/11/16;1900 UTC;0;994,3;994,3;992,9;1816,6;31,5;12,2;32,2;30,6;13,8;11,3;35;29;31;66;5,8;,8;
2019/11/16;2000 UTC;0;994;995,2;994;1279,9;31,3;13,3;31,5;30,4;13,8;11,6;36;30;33;77;4,3;1,1;
2019/11/16;2100 UTC;0;990,4;994;990,4;679;29,4;12,6;31,3;29,4;14,5;11,9;39;31;36;156;4,4;2,7;
2019/11/16;2200 UTC;0;980,1;990,4;980,1;149,6;28,3;11,4;29,5;28,3;13,3;11,4;40;35;35;140;4,4;1,8;
2019/11/16;2300 UTC;0;968,2;980,1;968,2;0;26,2;13;28,5;25,9;13;8,5;44;29;44;345;2,9;1,7;
2019/11/17;0000 UTC;0;961,5;968,2;961,5;0;26,5;13,2;27,2;26,2;13,3;12,2;45;39;44;344;2,9;1,8;
2019/11/17;0100 UTC;0;958,9;961,5;958,9;0;25,4;13,4;26,8;25,4;13,4;12,7;48;42;48;256;2,4;,9;
2019/11/17;0200 UTC;0;956,9;958,9;956,9;0;22,7;13,6;26,3;22,7;13,6;12,9;57;44;57;330;3,9;2;
2019/11/17;0300 UTC;0;952,9;956,9;952,9;0;24,8;13,8;24,8;22,7;14,4;13,8;57;50;50;303;3,9;1,3;
2019/11/17;0400 UTC;0;951,7;952,9;951,7;0;24,3;12,6;24,9;24;13,8;12,6;51;48;48;281;3;1,8;
2019/11/17;0500 UTC;0;951,5;951,8;951,5;0;23,7;12,5;25;23,7;12,7;12,2;49;46;49;282;3,3;2,1;
2019/11/17;0600 UTC;0;949,2;951,6;949,2;0;23,9;12,9;23,9;22,8;13;12,5;53;50;50;257;3,6;2,9;
2019/11/17;0700 UTC;0;947,7;949,3;947,7;0;23,3;12,8;23,9;22,4;13,4;12,6;56;50;52;217;3,6;1,7;
2019/11/17;0800 UTC;0;946,4;947,8;946,4;0;22;13,2;23,3;21,9;13,2;12,8;58;52;57;201;3;1,8;
2019/11/17;0900 UTC;0;945,5;946,4;945,5;7,2;21,7;13,7;22,4;21,7;13,7;13,2;60;57;60;200;5,4;2,6;
2019/11/17;1000 UTC;0;948,5;948,5;945,5;228,1;23,1;14,7;23,1;21,4;14,8;13,7;63;59;59;201;4,9;3,1;
2019/11/17;1100 UTC;0;956;956;948,5;808,1;24,3;15,2;24,3;23,1;15,6;14,6;61;56;57;194;9,2;5,4;
2019/11/17;1200 UTC;0;962,8;962,8;956;1417,9;25,6;14,9;26;24,2;16;14,7;58;52;52;189;9,5;5,7;
2019/11/17;1300 UTC;0;969,3;969,3;962,8;1922,3;26,7;15,9;27,2;25,5;16,2;15;55;49;52;188;9,1;5,6;
2019/11/17;1400 UTC;0;974,1;974,1;969,3;2289,1;28,6;17,3;28,6;26,7;17,3;15,4;53;48;50;187;9,1;4,6;
2019/11/17;1500 UTC;0;980,2;980,2;974,2;2558,8;30,2;16,2;30,3;28,3;17,3;15,3;51;43;43;179;8,8;3,9;
2019/11/17;1600 UTC;0;985,6;985,6;980,2;2343,3;29,3;13,2;31,1;29,3;17,2;12,9;46;33;37;182;7,1;3,4;
2019/11/17;1700 UTC;0;990,7;990,7;985,6;2504,9;31,3;13,4;32;29,3;15,7;11,6;41;30;34;170;6,6;3,3;
2019/11/17;1800 UTC;0;994,1;994,1;990,7;2286,9;32,2;11,9;32,5;30,9;15;11,9;37;29;29;131;6;1,5;
2019/11/17;1900 UTC;0;993,5;994,9;993;1568,5;32,1;11,3;32,5;30,2;14,9;11,2;38;27;28;194;6,4;1,6;
2019/11/17;2000 UTC;0;991,1;993,9;991,1;916,6;30;11,6;32,1;29,9;13,5;10,4;34;27;32;171;4,5;2,2;
2019/11/17;2100 UTC;0;987,1;991,1;987,1;682,4;30,5;13,7;31,6;30;13,7;10,7;36;28;36;179;3,9;1,7;
2019/11/17;2200 UTC;0;979,2;987,1;979,2;147,2;28,7;12,6;30,5;28,7;13,9;12;38;33;37;198;3,3;1,8;
2019/11/17;2300 UTC;0;966,1;979,1;966,1;0;27,6;12;28,7;27,6;12,7;11,7;38;36;38;204;2,6;1,8;
2019/11/18;0000 UTC;0;959;966,1;959;0;26,9;12,3;27,7;26,5;12,8;11,9;43;38;40;194;3,8;1,9;
2019/11/18;0100 UTC;0;955,7;959;955,7;0;25,6;12,5;26,9;25,6;12,5;12,1;44;40;44;205;3,3;2,1;
2019/11/18;0200 UTC;0;952,8;955,7;952,8;0;25;12,6;25,7;24,9;12,7;12,4;46;44;46;206;4,8;2,6;
2019/11/18;0300 UTC;0;950,9;952,9;950,9;0;24,3;13;25;24,3;13;12,6;49;46;49;214;4;2,5;
2019/11/18;0400 UTC;0;949,6;950,9;949,6;0;24;13,1;24,5;24;13,1;13;51;49;51;205;4,3;2,8;
2019/11/18;0500 UTC;0;948,9;949,8;948,9;0;23,6;13,4;24,2;23,6;13,4;13;53;50;53;204;5,4;3,5;
2019/11/18;0600 UTC;0;947,9;949;947,9;0;23;13,5;23,6;22,8;13,6;13,4;56;53;55;215;6,1;3,8;
2019/11/18;0700 UTC;0;946,5;948;946,5;0;22,5;12,3;23;22,4;13,6;12,3;57;52;52;207;6,4;3,6;
2019/11/18;0800 UTC;0;946,7;946,8;946,5;0;22,5;11;23,1;22,4;12,3;11;52;47;48;211;8,4;4,5;
2019/11/18;0900 UTC;0;945,4;946,9;945,4;7,2;21,9;11,3;22,5;21,5;11,4;11;53;48;51;196;8,2;4,6;
2019/11/18;1000 UTC;0;947,3;947,3;945,4;227,7;22,7;12;22,7;21,7;12;11,3;53;51;51;197;9,8;5,3;
2019/11/18;1100 UTC;0;952,7;952,7;947,3;763,7;24,1;12,1;24,1;22,4;12,4;11,7;52;46;47;201;10,9;5,7;
2019/11/18;1200 UTC;0;959,8;959,8;952,7;1421,8;25,8;11;25,9;24,1;11,8;10,2;47;39;39;197;12,7;5,7;
2019/11/18;1300 UTC;0;967,3;967,3;959,8;1932;26,8;8,5;27,4;25,8;12,5;8,5;42;31;32;188;10,7;6,5;
2019/11/18;1400 UTC;0;972,6;972,6;967,3;2330,2;28,1;9;28,3;26,8;11,9;9;38;30;30;177;10,7;5,7;
2019/11/18;1500 UTC;0;977,5;977,5;972,6;2572,4;29,9;12,4;30;28;12,4;9;35;28;34;187;9,4;4,9;
2019/11/18;1600 UTC;0;982,6;982,6;977,5;2637,9;31,1;11,5;31,1;29,7;13;9,8;34;28;30;181;8,7;4,8;
2019/11/18;1700 UTC;0;987,9;987,9;982,6;2528,1;31,7;10,2;32,2;30,8;12,7;9,5;32;26;27;172;7,8;3,1;
2019/11/18;1800 UTC;0;991,9;991,9;988;2253,7;32,6;11,4;32,9;31,7;12,3;9,2;30;24;27;149;7;2,7;
2019/11/18;1900 UTC;0;994,2;994,2;991,9;1812,1;32,5;9,7;33;32,3;11,3;8,2;27;22;25;145;5,5;2,3;
2019/11/18;2000 UTC;0;993,5;994,3;993,5;1267,4;32,2;10,3;32,8;32,2;10,8;7,8;27;22;26;184;5,9;2,5;
2019/11/18;2100 UTC;0;990,6;993,6;990,6;675,9;31,4;10,5;32,5;31,4;10,9;8;28;22;28;210;4,4;1,4;
2019/11/18;2200 UTC;0;981,5;990,6;981,5;152,8;29,3;10,6;31,4;29,3;10,8;9,3;31;26;31;206;3,7;1,8;
2019/11/18;2300 UTC;0;967,1;981,4;967,1;0;27,1;12,4;29,4;27,1;12,5;10,4;40;31;40;220;3,6;1,8;
2019/11/19;0000 UTC;0;959,7;967,1;959,7;0;26,5;12,2;27,4;26,4;12,7;12,1;42;39;41;220;5,1;2,8;
2019/11/19;0100 UTC;0;955,6;959,7;955,6;0;26;10,6;26,6;25,5;12,3;10,6;43;38;38;229;5,2;2,2;
2019/11/19;0200 UTC;0;954,2;955,6;954,2;0;25,5;9;26,2;25,4;10,6;9;38;35;35;224;5,5;2,3;
2019/11/19;0300 UTC;0;952,7;954,2;952,7;0;25,2;6,5;25,5;25;9;6,5;36;30;30;206;5,2;2,7;
2019/11/19;0400 UTC;0;951,5;952,9;951,5;0;24,5;6,3;25,3;24,3;6,7;5,6;32;29;31;207;4,6;2,8;
2019/11/19;0500 UTC;0;949,1;951,5;949,1;0;22,7;8,2;24,5;22,7;8,2;6,3;39;31;39;213;4,6;2,8;
2019/11/19;0600 UTC;0;946,6;949,1;946,6;0;23;8,8;23,2;22,6;8,9;7,7;41;38;41;211;6,3;4;
2019/11/19;0700 UTC;0;947,2;947,2;946,6;0;22,7;9,4;23,2;22,7;9,4;8,8;43;40;43;214;6,6;3,5;
2019/11/19;0800 UTC;0;946,6;947,4;946,6;0;22,2;11,1;22,7;22,2;11,1;9,4;50;43;49;207;6,2;3,8;
2019/11/19;0900 UTC;0;947,1;947,1;946,6;8,8;22,5;11,6;22,7;22,2;11,9;11,2;52;49;50;202;9,2;5,4;
2019/11/19;1000 UTC;0;949,4;949,4;947,1;242,9;22,6;13,9;22,6;22,1;13,9;11,7;58;50;58;192;11;5,6;
2019/11/19;1100 UTC;0;953,3;953,3;949,4;806;23;14,4;23,2;22,4;14,6;13,7;59;57;58;189;12,3;7,9;
2019/11/19;1200 UTC;0;958;958;953,3;1394,5;24,8;14,9;24,8;23;15,1;14,2;59;53;54;196;12,3;5,8;
2019/11/19;1300 UTC;0;966,1;966,1;958;1897,4;26,5;14,7;26,8;24,7;16;14,1;54;46;48;186;9,8;5,2;
2019/11/19;1400 UTC;0;972,9;972,9;966,1;2283,4;28,1;14,6;28,3;26,6;15,7;14,1;49;42;44;178;8,3;4,2;
2019/11/19;1500 UTC;0;979,4;979,4;972,9;2509,6;30,2;13,3;30,6;28,1;15,9;12,3;46;33;36;176;7,3;3,6;
2019/11/19;1600 UTC;0;985,7;985,7;979,4;2616,2;31,8;13,7;31,8;29,8;15,2;11,3;39;29;33;186;6,1;2,8;
2019/11/19;1700 UTC;0;991,4;991,4;985,7;2485,4;32,3;10,8;32,8;31;14,1;10,6;34;26;27;12;5,1;1,6;
2019/11/19;1800 UTC;0;995,3;995,3;991,5;2226;32,6;12,3;33,4;32,1;13,6;10,5;32;25;29;133;5,4;1,7;
2019/11/19;1900 UTC;0;996,4;996,4;995,3;1823,1;32,9;12;33,7;32,4;14,2;11,1;32;26;28;167;5,7;3,3;
2019/11/19;2000 UTC;0;994,5;997,1;994,5;995,1;32,5;11,5;33,7;32;13,1;10,4;30;25;28;287;5,6;1,9;
2019/11/19;2100 UTC;0;991;994,5;991;600,3;31,7;12,5;32,7;31,7;12,8;10,5;31;26;31;190;3,9;1;
2019/11/19;2200 UTC;0;982,5;991;982,5;140,9;30;12;31,7;30;13;11,5;34;29;33;214;3,7;1,3;
2019/11/19;2300 UTC;0;970,4;982,5;970,4;0;28,6;12,6;30;28,5;12,8;12;38;33;37;207;3,7;2,3;
2019/11/20;0000 UTC;0;963,5;970,4;963,5;0;27,3;12,3;28,6;27,1;12,9;12,3;40;37;40;201;4,5;2,9;
2019/11/20;0100 UTC;0;959,4;963,5;959,4;0;26,3;11,7;27,3;26,3;12,3;11,6;40;39;40;198;5;2,9;
2019/11/20;0200 UTC;0;956,9;959,4;956,9;0;26,1;10,9;26,5;26,1;11,7;10,8;41;38;39;199;4,4;2,8;
2019/11/20;0300 UTC;0;955,8;956,9;955,7;0;26,2;10,7;26,2;25,3;11,7;10,7;42;38;38;186;4;2,3;
2019/11/20;0400 UTC;0;955,8;956,3;955,7;0;25,7;11;26,2;25,4;11,5;10,6;42;38;40;209;3;1,7;
2019/11/20;0500 UTC;0;953,7;955,8;953,7;0;25,2;10,9;25,9;24,8;11,2;10,3;42;38;41;253;2,7;2,1;
2019/11/20;0600 UTC;0;951,5;953,7;951,5;0;24;11,3;25,2;24;11,5;10,8;46;41;45;221;3,3;1,5;
2019/11/20;0700 UTC;0;948,4;951,5;948,4;0;23,1;11,3;24;23,1;11,5;11,1;47;45;47;225;4,1;2,1;
2019/11/20;0800 UTC;0;947,1;948,4;947,1;0;22,5;12;23,2;22,5;12,1;11,2;52;47;51;199;5,6;3,2;
2019/11/20;0900 UTC;0;947,3;947,3;947,1;10,5;22,4;12,8;22,9;22,1;12,9;12;55;51;55;194;6,5;3,8;
2019/11/20;1000 UTC;0;950,4;950,4;947,3;253,9;23,1;14,2;23,2;22,3;14,2;12,9;57;54;57;196;8,8;5,6;
2019/11/20;1100 UTC;0;956,4;956,4;950,4;822,1;24,7;15,5;24,7;23,1;15,6;14,2;59;56;57;198;11,6;6,1;
2019/11/20;1200 UTC;0;963,6;963,6;956,4;1382,1;27,1;15,5;27,1;24,7;15,9;14,9;57;49;49;204;10,4;5,1;
2019/11/20;1300 UTC;0;970,9;970,9;963,6;1883,6;28,1;15,3;28,4;26,6;16,4;14,7;50;45;46;204;10;6;
2019/11/20;1400 UTC;0;976,9;976,9;971;2286,1;29,4;16;29,8;28;17,2;15,5;49;44;44;195;11,4;5,2;
2019/11/20;1500 UTC;0;983;983;976,9;2521,7;30,9;16,5;31,4;29,1;17,7;15,9;46;41;42;171;8,2;4,1;
2019/11/20;1600 UTC;0;987,5;987,5;983;2596,9;32,3;16,1;32,6;30,6;17,7;14,5;46;35;38;155;7,4;3;
2019/11/20;1700 UTC;0;992,9;992,9;987,5;2501,3;33,1;14,1;33,9;32;16,3;13,1;39;30;32;158;6,6;3,6;
2019/11/20;1800 UTC;0;997,2;997,2;992,9;2121,2;32,8;12,6;34,6;32,4;15,5;11,4;34;25;29;155;7;3;
2019/11/20;1900 UTC;0;998,6;998,6;997,2;1779,1;34;12;35,1;32,8;13,6;9,2;30;22;26;177;5,5;2,1;
2019/11/20;2000 UTC;0;998,5;999,1;998,5;1260,5;33,7;12,3;34,5;33,6;13,6;10,8;30;24;27;215;5,9;2;
2019/11/20;2100 UTC;0;995,8;998,6;995,8;694,6;32,8;12,3;34;32,7;13,1;10,7;31;25;29;225;4,5;1,9;
2019/11/20;2200 UTC;0;984;995,8;984;98,5;30,6;12,5;32,9;30,6;12,8;11,8;33;28;33;216;4,7;2;
2019/11/20;2300 UTC;0;971,1;984;971,1;0;29;12,9;30,6;28,9;13,3;12,4;38;33;37;202;4,5;2,8;
2019/11/21;0000 UTC;0;963,8;971,1;963,8;0;27,7;12;29;27,5;13;12;39;37;38;216;5,8;3,3;
2019/11/21;0100 UTC;0;959,6;963,8;959,6;0;26,9;12,2;27,8;26,8;12,3;11,9;40;38;40;216;6,4;3,5;
2019/11/21;0200 UTC;0;957;959,6;957;0;26,7;11,4;26,9;26,3;12,3;11,4;42;38;39;219;6,6;3,5;
2019/11/21;0300 UTC;0;955,4;957,1;955,4;0;25,9;11,2;26,7;25,6;11,5;11,1;41;38;40;228;7;2,4;
2019/11/21;0400 UTC;0;952,9;955,4;952,9;0;24,4;12,3;25,9;24,4;12,3;11,1;47;40;47;224;5,7;2,6;
2019/11/21;0500 UTC;0;950;952,9;950;0;24;12,5;24,8;23,9;12,5;12;48;45;48;220;6,6;3;
2019/11/21;0600 UTC;0;949,1;950;949,1;0;23,8;12,2;24,3;23,6;12,5;11,9;49;46;48;221;7,5;3,5;
2019/11/21;0700 UTC;0;949,6;949,6;949,1;0;23,8;13,3;24,3;23,8;13,3;12,1;52;47;52;211;9,2;5,2;
2019/11/21;0800 UTC;0;949,1;949,8;949,1;0;23,2;14,2;23,8;23,2;14,2;13,3;57;52;57;207;9;4,5;
2019/11/21;0900 UTC;0;948,4;949,2;948,4;11,5;23,5;14,6;23,5;23;14,6;14,2;59;57;57;199;9,4;5,1;
2019/11/21;1000 UTC;0;951,5;951,5;948,4;258,9;24,1;14,9;24,1;23,4;15,1;14,6;58;56;56;202;11,9;5,7;
2019/11/21;1100 UTC;0;957,3;957,3;951,5;811,7;25,8;15;25,9;24,1;15,3;14,6;57;51;51;197;11,9;6,1;
2019/11/21;1200 UTC;0;963,7;963,7;957,3;1369,2;27,2;15;27,2;25,6;15,2;14,4;52;46;47;196;12,1;6,6;
2019/11/21;1300 UTC;0;971,5;971,5;963,7;1874,7;28,8;16,3;29,2;27,1;16,5;14,7;48;43;47;183;10,3;5,9;
2019/11/21;1400 UTC;0;976,2;976,2;971,5;2269,4;29,5;17,3;29,6;28,4;17,7;15,7;50;46;48;183;9,5;5;
2019/11/21;1500 UTC;0;980,9;980,9;976,2;2508,2;31;17,5;31,6;29,5;18,2;15,9;49;41;45;199;8,4;4,4;
2019/11/21;1600 UTC;0;986,2;986,2;980,9;2585,1;32,4;16,5;32,5;30,8;18,3;16,2;46;38;39;199;8,6;4;
2019/11/21;1700 UTC;0;991,3;991,3;986,2;2522;34,3;15,5;34,5;32,2;17,6;14,3;42;31;32;119;7,3;1,2;
2019/11/21;1800 UTC;0;997,8;997,8;991,3;2356,4;34,5;14,6;35,1;33,2;16,8;13,2;37;28;31;119;5;1,8;
2019/11/21;1900 UTC;0;997,7;999,6;997,7;1563,4;34,6;13,5;34,6;32,8;16,2;11,4;34;25;28;298;4,3;1,1;
2019/11/21;2000 UTC;0;998;998,2;997,7;1267,3;34,5;13,1;35;33,9;14,2;12,1;30;26;28;300;3,4;1,4;
2019/11/21;2100 UTC;0;995,4;998;995,4;670,8;34;12;34,8;33,6;13,5;11;29;24;26;329;3,3;,6;
2019/11/21;2200 UTC;0;985,5;995,4;985,5;136,1;31,8;12;34;31,8;13,8;11,8;33;26;30;359;2,2;,2;
2019/11/21;2300 UTC;0;972,6;985,5;972,6;0;30,9;12;32;30,9;12,6;11,8;32;29;31;257;3,6;2,6;
2019/11/22;0000 UTC;0;966,8;972,6;966,8;0;29,7;12,8;31,1;29,7;12,8;11,9;35;31;35;225;4;1,5;
2019/11/22;0100 UTC;0;961,1;966,7;961,1;0;28,3;13,5;29,7;28,2;13,5;12,7;40;35;40;224;4,4;2,2;
2019/11/22;0200 UTC;0;957,4;961,1;957,4;0;27,4;14,4;28,5;26,9;14,4;13,5;46;40;45;199;6,5;4;
2019/11/22;0300 UTC;0;955;957,4;955;0;25,6;16,3;27,5;25,6;16,3;14,4;57;45;57;187;7,1;4,3;
2019/11/22;0400 UTC;0;950,5;955;950,5;0;24,2;17,5;25,6;24,1;17,5;16,3;66;57;66;177;7;3,9;
2019/11/22;0500 UTC;0;946,7;950,5;946,7;0;23;17,7;24,3;23;17,7;17,5;72;66;72;172;5,7;2,7;
2019/11/22;0600 UTC;0;943,5;946,7;943,5;0;22,7;17,7;23,2;22,7;17,8;17,7;73;72;73;186;4,5;3;
2019/11/22;0700 UTC;0;942,2;943,6;942,2;0;22,2;17,2;22,9;22,1;17,7;17,1;76;71;73;176;7,1;3,3;
2019/11/22;0800 UTC;0;941,2;942,4;941,2;0;22,1;17,2;22,4;21,9;17,2;17;74;72;74;173;5;2,8;
2019/11/22;0900 UTC;0;940,8;941,4;940,8;7,7;21,7;17,2;22,2;21,5;17,3;17,1;77;73;76;178;5,5;3,5;
2019/11/22;1000 UTC;0;943,8;943,8;940,8;224;23,5;17,6;23,5;21,7;17,6;17,2;76;69;69;181;5,2;3,3;
2019/11/22;1100 UTC;0;953,2;953,2;943,8;802,2;25,8;18,1;25,9;23,6;18,5;17,4;69;62;62;176;7,5;5;
2019/11/22;1200 UTC;0;962,3;962,3;953,2;1377,1;27,6;18,2;27,7;25,7;18,7;17,9;63;56;56;191;8,5;4,7;
2019/11/22;1300 UTC;0;970,4;970,4;962,3;1882,4;29,7;18,2;29,8;27,5;19,3;17,8;57;50;50;187;7,7;3,4;
2019/11/22;1400 UTC;0;977,8;977,8;970,5;2274,9;31,2;16,9;31,3;29,4;18,4;16;51;41;42;155;8,1;4,2;
2019/11/22;1500 UTC;0;983,9;983,9;977,8;2477,8;32,1;17,6;32,4;31,1;18,5;16,6;45;39;42;150;8,3;3,3;
2019/11/22;1600 UTC;0;987,8;987,8;983,9;2555,4;33,4;16,2;33,4;31,9;18,7;15,7;45;35;36;107;7,8;2,9;
2019/11/22;1700 UTC;0;992,3;992,3;987,8;2430,2;33,5;15,8;34;32,6;18,7;14,4;42;32;35;128;6,7;2,8;
2019/11/22;1800 UTC;0;995,6;995,6;992,3;2122,8;34,6;14,9;34,7;33,3;17,6;14,4;38;30;31;114;6,5;1,7;
2019/11/22;1900 UTC;0;998,1;998,1;995,6;1773,1;34,5;12,5;35,5;34;16,8;12,5;36;26;26;48;4,6;2,1;
2019/11/22;2000 UTC;0;997,1;998,4;997,1;1228,2;34,7;12,4;35,4;34,2;14,2;11,9;29;25;26;37;5,2;1,5;
2019/11/22;2100 UTC;0;995,2;997,1;995,2;627,2;34,4;12,4;35,3;34,3;15;12,1;31;25;26;133;3,5;0;
2019/11/22;2200 UTC;0;983,1;995,2;983,1;56,8;32,6;12,8;34,4;32,5;13,3;12;30;26;30;194;,8;,1;
2019/11/22;2300 UTC;0;970,9;983,1;970,9;0;28,2;17;32,6;28;17;12,6;51;30;51;20;10,9;7,2;
2019/11/23;0000 UTC;0;958,4;970,9;958,4;0;26,8;17;28,2;26,7;17,1;16,6;55;51;55;358;10,9;4,6;
2019/11/23;0100 UTC;0;953,4;958,4;953,4;0;26,1;17,2;27;26;17,4;16,9;58;55;58;349;8,6;4,8;
2019/11/23;0200 UTC;0;949,1;953,4;949,1;0;24,7;17,2;26,3;24,7;17,3;17,1;63;58;63;13;7,1;2,8;
2019/11/23;0300 UTC;0;945,4;949;945,4;0;23,9;17,5;24,9;23,8;17,6;17,2;68;63;67;17;5,3;3,7;
2019/11/23;0400 UTC;0;943,2;945,4;943,2;0;23,7;17,9;23,9;23,3;18,1;17,5;71;67;70;7;5,7;3,7;
2019/11/23;0500 UTC;0;944,2;944,2;943,2;0;23,9;18;24,2;23,5;18,1;17,8;71;68;70;5;5,9;4,6;
2019/11/23;0600 UTC;0;945;945;944,2;0;23,7;18,1;24;23,6;18,1;17,9;71;69;71;17;5,9;4,1;
2019/11/23;0700 UTC;0;944,7;945,2;944,7;0;23,2;18,4;23,9;23,2;18,4;18;75;70;75;9;5,8;3,9;
2019/11/23;0800 UTC;0;944;944,8;944;0;23,2;18,4;23,5;23;18,5;18,3;75;73;75;68;5;2,1;
2019/11/23;0900 UTC;0;943,8;944,2;943,8;8;22,9;18,7;23,3;22,7;18,7;18,2;77;74;77;15;5,9;3,5;
2019/11/23;1000 UTC;0;945,8;945,8;943,8;84,4;23,8;19,2;23,8;22,9;19,2;18,7;77;75;75;358;5,5;3,2;
2019/11/23;1100 UTC;0;952,2;952,2;945,8;487,5;25,8;19,2;26,1;23,8;19,8;19;75;66;67;321;4,7;2,3;
2019/11/23;1200 UTC;0;960,4;960,4;952,2;650,2;26,9;19,4;27;25,8;19,6;18,9;67;62;64;336;3,8;1,7;
2019/11/23;1300 UTC;0;970,9;970,9;960,4;1762,6;30;18,2;30,4;26,9;20;17,7;64;48;49;40;2,9;,9;
2019/11/23;1400 UTC;0;981;981;970,9;2213,7;31,6;18,6;32,1;30;19,8;17,3;52;41;46;96;5,9;2,7;
2019/11/23;1500 UTC;0;985,7;985,7;981;2450,8;32,7;19,7;32,8;31,5;19,8;17,6;48;42;46;75;7;3,1;
2019/11/23;1600 UTC;0;989,4;989,4;985,7;2590,1;34;16;34,7;32,4;19,1;15,5;46;32;34;49;8,2;3,5;
2019/11/23;1700 UTC;0;992,7;992,9;989,4;2198;34,3;17,3;34,6;33;17,4;15,7;40;33;36;61;11,3;4,1;
2019/11/23;1800 UTC;0;989,3;992,7;989,3;1316,2;30,7;16,6;34,5;30,7;18,4;16,1;43;34;43;83;11,1;5,8;
2019/11/23;1900 UTC;0;987,6;989,3;986,3;1587,5;34;16,9;34,1;30,7;19,4;16,5;47;35;36;58;10,1;3,1;
2019/11/23;2000 UTC;0;987,6;989,3;987,6;1011,7;33,7;14,2;34,4;33,2;17,7;14,1;38;31;31;2;12,4;6,5;
2019/11/23;2100 UTC;0;983,8;987,6;983,8;641,1;32,4;15,8;33,8;32,4;16;14,4;37;31;37;349;13,1;8,4;
2019/11/23;2200 UTC;0;975,5;983,8;975,5;162,9;30,8;16,7;32,4;30,8;16,8;14,9;43;36;43;348;11,7;6,4;
2019/11/23;2300 UTC;0;966,9;975,5;966,9;,4;29,4;16,7;30,9;29,3;16,9;16,7;47;43;47;343;9,8;5;
2019/11/24;0000 UTC;0;960,5;966,9;960,5;0;28;16,8;29,4;27,9;16,8;16,5;51;47;51;340;7,9;3,2;
2019/11/24;0100 UTC;0;955,9;960,5;955,9;0;27,1;17;28;27;17,1;16,7;54;51;54;340;5,5;2,9;
2019/11/24;0200 UTC;0;953,1;955,9;953,1;0;26,4;17,2;27,2;26,3;17,2;17;57;54;57;316;4,1;2,5;
2019/11/24;0300 UTC;0;951,3;953,1;951,3;0;26;17,2;26,5;26;17,2;17;58;56;58;307;5,3;3,3;
2019/11/24;0400 UTC;0;949,7;951,4;949,7;0;25,5;17,5;26,1;25,3;17,5;17,2;62;58;62;257;4,9;2,3;
2019/11/24;0500 UTC;0;946,5;949,7;946,5;0;24,4;19;25,5;24,3;19;17,5;72;61;72;216;3,8;2,1;
2019/11/24;0600 UTC;0;944,3;946,5;944,3;0;24,2;19,3;24,4;23,8;19,7;19;77;72;74;212;6,6;3,4;
2019/11/24;0700 UTC;0;944,1;944,5;944,1;0;23,4;18,9;24,3;23,3;19,2;18,8;76;73;76;220;8,1;4,3;
2019/11/24;0800 UTC;0;943,6;944,2;943,5;0;23,2;18,7;23,5;23,2;18,8;18,7;76;75;76;201;11,3;6,3;
2019/11/24;0900 UTC;0;943,2;943,8;943,2;6,9;22,7;16,9;23,3;22,7;18,7;16,9;76;70;70;207;11,8;7;
2019/11/24;1000 UTC;0;944,2;944,2;943,1;247,2;23,2;16,9;23,3;22,5;17,1;16,7;70;67;68;205;12,6;6,3;
2019/11/24;1100 UTC;0;949,4;949,4;944,2;785,3;24,2;16,4;24,5;23,2;17,1;16,4;68;62;62;199;15,3;9,5;
2019/11/24;1200 UTC;0;955;955;949,4;1340;25,4;16,6;25,7;24,2;17;16,3;62;57;58;192;16,2;8,6;
2019/11/24;1300 UTC;0;961,2;961,2;955;1877,8;26,6;16,2;27,1;25,4;17;15,7;58;51;53;193;15,1;8,2;
2019/11/24;1400 UTC;0;966,4;966,4;961,2;2100,4;27;16,3;28,4;26,6;17;15,8;53;49;52;189;14,3;7,3;
2019/11/24;1500 UTC;0;971;971;966,4;2408,3;29,2;16,9;29,7;27;17,9;16;52;46;48;180;13,2;6,8;
2019/11/24;1600 UTC;0;975,5;975,5;971;2559,2;29,7;16,3;30,4;28,7;17,6;16;49;44;45;183;11,6;5,8;
2019/11/24;1700 UTC;0;979,5;979,5;975,5;2443,8;30,6;16,9;31,2;29,4;17,8;16;47;41;44;179;10,8;4,8;
2019/11/24;1800 UTC;0;983,9;983,9;979,5;2188,4;31;16,2;32,1;30,3;17,4;15,6;44;39;41;197;9,3;4,2;
2019/11/24;1900 UTC;0;985,5;985,5;983,9;1701,5;30,8;15,7;32,2;30,1;17,9;15,3;44;38;40;182;8,8;4,3;
2019/11/24;2000 UTC;0;982,5;985,7;982,5;1100,6;30,7;15,5;31,6;30,1;16,6;15,3;43;39;40;192;7,3;3,8;
2019/11/24;2100 UTC;0;980,3;982,5;980,3;703,7;30,1;15,7;31,1;30,1;16,3;15,2;42;38;42;225;7,3;2,7;
2019/11/24;2200 UTC;0;972,6;980,3;972,6;177,5;28,3;15,7;30,2;28,3;15,9;15,3;46;42;46;212;7,5;2,9;
2019/11/24;2300 UTC;0;961,8;972,6;961,8;,3;26,9;16,1;28,3;26,9;16,1;15,6;52;46;52;216;6,7;3,7;
2019/11/25;0000 UTC;0;955,7;961,7;955,7;0;26,1;16,3;26,9;25,9;16,3;16,1;55;52;55;217;7;4,3;
2019/11/25;0100 UTC;0;953,5;955,7;953,5;0;25,6;16,1;26,2;25,6;16,4;16,1;56;54;56;212;8,6;4,4;
2019/11/25;0200 UTC;0;951,5;953,6;951,5;0;24,6;16,3;25,6;24,5;16,4;16,1;60;56;60;211;8,7;4,6;
2019/11/25;0300 UTC;0;950,1;951,5;950,1;0;24,4;15,8;25;24,4;16,3;15,8;60;58;59;205;10,3;5,2;
2019/11/25;0400 UTC;0;948,9;950,2;948,9;0;23,7;14,8;24,5;23,7;15,8;14,8;59;57;57;201;11,5;6,3;
2019/11/25;0500 UTC;0;947,2;948,9;947,2;0;23,1;14,4;23,8;23,1;14,9;14,3;58;57;58;200;12,9;6,8;
2019/11/25;0600 UTC;0;945;947,2;945;0;22,3;14,3;23,1;22,2;14,5;14,3;61;58;61;200;11,6;7;
2019/11/25;0700 UTC;0;942,8;945;942,8;0;21,4;14;22,3;21,4;14,3;13,9;63;61;63;196;12,2;7,6;
2019/11/25;0800 UTC;0;940,9;942,8;940,9;0;20,7;13;21,4;20,7;14;13;64;62;62;196;14,1;8,2;
2019/11/25;0900 UTC;0;939;940,9;939;12,7;19,7;12,8;20,7;19,7;13;12,8;65;62;65;195;14,9;7,5;
2019/11/25;1000 UTC;0;938,7;939;938,3;267,3;19,9;12,8;20;19,6;13;12,7;65;63;63;200;13,3;6,8;
2019/11/25;1100 UTC;0;943,1;943,1;938,7;792,2;20,9;12;21,1;19,9;12,9;12;64;56;57;191;14,6;8,5;
2019/11/25;1200 UTC;0;948,5;948,5;943,1;1351,8;22,7;12,7;22,7;20,8;12,8;12;58;52;53;198;13,3;7,2;
2019/11/25;1300 UTC;0;955,4;955,4;948,5;1867,9;24,8;13,1;24,8;22,4;13,1;12,1;53;47;48;192;13,9;6,9;
2019/11/25;1400 UTC;0;963;963;955,4;2241,2;26,6;13,2;27;24,2;14,3;12,3;49;43;44;184;12,5;6,5;
2019/11/25;1500 UTC;0;970,9;970,9;963;2480,9;28,3;14,2;28,7;26,3;14,5;12,9;46;40;42;179;12,4;6,6;
2019/11/25;1600 UTC;0;978,5;978,5;970,9;2557,4;30,4;14,3;30,6;28,3;15,3;13,7;43;37;38;186;11,1;5,9;
2019/11/25;1700 UTC;0;984,7;984,7;978,5;2365,3;31,7;15,8;31,8;29,9;16,5;14;41;37;38;190;10,3;4,9;
2019/11/25;1800 UTC;0;989,5;989,5;984,7;2220,4;32,6;15,6;32,6;31,1;16,8;14,8;41;36;36;168;10,3;3,8;
2019/11/25;1900 UTC;0;991,6;991,6;989,5;1795,4;32,9;16,1;32,9;31,6;16,7;15,2;40;36;37;183;9,6;3,5;
2019/11/25;2000 UTC;0;990,7;992,3;990,7;1212,7;31,3;17;32,9;31,2;18,1;15,5;45;36;42;128;7;3;
2019/11/25;2100 UTC;0;986,6;990,7;986,6;641,3;30,7;16,9;31,3;30,7;17,5;16,7;45;42;44;140;6,2;2,5;
2019/11/25;2200 UTC;0;978,3;986,6;978,3;133,1;28,9;17,6;30,7;28,9;17,6;16,9;50;44;50;173;4,3;1,3;
2019/11/25;2300 UTC;0;967,8;978,3;967,8;,2;28;17,8;29;28;17,9;17,5;54;50;54;178;2,5;1,8;
2019/11/26;0000 UTC;0;962,8;967,8;962,8;0;28,2;17,5;28,3;27,2;18;17,5;57;52;52;202;4,7;3;
2019/11/26;0100 UTC;0;962,7;962,9;962,7;0;27,9;16,2;28,3;27,5;17,5;16,2;52;49;49;203;6,5;3,8;
2019/11/26;0200 UTC;0;962,4;962,9;962,3;0;27,4;16,2;27,9;27,3;16,4;16,1;51;49;50;203;7,3;4,5;
2019/11/26;0300 UTC;0;961,2;962,5;961,2;0;26,9;15,9;27,4;26,9;16,2;15,9;52;50;51;197;8,2;4,2;
2019/11/26;0400 UTC;0;959,9;961,3;959,9;0;26,5;15,8;27;26,4;15,9;15,7;52;50;52;200;8,1;4,3;
2019/11/26;0500 UTC;0;959,3;960;959,3;0;26,5;15,8;26,7;26,3;15,8;15,7;52;51;52;193;9,1;5;
2019/11/26;0600 UTC;0;957,5;959,5;957,5;0;24,9;17,6;26,5;24,9;17,6;15,7;64;52;64;177;11,5;6,6;
2019/11/26;0700 UTC;0;951,9;957,5;951,9;0;23,1;18,5;24,8;23,1;18,5;17,7;75;64;75;190;11,6;5,7;
2019/11/26;0800 UTC;0;947,9;951,9;947,9;0;22,8;18;23,1;22,8;18,5;18;77;74;74;196;9,7;5,7;
2019/11/26;0900 UTC;0;947,2;947,9;947,2;10,6;22,9;17,4;23,1;22,8;18;17,4;74;71;71;194;11,5;5,8;
2019/11/26;1000 UTC;0;950,1;950,1;947,2;317;24,4;17,3;24,4;22,9;17,5;17,2;71;65;65;194;11,3;5,9;
2019/11/26;1100 UTC;0;956,8;956,8;950,1;723,5;24,7;17,2;25,7;24,2;17,6;17;66;60;63;183;13,9;7,9;
2019/11/26;1200 UTC;0;958,5;958,5;956,8;604,1;25;17,8;25,2;24,5;17,9;17,2;65;62;64;183;12,2;6,9;
2019/11/26;1300 UTC;0;962,8;962,8;958,5;1036,2;27,8;19,6;27,8;25;19,8;17,9;65;61;61;188;10,3;5,5;
2019/11/26;1400 UTC;0;968,7;968,7;962,8;1008,2;26,8;18,7;29;26,7;19,8;17,5;62;53;61;172;11,5;4,7;
2019/11/26;1500 UTC;0;971,9;971,9;968,5;1453,8;28,1;18,7;29,2;26,8;19,1;17,9;61;52;57;161;11,6;7,4;
2019/11/26;1600 UTC;0;975,1;975,3;971,9;1735,4;29,4;19,1;30,1;27,9;20,2;18,4;57;52;54;167;11,2;6;
2019/11/26;1700 UTC;0;980,4;980,4;975,1;2075,8;31,7;19,3;32,2;29,1;20,1;18,2;55;46;48;152;12,2;7,4;
2019/11/26;1800 UTC;0;982,3;983,7;980,4;1094,1;30;19;31,8;30;19,5;18,7;52;47;52;157;12,2;5,8;
2019/11/26;1900 UTC;0;975,1;982,3;975,1;191,3;29,5;19,5;30;29,3;19,8;19;57;52;55;152;10;4,2;
2019/11/26;2000 UTC;0;973,1;975,1;973;360,1;29,4;20;29,6;29,2;20,3;19,4;58;55;57;141;7,4;5;
2019/11/26;2100 UTC;,2;968,7;973,4;968,7;144,1;25,8;20,2;29,4;25,7;20,3;19;72;57;71;176;8,1;4,5;
2019/11/26;2200 UTC;0;958,1;968,7;958,1;8,1;25,5;20,7;25,8;25,3;20,8;20,2;75;71;75;181;6,8;1,8;
2019/11/26;2300 UTC;,2;955,7;958,1;955,7;,3;25,1;20,8;26;25;20,8;20,2;78;71;77;152;3,4;2,2;
2019/11/27;0000 UTC;,8;952,3;955,7;952,3;0;24,3;21,2;25,1;24,2;21,2;20,6;83;77;83;179;5,9;3,9;
2019/11/27;0100 UTC;0;951,3;952,3;951,3;0;24,1;20,4;24,6;24,1;21,2;20,4;83;78;80;177;5,9;3,2;
2019/11/27;0200 UTC;0;951,1;951,4;951;0;24,1;20,4;24,5;24;20,4;20,3;80;78;80;177;4,4;3,2;
2019/11/27;0300 UTC;0;951,8;951,8;951,1;0;24,2;20,3;24,6;24,1;20,6;20,2;80;77;79;183;6,7;3,7;
2019/11/27;0400 UTC;0;952,1;952,3;951,8;0;23,8;20,5;24,5;23,8;20,5;20,3;81;78;81;177;6;2,8;
2019/11/27;0500 UTC;0;951,7;952,2;951,7;0;24,1;20,8;24,2;23,8;20,8;20,5;83;81;82;178;5,9;3,9;
2019/11/27;0600 UTC;1,8;951,9;952,2;951,7;0;23,3;21,7;24,2;23,3;21,7;20,8;90;82;90;29;5,9;3,3;
2019/11/27;0700 UTC;6,6;950,4;952;950,4;,1;22,9;21,6;23,4;22,8;21,8;21,5;92;90;92;2;5,1;,8;
2019/11/27;0800 UTC;5,2;949,7;950,5;949,6;,3;22,7;21,5;23;22,6;21,7;21,4;93;92;93;194;3,9;2,2;
2019/11/27;0900 UTC;,4;949,5;949,8;949,5;1,5;22,9;21,6;22,9;22,7;21,6;21,4;93;93;93;113;4,2;,6;
2019/11/27;1000 UTC;,2;950,1;950,1;949,5;29,6;22,9;21,7;23;22,7;21,8;21,5;93;93;93;190;6,8;3,9;
2019/11/27;1100 UTC;0;950,4;950,5;950,1;81,2;22,7;21,3;22,9;22,6;21,7;21,3;93;92;92;175;6,7;2,5;
2019/11/27;1200 UTC;0;950,8;950,8;950,4;32,9;22,9;21,4;22,9;22,6;21,5;21,3;92;91;92;255;4;1,8;
2019/11/27;1300 UTC;33,8;950;951,3;950;15;21;19,8;23;21;21,5;19,8;93;91;93;343;12,9;6,3;
2019/11/27;1400 UTC;17;946,2;950;946,2;68,2;20,9;19,7;21;20,6;19,8;19,4;93;93;93;321;10,7;5,2;
2019/11/27;1500 UTC;1,2;947,7;947,7;946,2;400,2;22;20,8;22;20,9;20,8;19,8;93;93;93;316;8,6;2,9;
2019/11/27;1600 UTC;0;954,6;954,6;947,7;760,4;23,8;22,1;23,8;22;22,4;20,9;93;90;90;195;6;2,2;
2019/11/27;1700 UTC;0;959;959;954,6;530;23,9;20,5;24,1;23,8;22,1;20,2;90;79;81;123;5,3;3;
2019/11/27;1800 UTC;,4;956,8;959,3;956,8;253,6;22,6;21,1;23,9;22,5;21,2;20,7;91;82;91;113;7,8;2,4;
2019/11/27;1900 UTC;0;955,5;956,8;955,4;231,6;22,9;21;22,9;22,6;21,2;20,9;91;89;89;282;5,7;1,4;
2019/11/27;2000 UTC;0;957,7;957,7;955,5;369,9;23,6;20,9;23,6;22,9;21,3;20,8;89;85;85;274;2,1;1,1;
2019/11/27;2100 UTC;0;958,6;958,8;957,7;236,8;23,4;21;23,6;23,4;21,2;20,9;87;85;87;339;3,1;1,3;
2019/11/27;2200 UTC;0;957,4;958,7;957,4;70,8;23,2;21;23,4;23,2;21,1;20,9;88;86;87;291;2;,4;
2019/11/27;2300 UTC;0;955,6;957,4;955,6;1,2;22,6;20,9;23,2;22,6;21,1;20,8;90;87;90;114;2,9;1,8;
2019/11/28;0000 UTC;0;954,6;955,7;954,6;0;22,4;21;22,6;22,4;21;20,9;92;90;92;134;3,3;2,2;
2019/11/28;0100 UTC;0;954,5;954,7;954,4;0;22,3;20,9;22,4;22,3;21;20,9;92;92;92;113;4,5;2;
2019/11/28;0200 UTC;0;954,6;954,7;954,5;0;22,2;20,8;22,3;22,2;20,9;20,8;92;92;92;133;4;2,2;
2019/11/28;0300 UTC;0;954,6;954,8;954,5;0;22,2;20,9;22,2;22,1;20,9;20,8;92;92;92;163;3,7;1,9;
2019/11/28;0400 UTC;0;954,9;954,9;954,6;0;22,2;20,9;22,2;22,1;20,9;20,8;93;92;93;143;3,7;2,6;
2019/11/28;0500 UTC;0;954,9;955,2;954,9;0;22;20,8;22,2;21,9;21;20,7;93;93;93;133;4;2,2;
2019/11/28;0600 UTC;0;955,1;955,2;954,9;0;21,9;20,7;22;21,9;20,8;20,7;93;93;93;128;3,7;1;
2019/11/28;0700 UTC;0;955,3;955,4;955,1;0;21,8;20,6;22;21,8;20,8;20,6;93;93;93;73;2,3;,7;
2019/11/28;0800 UTC;,2;954,6;955,5;954,6;0;21,5;20,4;21,8;21,5;20,6;20,3;93;93;93;119;2;,6;
2019/11/28;0900 UTC;0;954,6;954,7;954,6;12,2;21,5;20,4;21,6;21,4;20,5;20,3;93;93;93;113;1,8;1,1;
2019/11/28;1000 UTC;0;956,3;956,3;954,6;142,4;22,2;21;22,3;21,5;21,1;20,4;93;93;93;81;3,3;1,3;
2019/11/28;1100 UTC;0;959,3;959,3;956,3;213,2;22,8;21,6;22,8;22,1;21,6;20,9;93;93;93;99;3,1;1,1;
2019/11/28;1200 UTC;0;964,5;964,5;959,3;500,1;24;22,1;24,1;22,8;22,6;21,7;93;89;89;67;2,7;1,6;
2019/11/28;1300 UTC;0;973,8;973,8;964,5;1466,6;26,2;21;26,6;24;23;20;89;69;73;48;4,5;1,7;
2019/11/28;1400 UTC;0;982,3;982,3;973,8;1696,6;27,3;19,7;27,9;25,9;21,7;18,9;75;61;63;117;4,5;1,8;
2019/11/28;1500 UTC;0;989,3;989,3;982,3;2067,9;28,7;18,9;29,5;26,9;21,2;18,1;67;54;56;122;4,1;1;
2019/11/28;1600 UTC;0;993,3;993,3;989,3;2185,1;29,5;18,4;30;28;20,4;17,5;58;49;51;201;5,3;1,8;
2019/11/28;1700 UTC;0;996,4;996,6;993,3;2110,2;29,9;18,5;31;28,9;19,7;17,5;54;46;50;142;4,8;1,5;
2019/11/28;1800 UTC;0;999,2;999,2;996,4;2189,8;31,1;19,5;31,3;29,5;20;17,6;52;45;50;198;6,1;1,1;
2019/11/28;1900 UTC;0;1002,8;1002,8;999,2;1894,5;30,8;17,6;31,8;30,6;19,9;17,1;50;43;45;158;4,6;1,4;
2019/11/28;2000 UTC;0;1000;1003,9;1000;883,6;29,5;19,2;31,7;29,4;19,2;17,2;54;43;54;156;3,7;,1;
2019/11/28;2100 UTC;0;991,1;1000;991,1;313,8;29,2;18,8;30,6;29,2;19;17,5;54;46;54;287;1,8;,6;
2019/11/28;2200 UTC;0;983,4;991,1;983,4;121;28,5;18,9;29,8;28,5;19,7;18,3;57;52;56;233;2;,6;
2019/11/28;2300 UTC;0;974,6;983,4;974,6;1,6;27,7;18,6;28,5;27,7;19;18,5;58;56;58;265;3,1;2,1;
2019/11/29;0000 UTC;0;969,4;974,6;969,4;0;27,3;18,5;27,7;27,1;19;18,4;60;58;59;246;3,7;2,4;
2019/11/29;0100 UTC;0;967,1;969,4;967,1;0;26,7;18,9;27,3;26,4;18,9;18,3;63;58;62;241;4,6;2,6;
2019/11/29;0200 UTC;0;966,2;967,1;966,2;0;25,1;19,6;27;25,1;19,6;18,9;71;62;71;231;9,5;4,5;
2019/11/29;0300 UTC;0;960,5;966,2;960,5;0;24,1;19,8;25,1;24,1;19,8;19,5;77;72;77;210;10,2;5,7;
2019/11/29;0400 UTC;0;956,7;960,5;956,7;0;23,2;19,4;24,1;23,2;19,8;19,4;79;77;79;214;10,2;4,7;
2019/11/29;0500 UTC;0;953,4;956,7;953,4;0;22,4;17,8;23,2;22,4;19,4;17,8;80;75;75;203;10,4;5,9;
2019/11/29;0600 UTC;0;950,6;953,4;950,6;0;21,8;16,9;22,4;21,7;17,8;16,9;76;74;74;202;11,8;6,5;
2019/11/29;0700 UTC;0;948,6;950,6;948,6;0;21,1;16,4;21,8;21,1;16,9;16,4;75;73;74;199;11,9;6,3;
2019/11/29;0800 UTC;0;946,6;948,6;946,6;0;20,4;15,1;21,1;20,4;16,4;15,1;75;70;72;194;12,4;6,7;
2019/11/29;0900 UTC;0;944,9;946,6;944,9;10,6;20,1;14,9;20,5;20;15,1;14,9;73;71;72;196;12,7;6,1;
2019/11/29;1000 UTC;0;946,1;946,1;944,9;114,3;20,5;14,4;20,5;20,1;15;14,2;72;67;68;193;11,8;6,6;
2019/11/29;1100 UTC;0;950;950;946,1;568,3;21,6;13,4;21,6;20,5;14,2;13,3;68;59;60;196;13,2;7,7;
2019/11/29;1200 UTC;0;957,3;957,3;950;1303,6;23;14,1;23,3;21,6;14,7;13,3;61;56;57;198;12,8;7,2;
2019/11/29;1300 UTC;0;964,6;964,6;957,3;1904,8;24,9;14,7;25,1;23;15,4;13,8;59;53;53;182;11,9;5,9;
2019/11/29;1400 UTC;0;972,2;972,2;964,6;2319,8;26,4;15,9;26,6;24,6;16,5;14,4;55;51;53;184;9,7;4,7;
2019/11/29;1500 UTC;0;978,7;978,7;972,2;2550,8;27,6;16,4;28,4;26,2;17,4;15,2;54;48;50;186;8,6;5,1;
2019/11/29;1600 UTC;0;984,2;984,2;978,7;2646,9;29,6;17,3;29,7;27,5;18,1;15,6;52;46;48;183;8,2;3,3;
2019/11/29;1700 UTC;0;989,6;989,6;984,3;2530,4;29,5;17;30,4;28,7;18;15,8;52;44;47;161;6,3;3;
2019/11/29;1800 UTC;0;993,8;993,8;989,7;2200,2;29,9;16,8;31,3;29,5;18,6;16,2;49;43;45;166;6,9;3,6;
2019/11/29;1900 UTC;0;995,2;995,2;993,8;1880;31,1;17,8;31,4;29,8;18,2;16,8;49;42;45;160;6,5;3,1;
2019/11/29;2000 UTC;0;995,4;995,7;995,2;1359,3;31,1;16,4;31,5;30,8;18;16,4;46;41;41;205;6,6;2,3;
2019/11/29;2100 UTC;0;993,7;995,7;993,7;763;30,4;16,7;31,2;30,4;18;16,4;46;41;44;211;4,8;2,5;
2019/11/29;2200 UTC;0;985,9;993,7;985,9;203,5;28,6;17,4;30,4;28,5;17,4;16,6;51;44;51;223;4,4;1,7;
2019/11/29;2300 UTC;0;972,1;985,9;972,1;1,3;27,3;17,6;28,5;27,3;17,6;17,3;55;51;55;219;3,2;1,5;
2019/11/30;0000 UTC;0;964,2;972,1;964,2;0;26,2;18;27,4;26,2;18;17,5;61;55;61;222;5,1;2;
2019/11/30;0100 UTC;0;960,4;964,2;960,4;0;25,6;18;26,3;25,5;18;17,8;63;60;63;224;5,1;2,3;
2019/11/30;0200 UTC;0;958,2;960,4;958,2;0;25,3;17,8;25,7;25,3;17,9;17,8;64;62;63;229;4,9;2,2;
2019/11/30;0300 UTC;0;956,4;958,3;956,4;0;24,9;17,9;25,3;24,7;18;17,8;66;63;65;213;4,8;2,5;
2019/11/30;0400 UTC;0;955,4;956,5;955,4;0;24,2;18;25;24,1;18;17,9;68;65;68;210;4,2;2,4;
2019/11/30;0500 UTC;0;954;955,5;954;0;23,9;18;24,5;23,8;18;17,9;70;67;70;225;4,5;1,8;
2019/11/30;0600 UTC;0;953,2;954;953,2;0;24;17,9;24,2;23,8;18;17,9;70;68;69;209;4,8;2,9;
2019/11/30;0700 UTC;0;953,2;953,5;953,2;0;23,9;17,8;24;23,7;17,9;17,8;70;69;69;207;5;3,2;
2019/11/30;0800 UTC;0;953,1;953,4;953,1;0;23,8;17,8;24;23,5;17,9;17,8;71;68;69;199;7;4,4;
2019/11/30;0900 UTC;0;953,2;953,5;953,1;12,3;23,3;18,1;23,9;23,2;18,2;17,8;73;69;73;193;7;2,9;
2019/11/30;1000 UTC;0;956,9;956,9;953,2;284,1;25,2;19;25,2;23,3;19,1;18,1;73;69;69;191;5,3;3;
2019/11/30;1100 UTC;0;965,8;965,8;956,9;811,2;27,3;20,2;27,3;25,2;20,3;18,9;69;64;65;190;6,6;3,7;
2019/11/30;1200 UTC;0;974,6;974,6;965,8;1375,4;28,9;21;28,9;27,3;21;19,9;66;61;63;183;6,6;3,8;
2019/11/30;1300 UTC;0;982,1;982,1;974,7;1862,9;30,4;20,8;30,4;28,6;21,3;19,8;63;56;57;171;8,7;4,8;
2019/11/30;1400 UTC;0;987,5;987,5;982,1;2350,5;31,2;21,1;31,4;29,7;21,9;20,2;60;54;55;185;8,7;4,2;
2019/11/30;1500 UTC;0;990;990,4;987,5;1674,9;32,2;21,4;32,2;29,9;21,7;19,1;57;49;53;157;7,8;3,6;
2019/11/30;1600 UTC;0;995,4;995,4;990;2544,9;33,1;19,7;33,5;31,4;21,2;18,6;53;44;45;171;6,5;2,8;
2019/11/30;1700 UTC;0;1000,1;1000,4;995,4;2180,8;33,4;18,8;34,4;31,6;20,7;17,7;49;39;42;233;4,9;1,5;
2019/11/30;1800 UTC;0;1000,3;1001,9;1000,1;1853,9;33,9;18,6;34,2;32,3;19,3;17,6;45;39;40;284;4,7;,5;
2019/11/30;1900 UTC;0;1000,8;1001,4;1000,3;1592,2;33,6;17,5;34,4;32,8;19,6;17,3;44;37;38;240;4,5;1,7;
2019/11/30;2000 UTC;0;999;1000,8;999;1239,7;33,1;16,5;34,5;32,9;18,6;15,7;40;35;37;220;5,3;1,8;
2019/11/30;2100 UTC;0;996,4;999;996,4;669,6;32,8;16,5;34,3;32,6;18,2;13,9;41;31;38;207;2,9;1,1;
2019/11/30;2200 UTC;0;986,9;996,3;986,9;202,3;31,2;17,8;33,3;31,2;18,2;16,2;45;36;45;227;4;,9;
2019/11/30;2300 UTC;0;974,8;986,9;974,8;,1;30,3;18,1;31,3;30,3;18,2;17,3;48;44;48;235;2,7;1,3;
2019/12/01;0000 UTC;0;969,9;974,8;969,9;0;29,7;17,9;30,7;29,6;18,2;16,6;49;43;49;208;5,7;2,5;
2019/12/01;0100 UTC;0;964,1;969,9;964,1;0;28;19,5;29,9;27,1;19,6;17,6;63;48;60;223;7,2;2,7;
2019/12/01;0200 UTC;0;959,1;964,1;959,1;0;26,4;18,8;28,2;26,3;19,6;17,2;64;56;63;139;8,4;3;
2019/12/01;0300 UTC;0;954,7;959,1;954,7;0;25,3;21,1;26,7;25,1;21,1;19,3;78;63;78;16;6,9;3,6;
2019/12/01;0400 UTC;0;952;954,7;952;0;25;20,5;25,5;25;21,2;20,5;78;76;77;345;5,3;1;
2019/12/01;0500 UTC;0;948,6;952;948,6;0;24;20,4;25;23,6;20,5;20,2;82;76;81;335;4,9;2,3;
2019/12/01;0600 UTC;0;946,6;948,6;946,6;0;23,8;19,5;24,1;23,8;20,4;19,5;81;77;77;332;3,4;1,2;
2019/12/01;0700 UTC;0;945,2;946,7;945,2;0;23,1;19,9;24;22,8;20;19,4;84;76;82;16;2,8;1,7;
2019/12/01;0800 UTC;0;944,1;945,2;944,1;0;22,6;20,5;23,1;22,5;20,5;19,9;88;82;88;169;3,9;3;
2019/12/01;0900 UTC;0;944,2;944,2;943,8;8,2;23,2;21,1;23,5;22,6;21,1;20,6;88;86;88;144;4,2;2,7;
2019/12/01;1000 UTC;0;949,4;949,4;944,2;273,5;24,5;21,4;25,2;23,2;22,1;21,1;89;81;82;27;4,2;,7;
2019/12/01;1100 UTC;0;955,3;955,3;949,4;574,2;25,3;21,3;25,3;24,2;22,1;21,1;86;78;79;328;4,2;2;
2019/12/01;1200 UTC;0;964,6;964,6;955,3;1319,5;28,3;21;28,3;25,3;21,6;20,6;79;65;65;359;3,4;1,4;
2019/12/01;1300 UTC;0;973,3;973,3;964,6;1151,5;28,5;20,6;29,4;27,8;21,5;20,5;67;61;62;16;3,8;1,7;
2019/12/01;1400 UTC;0;978,9;978,9;973,3;1474,3;29,6;20,9;29,9;28,3;21,8;20,3;64;58;60;47;4,3;1,8;
2019/12/01;1500 UTC;0;983,9;983,9;978,9;2227;30,3;20,4;31,6;29,2;21,6;20,1;61;52;55;50;6,8;2,8;
2019/12/01;1600 UTC;0;985;986,3;983,9;1818,3;31;20;31,7;29,8;22;19,6;60;51;52;4;7;4,1;
2019/12/01;1700 UTC;0;984,8;985,1;984,2;2070,6;32,4;19,7;32,5;30,5;20,9;19,4;56;47;47;12;8,9;4,2;
2019/12/01;1800 UTC;0;987,5;987,5;984,9;2258,6;32;18,1;32,7;31;20,8;18,1;51;43;44;5;8,1;5;
2019/12/01;1900 UTC;0;984,6;987,7;984,5;1266,7;32,5;19,2;32,5;31;19,5;17,5;48;43;46;4;8,7;6,5;
2019/12/01;2000 UTC;0;984,3;986;984,3;1346,5;31,5;18,5;32,9;31;19,6;18;48;43;46;6;9,7;6,8;
2019/12/01;2100 UTC;0;978,5;984,3;978,5;560,1;29,4;18,2;31,5;29,3;18,8;17,8;51;45;51;346;9,7;5,4;
2019/12/01;2200 UTC;0;967,7;978,5;967,7;75,7;27,4;19,5;29,4;27,4;19,5;18,3;62;51;62;13;8,3;2,4;
2019/12/01;2300 UTC;0;959,6;967,6;959,6;1,6;26,9;17,9;27,5;26,3;20;17,8;68;56;58;345;3,5;1,6;
2019/12/02;0000 UTC;0;955,5;959,6;955,5;0;25,9;18;27;25,8;18,1;17,9;62;58;62;354;3,7;2,6;
2019/12/02;0100 UTC;0;951,8;955,5;951,8;0;24,9;17,9;25,9;24,8;18,1;17,7;66;62;65;343;6,2;3,2;
2019/12/02;0200 UTC;0;948,9;951,8;948,9;0;24,2;18,7;25,1;24;18,7;17,9;72;65;71;344;5,1;3,1;
2019/12/02;0300 UTC;0;946,7;948,9;946,7;0;23,5;18,9;24,3;23,5;18,9;18,5;75;70;75;348;4,5;2,8;
2019/12/02;0400 UTC;0;945,4;946,8;945,4;0;23,2;19,6;23,6;23,1;19,6;18,8;80;75;80;349;4,9;3,5;
2019/12/02;0500 UTC;0;944,2;945,5;944,2;0;22,4;19,7;23,2;22,3;19,8;19,5;85;80;85;349;5,5;2,6;
2019/12/02;0600 UTC;0;942,5;944,3;942,5;0;21,9;19,7;22,5;21,9;19,9;19,6;87;85;87;355;3,7;2,8;
2019/12/02;0700 UTC;0;941,5;942,5;941,5;0;21,8;19,6;22,1;21,8;19,9;19,6;88;87;88;341;3,4;2,1;
2019/12/02;0800 UTC;0;940,8;941,6;940,8;0;21,3;19,5;21,8;21,2;19,8;19,4;90;88;89;344;3,3;1,8;
2019/12/02;0900 UTC;0;940,6;940,9;940,5;13,7;21,9;19,5;21,9;21,1;19,6;19,3;90;86;86;326;4,4;2,8;
2019/12/02;1000 UTC;0;945,3;945,3;940,6;285,3;23,2;19,2;23,2;21,4;19,7;19,1;87;78;78;309;4,9;2,6;
2019/12/02;1100 UTC;0;955,1;955,1;945,3;814;25,9;18,8;26,2;23,2;19,6;18,5;79;63;65;236;8,3;4,7;
2019/12/02;1200 UTC;0;964,6;964,6;955,1;1373,3;26,9;19,7;26,9;25,9;20,2;18,7;68;63;65;194;10,4;6,2;
2019/12/02;1300 UTC;0;969,2;969,2;964,6;1878,3;27,6;20,6;27,7;26,6;20,6;19,2;67;63;66;186;10,4;6,4;
2019/12/02;1400 UTC;0;975,4;975,4;969,2;2230;29;20,8;29,9;27,5;21,9;20,1;66;59;61;174;9,2;4;
2019/12/02;1500 UTC;0;983;983;975,4;2440,6;30,7;20,1;30,9;28,7;21,9;19,9;65;53;53;164;7,4;4;
2019/12/02;1600 UTC;0;988,7;988,7;983;2476,1;31,7;19,6;31,7;30,2;21;19,1;57;49;49;138;7,3;3,2;
2019/12/02;1700 UTC;0;992,9;992,9;988,7;2468,5;31,9;20,9;32,3;30,5;21,4;18,7;57;47;52;117;7,3;2,8;
2019/12/02;1800 UTC;0;987,8;993,7;987,8;799,6;29,6;19,7;32;29,6;20,2;18,1;56;47;56;92;5,5;2,2;
2019/12/02;1900 UTC;0;971,3;987,7;971,3;635,4;27,2;19,1;29,6;24,8;19,9;16,6;67;55;61;243;9,3;2,8;
2019/12/02;2000 UTC;0;973,6;973,6;970,3;982;29,6;16,7;30;26,8;18;16,2;60;45;46;25;7,1;1,4;
2019/12/02;2100 UTC;0;979,1;979,1;973,6;682,8;29,8;18,2;29,9;29,1;18,5;16,9;52;46;50;28;3,3;1,4;
2019/12/02;2200 UTC;0;973,7;979,6;973,7;222,8;26,6;18,6;29,8;26,6;18,7;17,9;61;49;61;123;5,4;2,6;
2019/12/02;2300 UTC;0;961,6;973,7;961,6;2,9;25,5;20,8;26,6;25,5;20,8;18,6;76;61;76;130;4,5;3,1;
2019/12/03;0000 UTC;0;955,6;961,6;955,6;0;24,5;20,3;25,5;24,5;20,9;20,3;79;76;78;128;4,8;2,1;
2019/12/03;0100 UTC;0;951,7;955,6;951,7;0;24,4;21,2;24,5;23,8;21,2;20,2;83;78;82;222;3,4;1,7;
2019/12/03;0200 UTC;0;951,7;951,7;951,4;0;24,6;21;24,8;24,3;21,3;21;83;80;80;35;5;,6;
2019/12/03;0300 UTC;0;952,1;952,2;951,7;0;24,1;21;24,7;23,9;21,1;21;84;80;83;108;2,3;,6;
2019/12/03;0400 UTC;0;951;952,2;951;0;23,7;21;24,1;23,7;21,1;20,9;85;83;85;125;2;,3;
2019/12/03;0500 UTC;0;949,3;951;949,3;0;23,1;21,4;23,7;23;21,5;20,9;91;85;90;152;4,4;2,7;
2019/12/03;0600 UTC;0;947,9;949,4;947,9;0;22,6;21,1;23,1;22,6;21,4;21,1;91;90;91;165;4,5;2,9;
2019/12/03;0700 UTC;0;946,7;948;946,6;0;22,5;21;22,6;22,3;21;20,8;92;91;92;197;4,1;2,2;
2019/12/03;0800 UTC;0;946,9;946,9;946,7;0;22,7;21,3;22,7;22,4;21,3;21;92;92;92;195;5,5;3,8;
2019/12/03;0900 UTC;0;946,4;947,5;946,4;10,8;22,1;18,3;22,8;22;21,4;18,3;92;80;80;192;8,2;4,7;
2019/12/03;1000 UTC;0;948;948;946,4;148,4;22,5;17,9;22,5;22,1;18,3;17,7;79;75;75;194;9,4;5,1;
2019/12/03;1100 UTC;0;951,9;951,9;948;529,9;23,6;17,3;23,9;22,5;18,2;17;77;67;68;193;9,3;5,6;
2019/12/03;1200 UTC;0;957,7;957,7;951,9;864;23,6;17,3;24,2;23,4;18;17,1;69;66;68;196;10,1;6,2;
2019/12/03;1300 UTC;,2;956,6;958,3;956,6;604,9;23,4;17,6;23,6;22,6;18,2;17,1;75;67;70;194;9,6;5,6;
2019/12/03;1400 UTC;0;963;963;956,6;1547,5;25,6;18,3;25,6;23,4;18,7;17,5;71;64;64;190;9,6;6;
2019/12/03;1500 UTC;0;969,1;969,1;963;1673,8;26,7;19,3;26,9;25,1;19,4;17,6;67;61;64;181;9,3;5,6;
2019/12/03;1600 UTC;0;975,3;975,3;969,1;1555,6;27,5;20,1;27,6;26,4;20,2;19;66;62;64;169;9,1;4,2;
2019/12/03;1700 UTC;0;980,4;980,4;975,3;1696,8;28,4;20,4;29,5;27,1;22,1;19,6;66;59;62;186;7,6;4,1;
2019/12/03;1800 UTC;0;985,1;985,1;980,4;1936,3;29,4;20,7;30,4;28,4;21,5;19,6;63;56;60;163;6,8;2,8;
2019/12/03;1900 UTC;0;986,5;986,6;985,1;1121,2;29,1;20,4;30,3;29;21,2;19,6;60;55;59;176;5,9;2,5;
2019/12/03;2000 UTC;0;980,8;986,5;980,8;412,2;28,6;19,9;29,3;28,6;20,4;19,6;60;56;59;189;6,3;2,8;
2019/12/03;2100 UTC;18;955,2;980,8;955,2;51,1;21,5;20,4;28,6;19,6;20,4;17,7;93;59;93;202;21,5;4,5;
2019/12/03;2200 UTC;0;948,2;955,2;948,1;14,5;22,8;21,6;22,9;21,5;21,6;20,4;93;93;93;200;7,1;3,5;
2019/12/03;2300 UTC;,4;950;950;948,2;,9;23,1;22;23,3;22,8;22,1;21,6;93;93;93;212;5,7;2,5;
2019/12/04;0000 UTC;9;949,8;950,4;949,8;,5;21,9;20,7;23,1;21,8;21,9;20,6;93;92;93;275;5;2,7;
2019/12/04;0100 UTC;1;948,1;949,8;948,1;1,3;21,9;20,3;22,6;21,9;20,7;20,2;93;87;91;249;7,9;4,9;
2019/12/04;0200 UTC;1,6;946,5;948,2;946,5;,8;21,3;19,9;21,9;21,3;20,3;19,9;92;90;92;226;9,8;4,1;
2019/12/04;0300 UTC;4,4;946,2;946,6;946,2;1;21,1;19,8;21,4;21,1;19,9;19,7;92;91;92;248;9,5;5,2;
2019/12/04;0400 UTC;26,6;944,9;946,3;944,9;,7;20,5;19,4;21,1;20,5;19,8;19,3;93;92;93;218;9,1;3,4;
2019/12/04;0500 UTC;8,2;944;945;944;,2;20,2;19,1;20,6;20,2;19,4;19;93;93;93;250;10,1;6;
2019/12/04;0600 UTC;34,4;943,3;944,1;943,3;,2;20,1;19;20,3;19,8;19,2;18,7;93;93;93;245;12,6;7,3;
2019/12/04;0700 UTC;0;944,2;944,2;943,3;,1;20,5;19,4;20,6;20,1;19,4;18,9;93;93;93;233;11,6;4,1;
2019/12/04;0800 UTC;,2;945;945;944,2;0;20,3;19,2;20,6;20,3;19,4;19,2;93;93;93;213;11,8;5,5;
2019/12/04;0900 UTC;0;945,4;945,4;945;3,7;20,4;19,2;20,4;20,2;19,3;19,2;94;92;92;206;10,1;5,1;
2019/12/04;1000 UTC;0;947,2;947,2;945,4;95,9;21;19,3;21;20,4;19,3;19,2;93;90;90;203;8,9;5,4;
2019/12/04;1100 UTC;0;950,9;950,9;947,2;331,8;21,7;19,2;21,7;21;19,4;19,1;90;85;86;205;9,8;5,5;
2019/12/04;1200 UTC;0;955,6;955,6;950,9;589,7;23,1;19,5;23,3;21,7;20;19,1;86;80;80;198;10,2;4,3;
2019/12/04;1300 UTC;0;965,5;965,5;955,6;1531,5;25,2;20,6;25,2;23;21,2;19,6;82;74;76;191;9,5;5,4;
2019/12/04;1400 UTC;0;975,2;975,2;965,5;2044;27;21,5;27,3;25,2;22,6;20,3;76;70;72;168;9,7;4,9;
2019/12/04;1500 UTC;0;976,4;976,9;975,2;901,6;26,1;21;27;25,8;21,7;20,7;75;71;73;153;8,1;4,6;
2019/12/04;1600 UTC;0;972,6;976,4;972,6;269,1;25,4;21,3;26,2;25,4;21,3;20,8;78;73;78;138;7;2,2;
2019/12/04;1700 UTC;2,8;965,3;972,6;965,3;62;23,6;21,9;25,4;23,3;21,9;21,2;90;78;90;77;4,5;1,1;
2019/12/04;1800 UTC;2,8;961,8;965,3;961,8;118,9;23,8;22,2;23,8;23,6;22,2;21,9;91;90;91;71;3,9;1,8;
2019/12/04;1900 UTC;1;962,1;962,1;961,5;327,2;23,9;22;24,2;23,6;22,6;22;92;89;89;69;5,6;2,5;
2019/12/04;2000 UTC;0;964,1;964,1;962,1;442;24,1;21,9;24,3;23,6;22,2;21,5;90;86;88;162;6,5;3,9;
2019/12/04;2100 UTC;0;965,8;965,8;964,1;476,9;24,6;21,9;24,6;24,1;22,1;21,7;88;84;85;178;7,3;4,1;
2019/12/04;2200 UTC;0;964,4;966,2;964,4;147,7;23,9;21,6;24,6;23,9;21,9;21,6;87;84;87;162;5,9;2,2;
2019/12/04;2300 UTC;0;961,5;964,4;961,5;,3;23,7;21,5;24;23,7;21,6;21,4;87;86;87;169;4,7;3,1;
2019/12/05;0000 UTC;0;960,3;961,5;960,3;0;23,6;21,9;23,8;23,6;22;21,4;90;87;90;175;5,7;2,5;
2019/12/05;0100 UTC;0;959,1;960,4;959,1;0;22,7;20,2;23,6;22,7;22;20,2;91;85;86;178;6,3;4,4;
2019/12/05;0200 UTC;0;956,6;959,1;956,6;0;22,5;20,3;22,7;22,3;20,4;20,2;88;86;88;170;7,1;3,8;
2019/12/05;0300 UTC;0;956,1;956,7;956;0;22,5;20,6;22,6;22,4;20,6;20,3;89;88;89;162;6;3,9;
2019/12/05;0400 UTC;,2;955,9;956,3;955,9;0;22,2;20,6;22,5;22,2;20,6;20,5;91;89;91;259;5,7;0;
2019/12/05;0500 UTC;1,8;955,9;956,1;955,8;,3;22,2;20,8;22,2;22,1;20,8;20,6;92;91;92;305;2,8;,7;
2019/12/05;0600 UTC;,6;955,7;956,1;955,7;0;22,1;20,8;22,2;22;20,8;20,7;92;92;92;234;3,5;1,9;
2019/12/05;0700 UTC;,2;955,9;955,9;955,7;,1;22,2;21;22,2;22;21;20,8;93;92;93;190;4,6;2,9;
2019/12/05;0800 UTC;7,8;956,7;956,7;955,9;,2;22,3;21,1;22,3;22,2;21,1;21;93;93;93;190;6,7;3,1;
2019/12/05;0900 UTC;,4;956;957;956;2,2;21,9;20,7;22,3;21,7;21,1;20,5;93;93;93;179;5,6;3,2;
2019/12/05;1000 UTC;,8;956,4;956,4;956;38,4;22,3;21,1;22,3;21,9;21,1;20,7;93;93;93;166;5,3;2,5;
2019/12/05;1100 UTC;6,2;957,4;957,4;956,4;41,8;22,5;21,3;22,5;22,1;21,3;20,9;93;93;93;144;5,7;,8;
2019/12/05;1200 UTC;5,6;952,3;957,8;952,3;51,4;20,1;18,9;22,5;19,7;21,3;18,4;93;89;93;257;10,5;5,4;
2019/12/05;1300 UTC;4;951;952,3;951;119,7;20,1;18,9;20,3;20;19,1;18,8;93;93;93;279;7,5;2,7;
2019/12/05;1400 UTC;3,2;951,1;951,2;950,9;126,4;20,3;19,1;20,3;20;19,1;18,9;93;93;93;243;5,6;3;
2019/12/05;1500 UTC;,4;954,4;954,4;951,1;532;22;20,1;22;20,3;20,5;19,1;93;88;89;240;5,6;1,5;
2019/12/05;1600 UTC;0;963,8;963,8;954,4;968,5;23,4;19,6;23,5;22;20,2;19,1;89;78;79;28;3,1;1,8;
2019/12/05;1700 UTC;0;970,9;970,9;963,8;1240,7;23,6;19,8;24,5;23,3;21;19,6;83;77;79;353;7;4,9;
2019/12/05;1800 UTC;0;973,4;973,4;970,9;976,5;24,6;20,7;25,5;23,6;21,4;20;81;74;79;13;6,9;3,3;
2019/12/05;1900 UTC;0;973,6;973,8;973,3;751,5;25,7;20,9;25,7;24,4;21,1;20,3;80;75;75;14;7,9;5,4;
2019/12/05;2000 UTC;0;974,3;975,2;973,6;679,9;25,3;20,7;25,9;25;21,2;20,3;78;73;76;12;8,9;6,2;
2019/12/05;2100 UTC;0;969,3;974,3;969,3;203,2;24,2;20;25,3;23,8;21,3;19,9;84;76;77;359;9,7;6,7;
2019/12/05;2200 UTC;0;966,6;969,3;966,6;80,7;23,9;19,4;24,3;23,9;20,1;19,3;78;75;76;350;10,8;6,8;
2019/12/05;2300 UTC;0;963,1;966,6;963,1;5,5;22,9;18;23,9;22,9;19,4;17,9;76;71;74;350;10,8;6,8;
2019/12/06;0000 UTC;0;959;963,1;959;0;21,6;17,8;22,8;21,6;18,1;17,8;79;74;79;353;9,2;4,2;
2019/12/06;0100 UTC;0;955,6;959;955,6;0;20,9;17,5;21,7;20,9;17,9;17,4;81;79;81;350;6,3;3,7;
2019/12/06;0200 UTC;0;952,8;955,6;952,8;0;20,3;17,6;21;20,2;17,9;17,4;85;81;85;11;5,3;3;
2019/12/06;0300 UTC;0;950,2;952,8;950,2;0;19,4;17,2;20,3;19,3;17,5;17;87;84;87;7;4,9;4,2;
2019/12/06;0400 UTC;0;948,4;950,2;948,4;0;19;16,7;19,4;19;17,2;16,7;87;86;87;356;5,6;3,7;
2019/12/06;0500 UTC;0;946,8;948,5;946,8;0;18,6;16,4;19;18,5;16,7;16,3;88;87;87;352;5,8;3,9;
2019/12/06;0600 UTC;0;946;946,9;946;0;18,2;16,2;18,7;18,1;16,5;16,1;88;86;88;350;5,8;4,2;
2019/12/06;0700 UTC;0;945,8;946,2;945,8;0;18,1;15,8;18,5;18;16,4;15,8;88;86;86;343;6,6;4,6;
2019/12/06;0800 UTC;0;945;946;944,9;0;17,8;15,2;18,1;17,5;15,8;15,2;87;85;85;341;7;4,1;
2019/12/06;0900 UTC;0;944,2;945,1;944,2;12;17,1;15;18;17,1;15,3;15;87;85;87;348;7;3;
2019/12/06;1000 UTC;0;946,9;946,9;944,2;299,3;18,9;15,7;18,9;17,1;15,9;15;88;82;82;346;4,2;2,6;
2019/12/06;1100 UTC;0;955,3;955,3;946,9;841,2;21,4;15,6;21,4;18,9;16,6;15,4;82;70;70;347;5,9;3,6;
2019/12/06;1200 UTC;0;964,9;964,9;955,3;1407,5;22,9;15,2;23;21,3;15,7;14,6;70;61;62;337;6,5;3,8;
2019/12/06;1300 UTC;0;974;974;964,9;1930,8;25,2;15,7;25,2;22,9;16,2;14,8;64;54;56;327;6;3;
2019/12/06;1400 UTC;0;982;982;974;2325,4;26,3;15,2;26,5;24,9;16,6;14,5;58;49;51;355;6,9;4,1;
2019/12/06;1500 UTC;0;986,5;986,5;982;2561;26,3;12,8;27,5;25,8;16,1;12,8;53;43;43;351;8,4;4;
2019/12/06;1600 UTC;0;990;990;986,5;2704,4;28;14,6;28,2;26,2;16,5;12,6;51;40;44;351;8,3;3,8;
2019/12/06;1700 UTC;0;992,9;992,9;990;2621,5;28,4;12,2;29;27,5;15;11,5;45;36;37;346;8,3;5;
2019/12/06;1800 UTC;0;994,8;994,8;992,9;2361,6;28,5;9,2;29,3;28,1;13,7;9,2;40;30;30;354;8,1;5,3;
2019/12/06;1900 UTC;0;995,7;995,8;994,8;1966,1;29;12,5;29,5;28,4;12,5;9,1;37;29;36;349;8,5;4,3;
2019/12/06;2000 UTC;0;994,4;996;994,4;1431,8;28,3;13,4;29,2;28,1;14,8;11;44;33;40;3;8,6;5,8;
2019/12/06;2100 UTC;0;988,3;994,4;988,3;847,7;26,8;11,3;28,3;26,8;13,5;10,8;41;36;38;11;9,3;6,4;
2019/12/06;2200 UTC;0;978,9;988,3;978,9;276,3;24;9,2;26,8;24;11,3;8,6;40;36;39;354;8,5;5,1;
2019/12/06;2300 UTC;0;963,8;978,9;963,8;2,7;22;11;24;21,8;11;9,1;50;39;50;339;7,5;3,2;
2019/12/07;0000 UTC;0;955,5;963,8;955,5;0;21;10,9;22,5;20,8;11;9,8;53;45;53;336;4,5;3,1;
2019/12/07;0100 UTC;0;951,8;955,5;951,8;0;21,2;11,4;21,5;20,6;11,4;10,9;55;51;54;334;5,2;3,1;
2019/12/07;0200 UTC;0;950,2;951,8;950,2;0;20,5;11,7;21,3;20,3;11,7;11,3;57;53;57;338;4,6;2,1;
2019/12/07;0300 UTC;0;947,3;950,2;947,3;0;19,4;11,9;20,5;19,2;11,9;11,6;63;57;62;347;3,6;3;
2019/12/07;0400 UTC;0;944,2;947,3;944,2;0;18,7;12;19,4;18,5;12,2;11,8;66;62;65;358;3,5;2,5;
2019/12/07;0500 UTC;0;942,9;944,2;942,9;0;18;12,1;18,8;17,9;12,3;12;69;65;68;354;3,9;3,1;
2019/12/07;0600 UTC;0;942,4;943;942,4;0;17,8;11,6;18,4;17,8;12,1;11,5;69;65;67;348;3,9;2,9;
2019/12/07;0700 UTC;0;941,1;942,7;941,1;0;17;11,9;17,9;16,8;11,9;11,6;72;67;72;358;3,8;2,7;
2019/12/07;0800 UTC;0;940;941,2;940;0;16,8;11,9;17,2;16,7;11,9;11,6;73;71;73;357;3,8;2,6;
2019/12/07;0900 UTC;0;939,8;940,2;939,6;18,8;17,1;11,9;17,1;16,2;12;11,7;75;72;72;356;3,9;2,4;
2019/12/07;1000 UTC;0;944,8;944,8;939,8;295;18,4;12,7;18,4;17,1;12,8;11,9;73;69;69;12;3,9;2,4;
2019/12/07;1100 UTC;0;954,1;954,1;944,8;849,8;21,6;14,4;21,7;18,4;14,8;12,6;72;63;64;355;4,1;1,7;
2019/12/07;1200 UTC;0;967,1;967,1;954,2;1434,6;24,3;13,7;24,3;21,5;14,8;12,7;64;50;52;300;5,2;3,4;
2019/12/07;1300 UTC;0;977,7;977,7;967,1;1947,3;26,4;12,9;26,5;24,2;14,4;11,5;53;39;43;295;6,1;3,2;
2019/12/07;1400 UTC;0;986,6;986,6;977,7;2353,6;28,1;10,4;28,3;26,3;13,8;7,9;46;28;33;317;5,4;2,7;
2019/12/07;1500 UTC;0;992,7;992,7;986,6;2626,3;29;12,1;29,1;27,5;12,7;8,5;38;30;35;296;6,2;2,4;
2019/12/07;1600 UTC;0;997,3;997,3;992,8;2597,4;29,6;7,5;30,3;28,5;12,3;6,6;35;24;25;247;6,5;1,8;
2019/12/07;1700 UTC;0;1000,6;1000,6;997,3;2507,7;30,8;7,5;31;29,6;10,9;7;30;23;23;303;5,6;2,3;
2019/12/07;1800 UTC;0;1002,9;1002,9;1000,7;2353,8;31;9,6;31,4;30,4;11,1;7,1;30;23;27;355;6,4;1,6;
2019/12/07;1900 UTC;0;1003,8;1003,8;1002,9;1898,7;31,3;8,7;31,6;30,5;10,8;7,6;29;23;25;230;8,4;2,1;
2019/12/07;2000 UTC;0;1003,8;1004,6;1003,8;1396,6;30,9;9,5;31,6;30,8;10,5;7;28;22;27;257;5,5;2,5;
2019/12/07;2100 UTC;0;1001,3;1003,8;1001,3;803,2;29;12,8;31,6;29;13;8,5;38;24;37;131;5,3;1,6;
2019/12/07;2200 UTC;0;990,3;1001,3;990,3;246,2;27;14,1;29,2;26,8;14,5;13,1;46;37;45;103;3,8;1,1;
2019/12/07;2300 UTC;0;973,1;990,2;973,1;2,3;25,6;13,9;27,1;25,6;14,3;13,6;49;44;48;177;3,8;2,2;
2019/12/08;0000 UTC;0;965,5;973,1;965,5;0;25,2;13,9;26,1;25,2;14,1;13,6;50;46;50;229;4,9;,8;
2019/12/08;0100 UTC;0;961,2;965,5;961,2;0;24,8;13,9;25,6;24,7;13,9;13,2;51;46;51;330;2,7;,8;
2019/12/08;0200 UTC;0;959,9;961,2;959,9;0;25,2;13,6;25,6;24,5;13,9;13,4;51;47;48;267;2,8;2,1;
2019/12/08;0300 UTC;0;958,1;960,2;958,1;0;23,9;13,6;25,2;23,9;14,1;13,6;54;49;53;232;2,8;,9;
2019/12/08;0400 UTC;0;954,9;958,1;954,9;0;23,9;13;24,2;22,4;14,2;13;59;50;51;172;2,4;,3;
2019/12/08;0500 UTC;0;954,6;955;954,5;0;23,1;13,6;23,9;22,9;13,6;13;56;51;55;136;2,9;2,1;
2019/12/08;0600 UTC;0;953,7;954,8;953,7;0;22,7;13,7;23,1;22,4;13,8;13,5;58;55;57;192;2,9;1,6;
2019/12/08;0700 UTC;0;953,5;953,8;953,4;0;22,8;13,6;22,8;22,3;14,2;13,6;60;56;56;205;2,5;1,6;
2019/12/08;0800 UTC;0;953,3;953,9;953,3;0;21,9;14,8;23,1;20,6;15;13,2;70;54;64;260;2,4;1;
2019/12/08;0900 UTC;0;954,3;954,3;953,3;4,3;21,9;15,5;22,7;21,9;15,5;14,6;67;61;67;213;4,9;2,6;
2019/12/08;1000 UTC;0;955,8;955,8;954,3;100,1;22,4;15,9;22,4;21,7;15,9;15,5;69;66;67;206;8,4;4,4;
2019/12/08;1100 UTC;0;960,2;960,2;955,8;470,2;23,5;16,2;23,8;22,4;16,9;15,8;68;62;64;212;8,9;5,4;
2019/12/08;1200 UTC;0;966,2;966,2;960,2;814,6;24,3;15;24,4;23,4;16,4;14,9;64;56;56;200;11,9;7,3;
2019/12/08;1300 UTC;0;971,7;971,7;966,2;1165,7;25,9;14,9;26,3;24,3;15,6;14,7;57;50;51;193;14,1;6,8;
2019/12/08;1400 UTC;0;978,8;978,8;971,7;1762,3;27,5;15,5;27,6;25,8;16,4;14,7;52;48;48;190;11,8;6,4;
2019/12/08;1500 UTC;0;983,6;983,6;978,8;1521,9;29;15,7;29,2;27,2;17;14,9;51;43;45;193;9,4;4;
2019/12/08;1600 UTC;0;990;990;983,6;1148,8;29,4;15,6;29,8;29;16,8;14,2;47;40;43;153;6,9;1,9;
2019/12/08;1700 UTC;0;995,8;995,8;990;1347,7;30,3;15,6;31;29,4;16,8;13,9;46;36;41;101;3,4;1,2;
2019/12/08;1800 UTC;0;994,2;997,4;994,2;872,9;29,5;16,2;30,7;29,2;17,2;14,1;48;37;45;3;3,8;2,1;
2019/12/08;1900 UTC;0;985,7;994,2;985,7;468,9;27,5;16,6;29,5;27,5;17,2;16;53;45;51;345;7,3;4,7;
2019/12/08;2000 UTC;0;977,7;985,7;977,7;306,3;26,8;17,6;27,5;26,8;17,8;16,6;57;51;57;332;7,3;4,5;
2019/12/08;2100 UTC;0;974,3;977,7;974,3;313,3;26,2;16,9;27,1;26,2;18,1;16,8;58;56;56;294;7,9;4,6;
2019/12/08;2200 UTC;0;969,8;974,2;969,8;92,3;26,1;16,6;26,3;26,1;18,3;16,6;62;56;56;251;7,9;4,1;
2019/12/08;2300 UTC;0;966,2;969,8;966,2;,5;24,9;17,1;26,2;24,8;17,1;16,2;62;54;62;326;6;2;
2019/12/09;0000 UTC;0;962,4;966,2;962,4;0;24,7;16,5;25;24,3;17,2;16,4;64;60;60;290;4,5;2,9;
2019/12/09;0100 UTC;0;961,3;962,5;961,3;0;24,2;16,3;24,8;24,2;16,4;16,2;61;59;61;302;4,6;2;
2019/12/09;0200 UTC;0;959,2;961,3;959,2;0;23,6;16,4;24,2;23,5;16,4;15,7;64;60;64;285;5,2;3,3;
2019/12/09;0300 UTC;0;957,1;959,2;957,1;0;22,7;18,7;23,6;22,7;18,7;16,4;78;64;78;316;5,8;3,3;
2019/12/09;0400 UTC;0;955,2;957,1;955,2;0;22,4;18,5;22,7;22,4;18,8;18,5;80;78;79;308;7,3;4,1;
2019/12/09;0500 UTC;0;953,9;955,3;953,9;0;21,7;17,7;22,5;21,7;18,5;17,7;79;76;78;304;7,6;3,9;
2019/12/09;0600 UTC;0;951,6;953,9;951,6;0;21,6;17,1;21,7;21,4;17,7;17;78;75;76;276;7,5;3,7;
2019/12/09;0700 UTC;0;950,5;951,7;950,5;0;21;17,3;21,6;20,9;17,3;17;80;75;79;286;6,8;4,3;
2019/12/09;0800 UTC;9,2;945,1;950,6;945,1;1,2;18,7;17,4;21;18,7;17,6;17,1;92;79;92;344;17,5;5,5;
2019/12/09;0900 UTC;4,2;942,3;945,1;942,3;1,1;18,6;17,4;18,7;18,5;17,5;17,3;93;92;93;303;11,5;5,4;
2019/12/09;1000 UTC;5,8;941,9;942,5;941,9;12,6;18,5;17,1;18,6;18,4;17,4;17,1;93;92;92;279;11,4;6,8;
2019/12/09;1100 UTC;2,2;942,6;942,6;941,9;106,6;18,9;17,3;18,9;18,5;17,3;17;92;90;91;235;10,6;4,5;
2019/12/09;1200 UTC;,2;946,1;946,1;942,6;313,2;19,3;17,7;19,3;18,9;17,8;17,4;91;90;90;200;8,8;4,6;
2019/12/09;1300 UTC;4,4;947,9;947,9;946,1;267,8;19,5;18,3;19,5;19;18,3;17,6;93;90;93;217;9;4,6;
2019/12/09;1400 UTC;,2;952,1;952,1;947,9;634,6;20,6;18,9;20,6;19,5;18,9;18,3;93;89;90;213;9,2;4,6;
2019/12/09;1500 UTC;0;956,5;956,5;952,1;700;21,8;19;21,8;20,5;19,3;18,4;90;84;84;202;8,6;3,8;
2019/12/09;1600 UTC;0;964,1;964,1;956,5;1324,1;23,9;19,5;23,9;21,8;20,2;18,8;84;77;77;189;7;3,6;
2019/12/09;1700 UTC;0;972,6;972,6;964,2;1496,9;25,2;20;25,2;23,6;20,5;19,1;80;73;73;173;6,4;3,6;
2019/12/09;1800 UTC;0;979,1;979,1;972,6;1556,7;25,1;18,9;26,4;24,8;20,4;18,6;75;65;68;165;6,1;2,8;
2019/12/09;1900 UTC;0;975,6;979,5;975,6;524,4;24,2;19,3;25,1;24,1;19,7;18,5;76;68;74;132;4,9;2;
2019/12/09;2000 UTC;0;972,8;975,6;972,7;402,9;24,5;19;24,6;24;19,8;18,6;76;70;71;168;3,3;1,6;
2019/12/09;2100 UTC;0;972,8;973,2;972,8;313,4;24,3;19,2;24,8;24,3;19,6;18,8;74;70;74;131;2,3;1;
2019/12/09;2200 UTC;0;968,9;972,8;968,9;78;23,6;19,6;24,2;23,5;19,8;19,3;79;74;79;180;1,9;,6;
2019/12/09;2300 UTC;0;963,6;968,9;963,6;3;23;19,4;23,6;23;19,8;19,4;81;79;80;196;2,3;1,6;
2019/12/10;0000 UTC;0;961;963,6;961;0;22,9;19,7;23,2;22,8;19,7;19,4;82;80;82;175;3,1;1,8;
2019/12/10;0100 UTC;0;960,8;961,2;960,8;0;22,9;19,6;23;22,8;19,8;19,6;83;81;82;202;2,5;1,6;
2019/12/10;0200 UTC;0;960,8;961;960,8;0;22,9;19,5;23;22,7;19,6;19,4;82;80;81;184;4,2;2,5;
2019/12/10;0300 UTC;0;960,9;961,1;960,8;0;22,6;19,5;22,9;22,6;19,6;19,5;83;81;83;194;4,1;2,4;
2019/12/10;0400 UTC;0;960,4;961,1;960,4;0;22,4;19;22,6;22,4;19,5;18,9;83;80;81;200;4;2,2;
2019/12/10;0500 UTC;0;960,1;960,6;960,1;0;22,3;19,8;22,4;22,3;19,8;18,9;86;81;86;191;5,2;3,1;
2019/12/10;0600 UTC;0;959,9;960,3;959,9;0;22,3;20,3;22,3;22,2;20,3;19,8;89;86;88;194;5,2;2,3;
2019/12/10;0700 UTC;0;959,8;960,1;959,8;0;22,2;20,2;22,3;22,2;20,3;20,2;89;88;89;198;3,6;1,9;
2019/12/10;0800 UTC;0;959,6;959,9;959,6;0;22,1;20;22,3;22,1;20,3;20;89;88;88;216;3,3;1,6;
2019/12/10;0900 UTC;0;959,2;959,8;959,1;6,7;22;19,9;22,1;21,9;20;19,8;88;87;87;219;3;1,3;
2019/12/10;1000 UTC;0;960,7;960,7;959,2;186,4;22,6;19,7;22,8;22;20;19,7;87;83;83;211;3,6;2,4;
2019/12/10;1100 UTC;0;965,6;965,6;960,7;456,7;23,5;20,2;23,5;22,6;20,2;19,6;84;81;82;198;4,4;2,4;
2019/12/10;1200 UTC;0;973,2;973,2;965,6;1086;25,4;20,5;25,4;23,5;20,8;19,8;82;74;75;172;4,9;2,1;
2019/12/10;1300 UTC;0;982,9;982,9;973,2;1369,7;26,1;19,7;26,9;25,4;20,8;19,6;76;67;68;199;3,9;1,3;
2019/12/10;1400 UTC;0;988,6;988,6;983;1465,5;27,7;20,7;27,7;26,1;21,3;19,9;70;64;66;177;3,7;2,1;
2019/12/10;1500 UTC;0;993,4;993,4;988,6;1796,3;28,7;20,1;28,7;27,4;21,6;19,7;68;60;60;165;4,6;2,2;
2019/12/10;1600 UTC;0;999,3;999,3;993,5;2045;29,2;20,9;29,7;28,5;21,2;19,3;62;55;61;168;4,6;1,1;
2019/12/10;1700 UTC;0;1000,9;1000,9;999,3;1988,6;30,2;19,4;30,4;28,9;20,9;18,3;61;49;52;273;4,3;,7;
2019/12/10;1800 UTC;0;1001;1001,3;1000,5;1917,1;31,4;20,3;31,4;29;21,1;18,5;61;49;52;147;4,7;1,2;
2019/12/10;1900 UTC;0;1001,8;1002,6;1001;1683;30,1;19,8;31,5;29,6;21;18,9;58;50;54;156;4,7;1,8;
2019/12/10;2000 UTC;0;1001,8;1001,8;1001,6;1257,6;30,2;18,9;31,1;29,8;20,9;18,7;57;49;51;140;2,8;1;
2019/12/10;2100 UTC;0;998,5;1001,9;998,5;660,8;30,1;19,2;30,9;30,1;20,3;18,7;55;49;52;140;2,2;,5;
2019/12/10;2200 UTC;0;992,8;998,5;992,8;341,2;28,2;20,9;30,1;28,2;21,4;19,4;64;52;64;104;2,7;1,3;
2019/12/10;2300 UTC;0;977,7;992,8;977,7;4,9;27,4;20,1;28,2;27;21,1;20,1;70;64;65;94;2,7;1,3;
2019/12/11;0000 UTC;0;970,2;977,7;970,2;0;27,8;19,9;27,8;27,3;20,1;19,7;65;62;62;102;2,4;,9;
2019/12/11;0100 UTC;0;968,5;970,2;968,5;0;26,7;19,9;28,2;26,7;19,9;18,8;66;58;66;208;1,8;,9;
2019/12/11;0200 UTC;0;966,6;968,6;966,6;0;26,5;20,8;27;26,4;21;20;72;66;71;197;2,2;1,1;
2019/12/11;0300 UTC;0;965,1;966,7;965,1;0;26,6;20,2;26,7;26,2;20,9;20,2;73;68;68;188;2,2;1,1;
2019/12/11;0400 UTC;0;964,5;965,2;964,5;0;25,6;20,7;27;25,5;20,7;19,6;75;64;74;220;2,8;1,3;
2019/12/11;0500 UTC;0;962,3;964,5;962,3;0;25,2;20,4;25,6;25,2;20,7;20,2;75;72;74;261;2,4;,4;
2019/12/11;0600 UTC;0;961,3;962,4;961,2;,1;25,4;20,5;25,6;25,1;20,6;20,4;75;73;74;209;2,4;1,3;
2019/12/11;0700 UTC;0;960,8;961,6;960,8;0;24,8;20,6;25,4;24,8;20,6;20,5;77;74;77;191;2,7;1,9;
2019/12/11;0800 UTC;0;959,2;960,9;959,2;0;24,9;20,3;25;24,7;20,6;20,3;78;76;76;228;2,6;,2;
2019/12/11;0900 UTC;0;957,7;959,2;957,7;11;24,3;20,6;25,1;24;20,6;20,2;81;74;80;209;3,7;2,4;
2019/12/11;1000 UTC;0;959,8;959,8;957,7;189,4;24,8;20,9;24,8;24,3;21,1;20,6;81;79;79;185;4,1;2;
2019/12/11;1100 UTC;0;966,4;966,4;959,9;671,2;27,1;20,9;27,4;24,8;21,8;20,7;80;68;69;185;3,8;2,1;
2019/12/11;1200 UTC;0;971,8;971,8;966,4;847,5;27,3;21,4;27,5;25,9;22;20,9;76;69;70;187;5;2,3;
2019/12/11;1300 UTC;0;982,1;982,1;971,8;1596,3;28,8;21,3;29,7;27,3;22,7;20,5;71;61;64;266;4,8;1,1;
2019/12/11;1400 UTC;0;980,3;984;980,3;406,5;27,2;20,8;28,8;27,2;21,1;20,2;68;61;68;326;3,7;2;
2019/12/11;1500 UTC;39,2;956,7;980,3;956,7;22,2;19,9;18,8;27,2;19,7;21,4;17,4;93;68;93;338;10,2;6,2;
2019/12/11;1600 UTC;1,2;945,1;956,6;945;383,6;20,9;19,8;20,9;19,8;19,8;18,6;93;93;93;327;10,2;3,7;
2019/12/11;1700 UTC;,2;949,9;949,9;945,1;967;23,3;20,3;23,3;20,9;20,4;19,7;93;82;84;267;9,7;3,4;
2019/12/11;1800 UTC;0;961,5;961,5;949,9;1216,1;24,5;18,4;25,5;23,3;20,9;17,6;84;65;69;213;6,7;3,7;
2019/12/11;1900 UTC;0;963,6;963,6;961,5;705,7;24,6;19,4;24,7;24,1;19,4;18,2;74;69;73;193;6,7;2,7;
2019/12/11;2000 UTC;0;968,3;968,3;963,6;934,6;25,5;19,2;25,6;24,6;20,3;18,6;74;67;68;189;4,8;2,6;
2019/12/11;2100 UTC;0;972,5;972,5;968,3;922,7;25,6;19,6;26,1;25,5;19,8;19,1;70;66;70;188;6,3;3,8;
2019/12/11;2200 UTC;0;966,5;972,6;966,5;263,3;23,4;18,7;25,7;23,4;19,7;18,7;75;68;75;194;6,3;4,1;
2019/12/11;2300 UTC;0;955,9;966,5;955,9;9,4;22,2;18,9;23,4;22,2;19;18,8;81;75;81;185;6,8;3,9;
2019/12/12;0000 UTC;0;950,5;955,9;950,5;0;21,5;19,1;22,2;21,5;19,1;18,8;86;81;86;182;6,3;4,1;
2019/12/12;0100 UTC;0;947,7;950,5;947,7;0;21,1;19,2;21,5;21,1;19,3;19;89;86;89;181;6,7;4,7;
2019/12/12;0200 UTC;0;946,3;947,8;946,3;0;20,5;18,9;21,2;20,5;19,3;18,9;91;89;91;173;6,7;3,6;
2019/12/12;0300 UTC;0;945,4;946,4;945,4;0;20,6;19,1;20,7;20,4;19,1;18,9;91;91;91;181;6,4;4,6;
2019/12/12;0400 UTC;0;946,5;946,5;945,4;0;20,8;19,1;20,9;20,6;19,2;19;91;90;90;177;8,2;5,2;
2019/12/12;0500 UTC;0;947,5;947,5;946,5;0;20,9;19,1;20,9;20,7;19,1;19;90;89;90;172;8,8;5,4;
2019/12/12;0600 UTC;0;948,4;948,4;947,5;0;21;19;21;20,9;19,1;19;90;89;89;173;8,5;3,8;
2019/12/12;0700 UTC;0;948,9;948,9;948,4;0;20,7;18,8;21;20,7;19;18,8;89;88;88;175;5,6;3,3;
2019/12/12;0800 UTC;0;948,7;949,1;948,6;0;20,4;18,6;20,7;20,4;18,9;18,6;90;88;89;183;4,3;2,6;
2019/12/12;0900 UTC;0;947,8;948,8;947,8;4,8;20,3;18,5;20,4;20,1;18,6;18,4;90;89;90;187;4,1;2,1;
2019/12/12;1000 UTC;0;949,1;949,1;947,8;99,8;20,8;18,7;20,8;20,3;18,7;18,4;90;87;88;183;3,8;2,6;
2019/12/12;1100 UTC;0;953;953;949,1;344,6;22;19,3;22;20,7;19,5;18,5;88;85;85;176;5;2,8;
2019/12/12;1200 UTC;0;958,9;958,9;953;637,1;22,5;19,1;22,8;21,9;19,5;18,9;85;80;81;189;5,6;2,8;
2019/12/12;1300 UTC;0;964,4;964,4;958,9;888,1;24,4;19,7;24,7;22,5;20,4;19,1;83;75;75;169;4,9;1,9;
2019/12/12;1400 UTC;0;975,3;975,3;964,4;1894,9;26,2;20,5;26,6;24;21;19,3;79;68;71;195;4,8;2,4;
2019/12/12;1500 UTC;0;982,6;982,6;975,3;2392,9;27,6;21,8;28,1;25,8;21,8;19,6;72;65;70;185;5,8;2,9;
2019/12/12;1600 UTC;0;987,8;987,8;982,6;2041,1;28,1;20,8;28,3;27,3;21,7;20,2;70;63;64;184;5,6;2,6;
2019/12/12;1700 UTC;0;991,3;991,3;987,8;1504,2;29,5;21,1;29,7;28;22,4;20;69;60;61;293;4,3;1,2;
2019/12/12;1800 UTC;0;995,4;995,4;991,3;2257,4;30,1;20,3;31;29,4;22,1;20,1;62;54;56;282;5,6;2,6;
2019/12/12;1900 UTC;0;991,8;996,6;991,8;773,6;28,4;20,7;30,7;28,4;21,4;20;64;55;63;308;5,6;2,2;
2019/12/12;2000 UTC;0;979,5;991,8;979,5;91;24,2;17,9;28,4;24,2;21,4;17,6;71;63;68;24;14,4;9,8;
2019/12/12;2100 UTC;0;962,8;979,5;962,8;32,7;23,5;19,6;24,3;23,2;19,6;17,9;79;68;79;352;14,4;4,1;
2019/12/12;2200 UTC;,2;957,4;962,8;957,4;16,1;20,5;16,9;23,8;20,5;19,8;16,7;80;71;80;346;19;12,5;
2019/12/12;2300 UTC;0;948,6;957,4;948,6;,2;20,3;17,4;21;20,3;17,8;16,9;84;78;83;344;19;3,5;
2019/12/13;0000 UTC;0;946,8;948,6;946,8;0;20,5;17,6;20,5;20,2;17,6;17,4;85;83;83;202;6,1;3;
2019/12/13;0100 UTC;0;947,8;947,8;946,8;0;21,2;16,8;21,4;20,5;17,6;16,8;84;75;76;223;9,3;3,7;
2019/12/13;0200 UTC;0;948,3;948,6;947,8;0;20,6;16,9;21,4;20,4;17;16,7;80;75;80;57;14,3;0;
2019/12/13;0300 UTC;0;946,5;948,4;946,5;0;20,1;17,1;21;19,5;17,4;16,7;86;77;83;322;3,1;1,9;
2019/12/13;0400 UTC;0;945,6;946,5;945,6;0;19,8;17,2;20,4;19,8;17,2;16,9;85;81;85;95;2,4;1,1;
2019/12/13;0500 UTC;0;945,2;945,8;945,2;0;19,3;17,3;19,9;19,2;17,3;17;88;85;88;49;3,5;1,5;
2019/12/13;0600 UTC;0;945,7;945,7;945,2;0;19,5;18,1;19,8;19,3;18,1;17,3;92;87;92;15;5,4;3,1;
2019/12/13;0700 UTC;0;946;946,1;945,7;0;19,2;18,1;19,5;19,2;18,2;18;93;92;93;5;4,3;2,6;
2019/12/13;0800 UTC;0;945,7;946,2;945,7;0;19;17,9;19,3;19;18,1;17,9;93;93;93;352;3,4;2,1;
2019/12/13;0900 UTC;0;945,7;945,9;945,7;6,6;19;17,9;19,1;18,8;18;17,7;93;93;93;46;2,7;,5;
2019/12/13;1000 UTC;0;947,6;947,6;945,7;177,9;19,6;18,5;19,8;19;18,6;17,9;93;93;93;343;2,7;2;
2019/12/13;1100 UTC;0;953,8;953,8;947,6;669,9;21,6;20,5;21,6;19,5;20,5;18,4;93;93;93;298;3,5;,8;
2019/12/13;1200 UTC;0;966,7;966,7;953,9;1274,6;24,8;19,6;25;21,6;21,9;19,2;93;71;73;220;3,2;1,4;
2019/12/13;1300 UTC;0;979,5;979,5;966,7;1625,6;26,5;19,9;26,9;24,7;20,2;18,6;74;62;67;153;3,2;,8;
2019/12/13;1400 UTC;0;987,8;987,8;979,5;1792,9;27,8;19,9;28,1;26,4;20,4;18,8;69;59;62;192;3,1;1,4;
2019/12/13;1500 UTC;0;992,4;992,4;987,8;2212,6;28,9;20,5;29,5;27,2;21,9;19,3;67;59;60;183;3,6;1,2;
2019/12/13;1600 UTC;0;997,9;997,9;992,4;2330,4;29,4;20,4;29,9;28,4;21,9;19,7;64;55;58;176;3,8;1,3;
2019/12/13;1700 UTC;0;1000,4;1000,4;997,9;2289,9;30,8;20,7;31,4;29,2;21,7;19,7;61;52;55;168;4,1;1,4;
2019/12/13;1800 UTC;0;1004;1004;1000,4;2062,7;30,6;20;32;30,6;21,9;19,5;59;50;53;162;4,5;1,3;
2019/12/13;1900 UTC;0;1003,5;1004,2;1003,4;1680,8;31,5;20,7;31,9;30,3;21,6;18,7;56;47;53;130;4,9;2;
2019/12/13;2000 UTC;0;1004,2;1004,5;1003,5;1421,7;31,1;20,1;31,7;30,9;20,9;19,3;54;48;52;140;4,4;1,3;
2019/12/13;2100 UTC;0;1000,8;1004,3;1000,8;805,8;30,1;19,5;31,4;30,1;20,7;19,3;56;50;53;125;3,5;1,8;
2019/12/13;2200 UTC;0;991,5;1000,7;991,5;291,8;28,4;20,2;30,2;28,4;20,2;19;61;51;61;271;4;1,9;
2019/12/13;2300 UTC;,6;970,7;991,5;970,7;15,7;24,1;20,7;28,4;23,8;20,8;18,6;82;61;81;293;9,3;3,2;
2019/12/14;0000 UTC;,2;960;970,6;960;,6;25,4;18,2;25,4;24,1;20,7;18;81;64;64;307;5,2;1,8;
2019/12/14;0100 UTC;0;959,5;960;959,4;,3;25,1;19,4;26;24,5;19,4;18,1;71;64;71;232;3,4;2,1;
2019/12/14;0200 UTC;0;958,9;959,6;958,9;0;24,6;19,6;25,6;24,6;19,6;19,3;74;68;74;207;3,5;1,9;
2019/12/14;0300 UTC;0;956,5;959;956,5;0;23,5;20,2;24,6;23,4;20,2;19,6;82;74;82;203;3,1;1,9;
2019/12/14;0400 UTC;0;954,9;956,5;954,9;0;23,9;20,2;23,9;23,5;20,3;20,2;82;80;80;215;4,2;2,4;
2019/12/14;0500 UTC;0;955,1;955,2;954,9;0;23,9;19,5;24;23,4;20,2;19,5;81;76;77;185;6,2;3,8;
2019/12/14;0600 UTC;0;955,1;955,5;955;0;23,2;19,7;23,8;23,2;19,7;19,3;81;77;81;181;6;3,4;
2019/12/14;0700 UTC;1;953,9;955,3;953,9;0;22,7;20,4;23,3;22,4;20,4;19,7;88;81;87;199;7,6;3,3;
2019/12/14;0800 UTC;0;953,5;953,9;953,5;,1;22,1;20,2;22,9;22,1;20,4;20,1;89;85;89;198;9,4;4;
2019/12/14;0900 UTC;2,8;952;953,6;952;8,7;21,7;19,3;22,5;21,6;20,2;19,3;89;83;86;216;8,6;3,7;
2019/12/14;1000 UTC;0;952,9;952,9;951,7;242,7;22,7;18,7;22,7;21,7;19,3;18,7;86;78;78;210;9,5;5,2;
2019/12/14;1100 UTC;0;957,9;957,9;952,9;561,1;23,3;18,3;23,3;22,7;18,9;18,2;79;73;74;206;10,7;6,4;
2019/12/14;1200 UTC;0;963,3;963,3;957,9;859,5;24,3;18,8;24,5;23,3;19,2;18,2;74;70;72;200;13,5;5,8;
2019/12/14;1300 UTC;0;968,6;968,6;963,4;1063,2;25,2;18,8;26;24,2;19,5;18,5;72;66;68;191;12,9;6,7;
2019/12/14;1400 UTC;0;974,6;974,6;968,6;1925,1;27,7;20;27,7;25,2;20;18,6;68;62;63;186;13,1;7,1;
2019/12/14;1500 UTC;0;981,3;981,3;974,6;1947,5;27,8;19,5;28,4;27,2;20,5;19,2;64;60;61;175;11,7;6,7;
2019/12/14;1600 UTC;0;984;984,8;981,3;1250,3;27,3;19,7;29;27,3;20,9;19,3;64;58;63;192;11,3;5,8;
2019/12/14;1700 UTC;1,6;974,2;984;973,9;635,2;27,6;20,1;28,2;24,7;21,5;19,6;77;63;64;179;10,7;5,1;
2019/12/14;1800 UTC;0;983;983;974,2;1841;28,4;20,9;29,2;27,4;21,6;20,1;67;60;64;178;10,8;5,4;
2019/12/14;1900 UTC;0;985,8;985,8;983;1576,2;29,5;19,9;29,7;27,7;20,7;19,1;64;55;56;177;10,8;5,3;
2019/12/14;2000 UTC;0;985,9;987,2;985,8;1378,4;28,4;18,8;29,6;28,1;20,4;18,8;61;55;56;185;11,8;7;
2019/12/14;2100 UTC;0;983,7;985,9;983,7;799;27,4;19,3;28,5;27,4;20,1;18,9;61;56;61;184;11,6;5,1;
2019/12/14;2200 UTC;0;977,6;983,7;977,6;287,3;26,8;20,2;27,6;26,8;20,2;19,3;67;61;67;180;9,1;5,2;
2019/12/14;2300 UTC;0;968,8;977,6;968,8;10,2;23,9;17,8;26,9;23,9;20,4;17,6;69;61;69;166;14,1;6,8;
2019/12/15;0000 UTC;0;958,2;968,8;958,2;0;22,5;18,8;23,9;22,5;18,8;17,8;80;69;80;177;10,2;4,2;
2019/12/15;0100 UTC;0;953,6;958,2;953,6;0;22;19,3;22,5;22;19,4;18,8;85;80;85;185;6,7;4,7;
2019/12/15;0200 UTC;0;951,9;953,6;951,9;0;22;19,2;22,2;21,9;19,3;19,1;85;83;84;177;7,2;3,2;
2019/12/15;0300 UTC;0;951,1;952;951;0;21,7;19,4;22;21,6;19,5;19;88;84;87;182;8,7;5,5;
2019/12/15;0400 UTC;0;951,6;951,6;951,1;0;22;19,9;22;21,6;19,9;19,4;88;87;88;196;8,7;2,9;
2019/12/15;0500 UTC;0;952,5;952,5;951,6;0;22;19,5;22;21,9;20;19,5;88;86;86;199;7,1;4,1;
2019/12/15;0600 UTC;0;953,8;953,8;952,5;0;22,4;19,8;22,5;22;19,8;19,5;86;85;85;197;7,2;4,2;
2019/12/15;0700 UTC;0;954,9;954,9;953,8;0;22,2;19,8;22,6;22,2;19,9;19,8;86;85;86;181;7,8;4,4;
2019/12/15;0800 UTC;0;954;955,1;954;0;21,9;20;22,2;21,9;20,1;19,8;89;86;89;171;7,2;4,4;
2019/12/15;0900 UTC;0;953,7;954,2;953,7;3,3;21,7;20,1;21,9;21,6;20,2;20;91;89;91;186;6,9;4,5;
2019/12/15;1000 UTC;0;954,6;954,6;953,7;107,5;22,4;20,8;22,4;21,7;20,8;20,2;92;91;91;192;6,6;3,4;
2019/12/15;1100 UTC;0;960,7;960,7;954,6;551,6;24,1;20,1;24,1;22,4;21,2;20,1;91;78;78;179;6,6;4,6;
2019/12/15;1200 UTC;0;966,7;966,7;960,7;664,3;25,3;20,4;25,3;24;20,7;19,7;79;73;75;167;8,9;3,9;
2019/12/15;1300 UTC;0;973,7;973,7;966,7;1140,6;26,9;20,5;27;25;20,7;19,7;75;67;68;170;11,2;7,3;
2019/12/15;1400 UTC;0;980,3;980,3;973,7;1680,8;28,5;21,7;28,7;26,5;21,9;20,1;70;64;67;169;11,9;7,4;
2019/12/15;1500 UTC;0;987;987;980,4;2365,2;28,9;19,8;29,5;28,2;21,3;19,8;66;58;58;166;12,9;7,2;
2019/12/15;1600 UTC;0;990,8;990,8;987;2244,5;29,3;20,3;30,3;28,9;20,9;19,4;59;55;58;152;12,7;6,3;
2019/12/15;1700 UTC;0;992,7;992,7;990,8;1623,8;29,8;20,8;30,2;29,4;21,3;19,8;60;56;58;145;9,8;5,3;
2019/12/15;1800 UTC;0;993,9;994,1;992,7;1742,2;28,9;20,3;30,8;28,9;21,7;20,1;61;56;60;158;9,7;5,8;
2019/12/15;1900 UTC;0;984,5;993,9;984,5;296;28,2;21;28,9;28,1;21,2;20,3;65;60;65;173;9,8;4,1;
2019/12/15;2000 UTC;0;978,5;984,4;978,5;129,3;28,4;21,2;28,4;27,9;21,4;21;67;65;65;242;6,4;1,2;
2019/12/15;2100 UTC;0;974,1;978,5;974,1;229,9;25;19,4;28,6;24,9;21,7;19,3;74;65;71;349;7,2;5,2;
2019/12/15;2200 UTC;5,4;959,9;974,1;959,9;35,1;21,9;19,8;25,8;21,3;20,4;18,4;89;70;88;210;10,2;3,8;
2019/12/15;2300 UTC;0;952,9;959,9;952,9;8,4;22,5;18,9;22,5;21,7;19,7;18,9;88;80;80;189;7,1;4,2;
2019/12/16;0000 UTC;0;952,9;952,9;952,5;3,4;23;19;23;22,2;19,5;18,9;85;78;78;184;8;5,3;
2019/12/16;0100 UTC;0;954,7;954,7;952,9;2,8;22,8;19,5;23,1;22,8;19,5;19;82;78;82;186;8,1;4;
2019/12/16;0200 UTC;0;955,2;955,3;954,7;,2;22,7;19,9;23,3;22,7;19,9;19,4;84;79;84;175;8;5,2;
2019/12/16;0300 UTC;0;954,7;955,4;954,7;0;22,6;20;22,8;22,5;20,1;19,9;86;84;86;182;7,9;3,5;
2019/12/16;0400 UTC;0;954;954,9;954;0;22,5;19,7;22,6;22,1;20,1;19,6;86;85;85;172;4,9;1,5;
2019/12/16;0500 UTC;0;954,3;954,3;954;,2;22,1;19,7;22,6;22,1;19,7;19,5;86;83;86;345;5,8;3,1;
2019/12/16;0600 UTC;0;954,5;954,6;954,3;0;22,2;20,4;22,3;22;20,4;19,7;90;86;90;2;6,1;3,6;
2019/12/16;0700 UTC;1,4;953,3;954,8;953,3;0;20,5;18,9;22,3;20,4;20,5;18,8;91;88;91;356;10,1;4,5;
2019/12/16;0800 UTC;7;948,4;953,3;948,4;,3;19,9;18,7;20,5;19,6;18,9;18,1;93;91;93;218;8,1;1,1;
2019/12/16;0900 UTC;5,4;947,7;948,5;947,6;,1;19,8;18,6;20;19,8;18,8;18,6;93;93;93;198;3,5;2,4;
2019/12/16;1000 UTC;1,8;947,3;947,9;947,3;17;19,7;18,1;20;19,7;18,6;18,1;93;90;91;351;4,1;2,9;
2019/12/16;1100 UTC;3,6;947,6;947,6;947,3;18,7;19,7;18,5;19,8;19,6;18,6;18,1;93;91;93;44;4,8;2,9;
2019/12/16;1200 UTC;7,6;948,9;948,9;947,6;60,4;20,6;19,3;20,6;19,5;19,4;18,2;93;92;92;122;5,9;3,3;
2019/12/16;1300 UTC;,6;953,5;953,5;948,9;424,8;21,9;19,8;21,9;20,6;19,8;19,2;92;87;88;113;5,3;2,3;
2019/12/16;1400 UTC;,4;958;958;953,5;388,5;21,6;19,2;22,3;21,6;19,7;18,9;88;82;86;132;4,9;2,2;
2019/12/16;1500 UTC;1,2;959,5;959,5;958;359,6;22;19,9;22,4;21,6;20,2;19,1;88;85;88;180;3,2;1,3;
2019/12/16;1600 UTC;10,4;958,1;960;958,1;128,4;21,2;19,7;22;21,2;19,8;19,4;91;87;91;236;2,8;,4;
2019/12/16;1700 UTC;8,4;956,2;958,2;956,2;143,8;20,6;19,2;21,2;20,5;19,7;19,1;92;91;91;274;4,9;2,8;
2019/12/16;1800 UTC;5;954,1;956,2;954,1;191,4;20,2;18,7;20,6;20,1;19,3;18,6;92;91;91;243;6,9;2;
2019/12/16;1900 UTC;2,4;953,9;954,1;953,7;157;20,4;19;20,5;20,2;19,2;18,7;92;91;92;204;4,2;2,1;
2019/12/16;2000 UTC;1,6;953,9;954,2;953,9;87,4;20,3;19;20,4;20,3;19,1;19;92;92;92;207;4,6;2,8;
2019/12/16;2100 UTC;2,6;953,2;954,1;953,2;46,7;20,1;18,8;20,3;20;19;18,7;92;92;92;224;5,4;2,6;
2019/12/16;2200 UTC;,4;953;953,4;953;27,6;20,1;18,8;20,2;20;18,9;18,7;92;92;92;225;4,9;1,9;
2019/12/16;2300 UTC;1;953,2;953,2;953;,6;20,2;18,9;20,2;20,1;18,9;18,8;92;92;92;305;4,4;1,3;
2019/12/17;0000 UTC;,8;953,9;953,9;953,2;0;20,3;19;20,3;20,2;19;18,9;93;92;93;183;6,3;3,8;
2019/12/17;0100 UTC;,2;954,6;954,6;953,9;0;20,3;19,1;20,3;20,2;19,1;19;93;93;93;174;8,9;5,7;
2019/12/17;0200 UTC;,4;955,1;955,1;954,6;,1;20,4;19,1;20,4;20,3;19,2;19,1;93;92;92;194;9,5;5,5;
2019/12/17;0300 UTC;0;955,2;955,4;955,1;,1;20,3;18,8;20,4;20,3;19,1;18,8;92;91;91;194;9,5;5,1;
2019/12/17;0400 UTC;0;955,1;955,4;955,1;0;20,1;18,7;20,3;20,1;18,8;18,7;92;91;92;199;8,5;4,7;
2019/12/17;0500 UTC;0;954,8;955,3;954,8;0;20;18,6;20,1;19,9;18,7;18,5;92;92;92;194;8,4;4,4;
2019/12/17;0600 UTC;,2;955,2;955,2;954,8;0;20,1;18,7;20,1;20;18,7;18,6;92;92;92;191;6,8;4,4;
2019/12/17;0700 UTC;0;955,7;955,7;955,2;0;20,1;18,8;20,2;20,1;18,8;18,7;92;92;92;345;6;2,2;
2019/12/17;0800 UTC;0;956,2;956,2;955,7;0;20,2;18,8;20,2;20,1;18,9;18,8;92;92;92;223;3,8;1,3;
2019/12/17;0900 UTC;,4;956,8;956,8;956,2;,6;20,3;18,8;20,4;20,2;18,9;18,8;92;91;91;253;4,2;1,8;
2019/12/17;1000 UTC;,6;957,5;957,5;956,8;42,3;20,5;19;20,5;20,2;19;18,8;92;91;91;190;6,8;4,4;
2019/12/17;1100 UTC;,2;959,1;959,1;957,5;114,9;20,9;19,3;20,9;20,5;19,3;19;91;91;91;183;6,8;3,7;
2019/12/17;1200 UTC;2;960,6;960,6;959,1;136,1;20,9;19,5;21;20,9;19,6;19,4;92;91;92;191;7,2;4,3;
2019/12/17;1300 UTC;2,8;961,2;961,2;960,6;110,1;20,8;19,5;21;20,8;19,6;19,5;92;92;92;171;8,3;3,3;
2019/12/17;1400 UTC;22,8;957,2;961,5;957,2;35,3;19,1;18;20,8;18,9;19,5;17,7;93;91;93;284;10,9;2,3;
2019/12/17;1500 UTC;9;955,7;957,2;955,7;96,1;19;17,9;19,2;18,8;18,1;17,7;93;93;93;215;5;1,8;
2019/12/17;1600 UTC;3;956,2;956,2;955,7;166,7;19,3;18,2;19,3;19;18,2;17,9;93;93;93;228;4,1;2,1;
2019/12/17;1700 UTC;1,4;957,2;957,2;956,2;224;19,5;18,4;19,5;19,3;18,4;18,2;93;93;93;199;6;3,7;
2019/12/17;1800 UTC;,4;959,9;959,9;957,2;431;20,1;18,7;20,2;19,4;18,9;18,4;93;92;92;213;5,6;2,7;
2019/12/17;1900 UTC;0;964,9;964,9;959,9;780,4;21,3;18,7;21,4;20,1;19,3;18,3;92;83;86;234;5,7;2,9;
2019/12/17;2000 UTC;0;965,7;966,5;964,9;392,2;20,5;18,2;21,3;20,5;18,8;18;87;84;87;213;6;3,1;
2019/12/17;2100 UTC;0;964,6;965,7;964,4;294;20,9;18,3;21,1;20,5;18,8;18,2;88;85;85;203;5,2;2,7;
2019/12/17;2200 UTC;0;963,7;965;963,7;126,5;20,6;18,4;20,9;20,5;18,5;18,2;87;85;87;200;4,7;1,7;
2019/12/17;2300 UTC;0;960,9;963,8;960,9;17,7;19,9;18,2;20,6;19,7;18,4;18;90;87;90;178;2,7;0;
2019/12/18;0000 UTC;0;957,9;960,9;957,9;0;19,6;18,1;19,9;19,5;18,2;18;91;90;91;248;1,6;1,3;
2019/12/18;0100 UTC;0;956,5;958;956,5;0;19,3;17,9;19,6;19,3;18,2;17,8;91;91;91;200;3,1;2,3;
2019/12/18;0200 UTC;0;956,3;956,7;956,2;0;19;17,8;19,3;18,9;17,8;17,6;93;91;93;191;3,3;1,9;
2019/12/18;0300 UTC;0;955,8;956,5;955,8;0;18,8;17,6;19,1;18,7;17,9;17,5;93;92;92;206;3,6;1,8;
2019/12/18;0400 UTC;0;955,4;955,9;955,4;0;18,7;17,5;19;18,7;17,7;17,4;92;92;92;193;2,6;1,7;
2019/12/18;0500 UTC;0;955,2;955,6;955,1;0;18,6;17,4;18,8;18,5;17,6;17,2;93;92;93;224;2,5;,9;
2019/12/18;0600 UTC;0;956;956;955,2;0;18,8;17,6;18,9;18,6;17,7;17,5;93;93;93;272;1,9;1,2;
2019/12/18;0700 UTC;0;956,7;956,7;956;0;18,8;17,6;18,8;18,6;17,6;17,4;93;93;93;226;2,4;1,3;
2019/12/18;0800 UTC;,2;957,2;957,3;956,7;0;18,5;17,4;18,8;18,5;17,6;17,4;93;93;93;231;2,7;,7;
2019/12/18;0900 UTC;0;957,4;957,4;957,2;4,8;18,7;17,7;18,7;18,5;17,7;17,4;93;93;93;219;2,9;1,5;
2019/12/18;1000 UTC;0;960;960;957,4;160,6;19,7;18,6;19,7;18,7;18,6;17,7;93;93;93;269;2,9;1,6;
2019/12/18;1100 UTC;0;964;964;960;324,3;20,5;19,4;20,6;19,6;19,4;18,5;93;93;93;225;4,4;1,7;
2019/12/18;1200 UTC;0;968;968;964;491,2;21,6;20,1;21,7;20,5;20,5;19,4;93;90;91;211;3,9;2,1;
2019/12/18;1300 UTC;0;973,4;973,4;968;611,6;22,9;19,7;23;21,6;20,3;19,4;91;82;82;217;4,5;1,3;
2019/12/18;1400 UTC;0;980,9;980,9;973,4;969,4;24,3;20,1;24,3;22,7;20,7;19,2;82;76;77;152;3,4;1,9;
2019/12/18;1500 UTC;0;988,9;988,9;981;1315,4;25;20,6;25,2;24,3;20,8;19,5;79;73;77;131;4,9;2,3;
2019/12/18;1600 UTC;0;993,4;993,4;988,9;1475,3;25,7;19,9;26;24,8;21,3;19,7;78;70;70;131;5,2;2,1;
2019/12/18;1700 UTC;0;997,9;997,9;993,4;1778,2;26,6;20;27,1;25,7;20,9;19,5;72;64;67;166;5,3;2,7;
2019/12/18;1800 UTC;0;997,3;999,4;997,3;1229,5;26,2;19,7;27,6;26,1;21,3;19,4;72;63;67;161;5,6;2,7;
2019/12/18;1900 UTC;0;994,9;997,2;994,6;1150,1;28,1;21,5;28,2;26,2;21,6;19,5;72;64;68;135;5,1;2;
2019/12/18;2000 UTC;0;1001,8;1001,8;994,9;1728,7;28,4;20,7;29,1;27,3;21,4;19,7;67;61;63;171;5,3;2,5;
2019/12/18;2100 UTC;0;1000,1;1003,5;1000,1;823,5;27,9;20,3;28,5;27,2;20,6;19,1;65;60;64;202;4,1;1,6;
2019/12/18;2200 UTC;0;995,1;1000,1;995,1;293,6;26,7;19,9;27,9;26,7;20,2;19,2;67;60;67;200;2,9;1,3;
2019/12/18;2300 UTC;0;982,7;995,1;982,7;9,8;25;20,3;26,7;24,9;20,3;19,8;76;66;75;173;2,5;,8;
2019/12/19;0000 UTC;0;974,6;982,7;974,6;0;24,5;20,6;25,1;24,4;20,6;20,3;79;75;79;208;4,6;2,3;
2019/12/19;0100 UTC;0;971,9;974,6;971,9;0;23,3;20;24,6;23,3;20,6;20;81;77;81;217;8,9;3,1;
2019/12/19;0200 UTC;0;967,1;971,9;967,1;0;22,4;19,7;23,3;22,4;20;19,7;85;81;85;216;6,8;3,4;
2019/12/19;0300 UTC;0;964,8;967;964,8;0;22,5;19,6;22,5;22,4;19,8;19,6;85;84;84;209;8,3;4,9;
2019/12/19;0400 UTC;,8;963,9;965;963,9;0;21,8;20,2;22,5;21,8;20,2;19,6;90;84;90;198;8,7;4,5;
2019/12/19;0500 UTC;,4;962,4;963,9;962,4;0;21,9;20,4;21,9;21,8;20,4;20,2;92;91;91;197;9,4;5,4;
2019/12/19;0600 UTC;0;962;962,6;962;,1;21,9;20,1;21,9;21,8;20,4;20,1;92;90;90;201;9,3;5,3;
2019/12/19;0700 UTC;0;961,2;962,2;961,2;0;21,4;19,3;21,9;21,4;20,1;19,3;90;87;88;198;9,8;4,6;
2019/12/19;0800 UTC;0;960,2;961,3;960,2;0;21;19,1;21,4;20,9;19,3;19;89;88;89;206;8,3;4,6;
2019/12/19;0900 UTC;0;959,2;960,3;959,2;1,2;20,8;18,8;21;20,8;19,1;18,8;89;88;88;200;8,9;4,7;
2019/12/19;1000 UTC;,2;959;959,3;959;87,8;20,9;18,7;20,9;20,7;18,8;18,7;89;88;88;203;9,2;5,3;
2019/12/19;1100 UTC;0;963;963;959;636,3;22;19;22,2;20,9;19,3;18,7;88;82;83;193;10,6;7,1;
2019/12/19;1200 UTC;0;965,2;965,7;963;358,5;21,8;19,1;22,4;21,7;19,4;18,8;85;82;85;190;11,3;5,2;
2019/12/19;1300 UTC;0;965,9;965,9;965,1;323,7;22,6;19,6;22,6;21,8;19,7;19,1;85;83;83;206;8,4;3,8;
2019/12/19;1400 UTC;0;973;973;965,9;982,9;24,6;20,3;24,9;22,6;20,7;19,6;84;76;77;196;9,1;5,2;
2019/12/19;1500 UTC;0;977,8;977,8;973;613;25,7;20,7;25,7;24,1;21,2;20;80;74;74;190;8,6;4,3;
2019/12/19;1600 UTC;0;986,1;986,1;977,8;1624,8;27;20,7;27;25,7;21,7;20,4;75;68;68;191;9,3;5;
2019/12/19;1700 UTC;0;993,6;993,6;986,1;2250,3;29,4;21,3;29,4;26,9;21,8;20,5;71;60;62;172;9,7;4,4;
2019/12/19;1800 UTC;0;993,3;996,1;993,3;669,1;27,2;20,8;29,4;27,2;21,2;20,3;69;62;68;188;6,8;2,2;
2019/12/19;1900 UTC;0;989,5;993,3;989,5;427,7;27,8;21;28;27,2;21,7;20,8;71;65;67;221;3,7;1,7;
2019/12/19;2000 UTC;0;985,5;989,6;985,5;155,8;26,5;22;27,8;26,5;22;21;76;67;76;79;3,4;0;
2019/12/19;2100 UTC;0;979,8;985,5;979,8;95,2;23,6;19;26,8;23,6;22,4;18,9;79;69;75;167;8,4;5;
2019/12/19;2200 UTC;0;969,4;979,8;969,4;71,6;23,3;17,6;23,6;23,2;19,3;17,5;79;70;70;190;8;2,6;
2019/12/19;2300 UTC;0;965,9;969,4;965,9;3,8;23;17,8;23,5;23;18;17,4;73;69;72;187;3,8;2,1;
2019/12/20;0000 UTC;0;963,2;965,9;963,2;0;22,7;19,4;23,1;22,3;19,4;17,8;81;72;81;199;5,5;3,5;
2019/12/20;0100 UTC;0;962,7;963,3;962,7;0;22,8;19,7;23,2;22,6;19,7;18,1;83;74;83;204;8,7;5,5;
2019/12/20;0200 UTC;0;963,3;963,3;962,7;0;22,8;20,2;23;22,8;20,2;19,7;85;83;85;193;9,4;4,2;
2019/12/20;0300 UTC;0;963,4;963,6;963,3;0;22,9;20,2;23;22,7;20,2;20,1;86;84;85;185;7,8;3,6;
2019/12/20;0400 UTC;0;963,6;963,7;963,4;0;22,6;20,1;23,1;22,6;20,2;20;86;83;86;181;7,7;5,2;
2019/12/20;0500 UTC;0;962,8;963,8;962,8;0;22,2;20,3;22,6;22,2;20,3;20,1;89;86;89;173;7,2;4;
2019/12/20;0600 UTC;0;961,4;962,9;961,4;0;22,1;20,5;22,2;22;20,5;20,3;91;89;90;186;6,2;2,5;
2019/12/20;0700 UTC;0;961,2;961,6;961,2;0;22,1;20,3;22,3;22,1;20,6;20,2;90;89;89;181;6,6;3,5;
2019/12/20;0800 UTC;0;961;961,4;961;0;22,1;20,1;22,3;22,1;20,3;20,1;89;88;89;194;6,5;3,7;
2019/12/20;0900 UTC;0;960,8;961,2;960,8;3,6;22,1;20,2;22,2;22;20,2;20,1;89;88;89;191;6,5;3,8;
2019/12/20;1000 UTC;0;961,6;961,6;960,8;77,5;22,6;20,4;22,6;22;20,5;20,1;89;88;88;186;6,7;3,8;
2019/12/20;1100 UTC;0;966,6;966,6;961,6;509,7;25,1;20,8;25,1;22,6;21,2;20,4;88;77;77;184;8,1;4,8;
2019/12/20;1200 UTC;0;977,8;977,8;966,6;1352,3;27,1;21,3;27,1;25;21,6;20,5;78;70;71;174;9,8;4,3;
2019/12/20;1300 UTC;0;987,7;987,7;977,8;1827,1;28,5;20;28,7;26,8;21,8;20;72;60;60;161;9,9;4,9;
2019/12/20;1400 UTC;0;994,6;994,6;987,7;2240,2;29,3;20,6;29,5;28,3;21,2;19,7;62;58;59;148;10,6;5,9;
2019/12/20;1500 UTC;0;998,6;998,6;994,6;2510,5;30,7;21,8;30,7;29,1;22,4;20,4;64;58;59;160;10,6;4,1;
2019/12/20;1600 UTC;0;996,3;1000,2;996,3;1036,3;27,9;20,9;30,6;27,9;22,3;20,4;66;58;66;147;7,6;3,1;
2019/12/20;1700 UTC;0;981,5;996,3;981,5;118,7;22;17,4;27,9;22;21,7;17,2;75;65;75;26;12,2;4;
2019/12/20;1800 UTC;0;965,5;981,4;965,5;103;23,4;18,5;23,6;21,5;18,7;17,2;78;72;74;144;6,1;1,9;
2019/12/20;1900 UTC;0;964,3;965,5;964,3;173,6;23,2;19,9;23,4;22,9;20;18,3;83;74;82;133;8,6;3,4;
2019/12/20;2000 UTC;0;963,8;964,5;963,8;118,9;23;18,4;23,4;22,9;19,8;18,4;82;75;75;210;6,5;,2;
2019/12/20;2100 UTC;,6;961,8;963,9;961,8;63,6;22;18,9;23;21,9;18,9;18;83;74;83;271;2;1,1;
2019/12/20;2200 UTC;,2;959,8;961,8;959,8;109,6;22,1;19,3;22,5;21,9;19,7;18,8;85;82;84;178;5,9;3,9;
2019/12/20;2300 UTC;0;958,9;960;958,9;17,4;22,3;18,6;22,3;22;20,1;18,6;88;80;80;191;9,5;5,9;
2019/12/21;0000 UTC;0;958;959;958;0;21,9;18,8;22,3;21,8;18,8;18,6;82;79;82;197;9,4;5,8;
2019/12/21;0100 UTC;0;957,2;958,2;957,2;0;21,3;18,1;21,9;21,3;18,9;18;84;81;82;189;10,6;5;
2019/12/21;0200 UTC;0;955,4;957,3;955,4;0;21,2;18;21,4;21,1;18,2;17,8;83;80;82;214;7,1;2,9;
2019/12/21;0300 UTC;0;954,5;955,5;954,5;0;20,9;17,8;21,2;20,9;18;17,8;83;82;83;216;6,8;1,8;
2019/12/21;0400 UTC;0;953,3;954,6;953,3;0;20,9;17,9;21,1;20,5;18;17,8;85;82;83;195;4,5;1,8;
2019/12/21;0500 UTC;0;953,3;953,6;953,3;0;20,4;17,8;20,9;20,3;17,9;17,7;85;83;85;179;7,3;4,7;
2019/12/21;0600 UTC;0;952,6;953,5;952,6;0;20,2;17,8;20,5;20;17,8;17,7;86;85;86;195;7,3;3;
2019/12/21;0700 UTC;0;952,3;952,7;952,3;0;20;17,9;20,2;20;17,9;17,7;87;86;87;180;5,9;4,4;
2019/12/21;0800 UTC;0;952,7;952,7;952,3;0;20,2;18,1;20,3;20;18,1;17,9;88;87;88;179;6,7;4,5;
2019/12/21;0900 UTC;0;953,7;953,7;952,7;5,6;20,4;18,4;20,6;20,2;18,4;18;88;86;88;179;7,8;4,8;
2019/12/21;1000 UTC;0;955,7;955,7;953,7;135,9;20,9;19;20,9;20,4;19;18,4;89;88;89;170;8,7;4,5;
2019/12/21;1100 UTC;4;959,1;959,1;955,7;205,6;19,9;18,1;21,7;19,9;19,7;18,1;90;88;90;2;14;7,6;
2019/12/21;1200 UTC;22,6;953,9;959,2;953,9;42,4;19,3;18,2;19,9;19,1;18,4;18;93;90;93;297;14;6,5;
2019/12/21;1300 UTC;,2;954,7;954,7;953,2;474,7;20,4;19,3;20,5;19,3;19,4;18,2;93;93;93;325;13,5;5,5;
2019/12/21;1400 UTC;0;964;964;954,7;1564,4;23,8;19,8;23,8;20,4;20,6;18,8;93;78;79;310;9,2;4,8;
2019/12/21;1500 UTC;0;975,3;975,3;964,1;2056,7;25;19,5;25;23,5;20,4;18,5;80;69;72;327;7,2;3,4;
2019/12/21;1600 UTC;0;983,2;983,2;975,3;2510,9;26,5;18;26,6;24,7;20,1;17,1;73;58;60;259;5,8;,9;
2019/12/21;1700 UTC;0;992,1;992,1;983,2;2345,1;27,8;18,9;28,2;26,3;19,6;16,7;63;53;59;149;3,9;1,5;
2019/12/21;1800 UTC;0;994,2;995,5;992,1;1533,3;26,4;19,5;28,3;26,1;19,5;17;66;52;66;126;6;3,1;
2019/12/21;1900 UTC;0;989,8;994,2;989,8;1016,4;26,8;18,6;26,9;25,9;20;17,9;67;60;61;73;6,6;2,2;
2019/12/21;2000 UTC;0;987,9;989,8;987,9;1003;25,8;17,6;27,5;25,8;19,3;17,1;65;58;61;34;5,6;3;
2019/12/21;2100 UTC;0;985,2;987,9;983,3;567,6;25,8;19,1;27,4;25,5;19,5;17,8;67;60;67;105;4,6;1,7;
2019/12/21;2200 UTC;3,6;971,9;985,7;971,9;117,5;20,7;19,1;26;20,3;19,3;17;91;65;90;34;13,4;3,8;
2019/12/21;2300 UTC;,4;958,5;971,8;958,5;10,1;20,9;19,1;21;20,7;19,4;19;91;89;89;273;6,4;0;
2019/12/22;0000 UTC;0;955,1;958,5;955,1;0;20,5;18,9;21;20,4;19,3;18,9;91;89;91;184;2,3;1,5;
2019/12/22;0100 UTC;0;953,3;955,1;953,3;0;20,5;18,8;20,7;20,4;19,1;18,7;91;90;90;187;2,4;1,9;
2019/12/22;0200 UTC;0;953,3;953,5;953,2;0;21,9;18,5;21,9;20,5;19,1;18,5;90;81;81;187;2,4;1,2;
2019/12/22;0300 UTC;0;954,6;954,6;953,3;0;20,2;17,9;22,3;20,2;19,1;17,9;86;81;86;13;1,9;,7;
2019/12/22;0400 UTC;0;952,8;954,8;952,8;0;20,1;18,7;20,2;19,6;18,8;17,9;92;86;92;164;2,5;,2;
2019/12/22;0500 UTC;0;952,1;952,9;952,1;0;20,1;18,7;20,5;19,8;19,3;18,4;93;91;92;191;2,2;1,5;
2019/12/22;0600 UTC;0;953,4;953,4;952,1;0;20,3;19,2;20,5;20;19,3;18,7;93;92;93;109;3,6;2,1;
2019/12/22;0700 UTC;0;954,1;954,2;953,4;0;20,2;19,1;20,7;20,1;19,5;19;93;93;93;33;3,6;,6;
2019/12/22;0800 UTC;,2;953,7;954,4;953,7;0;19,8;18,7;20,2;19,7;19;18,6;93;93;93;26;1,8;,6;
2019/12/22;0900 UTC;0;953,7;953,8;953,4;5,7;20;18,9;20;19,5;18,9;18,4;93;93;93;348;3,5;2,5;
2019/12/22;1000 UTC;0;957;957;953,7;282,1;21,3;20,1;21,3;20;20,2;18,9;93;93;93;350;4,7;3;
2019/12/22;1100 UTC;0;961,8;961,8;957;528,8;22;20,8;22;21,3;20,8;20,2;93;93;93;347;5,9;3,7;
2019/12/22;1200 UTC;0;966,8;966,8;961,8;983,5;23,3;20,4;23,3;21,7;21,6;19,4;93;83;84;330;5,1;3,3;
2019/12/22;1300 UTC;0;975,2;975,2;966,8;1810,4;24,9;19,8;24,9;22,6;20,2;18,8;84;71;73;328;5,6;2,6;
2019/12/22;1400 UTC;0;983,2;983,2;975,3;2041,5;26,2;19,5;26,3;24,8;20,7;18,3;73;65;67;5;6,8;2,9;
2019/12/22;1500 UTC;0;988,1;988,1;983,2;1757,9;26,3;18,4;27,3;25,6;20,1;17,6;68;59;62;339;6;3;
2019/12/22;1600 UTC;0;989,9;989,9;988,1;1225,4;26,3;18,4;27,5;26;20,1;18;66;59;62;327;5,5;2,5;
2019/12/22;1700 UTC;0;993,2;993,2;989,9;2312;28,3;18,6;28,8;26,3;20;17,2;63;53;56;22;6;2,7;
2019/12/22;1800 UTC;0;997,4;997,4;993,2;2165,9;27,6;16,4;29,4;27,6;20,4;15,7;59;46;51;21;6,5;3,6;
2019/12/22;1900 UTC;0;996,8;997,7;996,8;1960,9;28,9;17,6;29,4;27,5;18,5;16,5;54;47;50;26;7,3;4,2;
2019/12/22;2000 UTC;0;994,3;997;994,3;1440,9;28,5;16,6;29;28;17,6;15,3;52;45;49;10;7,2;4,1;
2019/12/22;2100 UTC;0;989,9;994,3;989,9;896,9;27,3;16,5;28,5;27,3;17,4;15,7;53;47;52;11;7,2;5,4;
2019/12/22;2200 UTC;0;982,4;989,9;982,4;323,5;25,3;16,3;27,3;25,3;17;15,7;57;52;57;351;7,4;4,1;
2019/12/22;2300 UTC;0;968,7;982,4;968,7;12,2;23;16,5;25,4;23;16,6;16,1;67;56;67;344;6;3,5;
2019/12/23;0000 UTC;0;960,7;968,7;960,7;0;22,4;17,3;23,2;22,2;17,6;16,5;74;67;73;339;7,8;4,1;
2019/12/23;0100 UTC;0;957;960,7;957;0;21,5;16,4;22,4;21,5;17,4;16,4;75;72;72;331;7,9;4,8;
2019/12/23;0200 UTC;0;953,6;957;953,6;0;20,6;15,4;21,6;20,4;16,4;15,4;74;72;72;327;7,3;4,9;
2019/12/23;0300 UTC;0;949,4;953,6;949,4;0;19,8;15,2;20,6;19,1;15,4;15,1;79;72;75;335;7,4;4,7;
2019/12/23;0400 UTC;0;949;949,4;948,9;0;19,8;15,3;20,1;19,7;15,3;15,1;75;73;75;323;7,5;4,7;
2019/12/23;0500 UTC;0;948,7;949,3;948,7;0;19,5;15;19,9;19,4;15,3;15;77;75;75;318;7,1;3,3;
2019/12/23;0600 UTC;0;948,4;948,9;948,3;0;19,6;14,3;19,8;19,2;15,1;14,3;76;71;71;289;5,1;3,4;
2019/12/23;0700 UTC;0;948,8;948,8;948,4;0;19,6;14,3;19,7;19,4;14,4;14,3;72;71;72;276;4,9;2,5;
2019/12/23;0800 UTC;0;947,7;949,1;947,7;0;18;15,5;19,6;17,8;15,5;14,3;86;71;85;359;7;4,1;
2019/12/23;0900 UTC;0;944,7;947,7;944,7;4,2;17,8;14,9;18;17,4;15,5;14,9;86;83;83;350;5,4;2,2;
2019/12/23;1000 UTC;0;946,8;946,8;944,6;211,6;18,9;15,6;18,9;17,8;15,7;14,9;83;81;81;12;3,2;1,4;
2019/12/23;1100 UTC;0;953,4;953,4;946,8;658,9;21;15,7;21;18,9;16;15,1;81;71;72;332;4,4;2,6;
2019/12/23;1200 UTC;0;962,3;962,3;953,4;1333,7;22,6;15,4;23,1;20,9;16,5;15;72;63;64;317;4,3;1,9;
2019/12/23;1300 UTC;0;972,5;972,5;962,4;1845,7;25,4;15,6;25,5;22,7;17;15,3;66;54;55;289;4,4;1,4;
2019/12/23;1400 UTC;0;984;984;972,6;2254,6;27,6;16,7;27,6;25,2;17,3;15,4;59;50;51;126;3,1;,7;
2019/12/23;1500 UTC;0;991,2;991,2;984,1;2537,7;28,2;14,8;29,1;27,3;17,6;14,5;53;43;44;57;4,1;1,6;
2019/12/23;1600 UTC;0;994,9;994,9;991,3;2653,4;29,9;13,6;29,9;27,9;17,1;11,5;49;33;37;282;6,9;1,1;
2019/12/23;1700 UTC;0;998,3;998,3;994,9;2585;29,7;14,6;30,1;28,8;16;11,8;44;34;40;71;5,5;,6;
2019/12/23;1800 UTC;0;1000,4;1000,4;998,3;2340,9;29,7;16,8;30,2;29,2;17,3;14,1;48;39;46;36;6,3;3,1;
2019/12/23;1900 UTC;0;1000,7;1000,9;1000,4;1951,4;29,9;16,8;30,4;29,6;17,8;15,2;48;40;45;10;7,1;3,9;
2019/12/23;2000 UTC;0;998,4;1000,9;998,4;1469,9;29,4;15,6;30;29,2;17,7;15,5;49;43;43;14;7,1;4,5;
2019/12/23;2100 UTC;0;992,8;998,4;992,8;911,5;28,3;15,3;29,5;28,3;16,5;14,9;47;43;45;9;8,3;5,6;
2019/12/23;2200 UTC;0;985,7;992,8;985,7;333,2;26,4;14,1;28,3;26,4;15,9;12,9;47;40;47;340;7,6;2,6;
2019/12/23;2300 UTC;0;972,5;985,7;972,5;12,4;24;15,1;26,4;24;15,1;14,1;57;47;57;322;5;2,7;
2019/12/24;0000 UTC;0;961,8;972,5;961,8;0;22,7;16;24,2;22,3;16;15,1;67;57;66;329;4,4;2,3;
2019/12/24;0100 UTC;0;956,4;961,8;956,4;0;22,1;14,1;22,8;22,1;16;14,1;67;60;60;321;4,2;2,5;
2019/12/24;0200 UTC;0;953,5;956,4;953,5;0;21,5;13,1;22,1;21,4;14,1;13;62;58;59;333;4,6;2,4;
2019/12/24;0300 UTC;0;952;953,5;952;0;21,5;11,7;21,8;21,2;13,1;11,6;59;53;53;313;4,6;2,4;
2019/12/24;0400 UTC;0;951,2;952,1;951,2;0;20,9;12,5;21,6;20,9;12,5;11,6;59;53;59;319;5;2,2;
2019/12/24;0500 UTC;0;949,9;951,3;949,9;0;20,9;13,1;21,3;20,7;13,1;12,5;61;59;61;320;4,8;2;
2019/12/24;0600 UTC;0;949,1;950;949,1;0;20,8;13,5;21,3;20,3;13,8;13,1;65;61;63;316;3,8;,6;
2019/12/24;0700 UTC;0;946,4;949,2;946,4;0;19,7;13,4;20,8;19,7;13,6;13,2;67;63;67;221;2,4;,9;
2019/12/24;0800 UTC;0;944,5;946,4;944,5;0;20,2;13,4;20,2;19,2;13,7;13,3;69;65;65;302;1,9;0;
2019/12/24;0900 UTC;0;943,8;944,7;943,8;6,7;19,1;13,4;20,2;18,3;13,8;12,9;72;65;70;272;1,6;,1;
2019/12/24;1000 UTC;0;947,2;947,2;943,8;248,8;20,6;14,9;20,6;18,4;15,2;13,4;77;69;70;157;2,7;1;
2019/12/24;1100 UTC;0;958,5;958,5;947,2;769,5;23,4;15,9;23,4;20,6;16,3;14,8;71;62;63;192;3,5;1,8;
2019/12/24;1200 UTC;0;971,3;971,3;958,5;1332,8;26,1;17,8;26,1;23,3;17,8;15,9;66;57;60;178;5,6;3,2;
2019/12/24;1300 UTC;0;981,3;981,3;971,3;1860,2;27,5;18,5;27,5;25,9;18,5;17;61;56;58;181;6,8;3,8;
2019/12/24;1400 UTC;0;988;988;981,3;2287,3;28,9;18,9;28,9;27;19,4;17,6;59;53;55;170;7;3;
2019/12/24;1500 UTC;0;994;994;988;2566,5;29,6;18,7;30,1;28,6;20,1;17,2;57;49;52;162;7;4;
2019/12/24;1600 UTC;0;998,5;998,5;994;2733,3;30,5;17,7;30,7;29,1;20,4;17,7;56;46;46;170;7,1;4,3;
2019/12/24;1700 UTC;0;1001,9;1001,9;998,5;2515,5;31,3;18,9;31,6;29,6;20,6;17,4;54;45;48;156;7,3;2,8;
2019/12/24;1800 UTC;0;1003,5;1003,7;1001,9;2088,4;30,5;18,2;31,9;29,8;19,6;17,3;52;45;48;166;6,9;3,4;
2019/12/24;1900 UTC;0;1002,6;1003,5;1002,6;1942,6;31,9;18,7;31,9;30,5;19,8;16,9;50;43;46;150;7,8;2,9;
2019/12/24;2000 UTC;0;1001,7;1003,1;1001,7;1482,7;31;17,7;31,9;30,9;18,7;17;48;42;45;136;6,6;2,7;
2019/12/24;2100 UTC;0;999,5;1001,7;999,5;911,2;30,6;17,4;31,2;30,5;18,1;16,5;46;42;45;145;5,5;2,3;
2019/12/24;2200 UTC;0;994,1;999,5;994,1;331,5;29,3;18;30,6;29,2;18,2;16,9;51;44;51;171;3,6;,7;
2019/12/24;2300 UTC;0;980,3;994,1;980,3;12,6;28,2;17,1;29,3;28,2;18;17,1;52;50;51;202;2,1;1,5;
2019/12/25;0000 UTC;0;968,7;980,3;968,7;0;26,2;17,8;28,2;26,2;17,9;17,1;60;51;60;224;4,5;2,1;
2019/12/25;0100 UTC;0;963,1;968,7;963,1;0;25,4;17,9;26,2;25,3;18;17,8;63;60;63;210;5,3;2,9;
2019/12/25;0200 UTC;0;960,3;963,1;960,3;0;24,8;18,2;25,4;24,8;18,2;17,9;67;63;67;212;5,8;3,2;
2019/12/25;0300 UTC;0;958,4;960,3;958,4;0;24,4;18,3;24,9;24,4;18,4;18,2;69;66;69;198;6,1;3,2;
2019/12/25;0400 UTC;0;956,9;958,5;956,9;0;23,8;18,3;24,4;23,8;18,4;18,3;71;69;71;202;6,1;3,9;
2019/12/25;0500 UTC;0;955;957;955;0;23,5;18,1;24;23,3;18,4;18,1;73;71;72;197;6,1;3,4;
2019/12/25;0600 UTC;0;953,5;955;953,5;0;23;17,9;23,5;22,9;18,1;17,9;74;72;73;188;6,5;3,1;
2019/12/25;0700 UTC;0;952;953,5;952;0;22,7;17,8;23;22,6;17,9;17,8;74;73;74;196;5,2;3,2;
2019/12/25;0800 UTC;0;952,3;952,3;952;0;23,3;17,6;23,3;22,7;17,8;17,6;74;71;71;199;5,8;4;
2019/12/25;0900 UTC;0;952,9;952,9;952,3;5,3;23,1;17,6;23,3;22,8;17,6;17,5;72;71;71;201;5,8;3,4;
2019/12/25;1000 UTC;0;956,3;956,3;952,9;245,3;24,1;18;24,1;23,1;18,1;17,6;71;69;69;203;7;4,4;
2019/12/25;1100 UTC;0;964,1;964,1;956,3;764,5;25,8;18,4;25,9;24,1;18,6;18;69;63;64;194;8,5;5,6;
2019/12/25;1200 UTC;0;971,9;971,9;964,1;1319;27,7;19,4;27,7;25,8;19,4;18,2;64;59;60;190;9,6;5,4;
2019/12/25;1300 UTC;0;980,5;980,5;971,9;1830,2;28,9;19,4;29,4;27,6;20,5;18,7;61;54;57;165;9,3;5,7;
2019/12/25;1400 UTC;0;987;987;980,5;2248,9;30,9;18,7;31,1;28,9;20,4;18,2;59;48;48;158;10,4;5,7;
2019/12/25;1500 UTC;0;993,3;993,3;987;2513,1;31,6;19,7;32,2;30,6;20,6;18,5;52;46;49;171;10;4,9;
2019/12/25;1600 UTC;0;997,2;997,2;993,4;2629,7;32,5;19,6;32,7;31,5;20,3;18,7;50;44;47;155;8,6;4,6;
2019/12/25;1700 UTC;0;1000,3;1000,3;997,2;2591,9;32,9;19,5;33,1;32,1;20,7;17,8;49;42;45;150;7,2;3,1;
2019/12/25;1800 UTC;0;1002,4;1002,4;1000,3;2330,8;33;18;33,5;32,3;20,1;17,6;47;40;41;151;6,1;3,4;
2019/12/25;1900 UTC;0;1004,5;1004,5;1002,4;1920,4;33,3;18,4;34;32,7;19,9;16,9;45;37;41;115;5,5;2,4;
2019/12/25;2000 UTC;0;1006,7;1006,7;1004,5;1531,7;33,8;17,2;34;33,2;19,9;16,8;44;36;37;202;4,6;,4;
2019/12/25;2100 UTC;0;1004,7;1007,5;1004,7;924;32,9;16,7;33,9;32,9;18,7;16,4;42;36;38;253;4,9;2,8;
2019/12/25;2200 UTC;0;992,6;1004,7;992,6;272,2;30,6;17,6;33;30,6;18,3;16,5;47;37;46;275;4,5;1,5;
2019/12/25;2300 UTC;0;976,6;992,5;976,6;2,1;29,7;17,5;30,8;29,7;17,6;17,3;48;45;48;236;2,7;,7;
2019/12/26;0000 UTC;0;968,8;976,6;968,8;0;28,8;17,6;29,8;28,8;17,7;17,1;51;47;51;237;3,3;1,7;
2019/12/26;0100 UTC;0;964,4;968,8;964,4;0;27,6;18,7;28,8;27,1;18,9;17,6;61;51;58;190;4,4;2,1;
2019/12/26;0200 UTC;0;961,7;964,4;961,7;0;27,1;18,8;28;27,1;18,9;18,5;60;57;60;237;4,4;2,1;
2019/12/26;0300 UTC;0;958,2;961,7;958,2;0;25,9;19,7;27,1;25,6;19,8;18,8;70;61;69;134;8;2,9;
2019/12/26;0400 UTC;0;955,1;958,2;955,1;0;25,2;19,9;26,3;25,1;20,2;19,5;73;67;73;191;4,8;1,3;
2019/12/26;0500 UTC;0;952,6;955,1;952,6;0;24,6;20;25,5;24,4;20;19,8;76;71;76;193;4,1;2,4;
2019/12/26;0600 UTC;0;952,3;952,6;952,2;0;24,9;19,5;25,5;24,6;20;19,4;76;70;72;209;4,5;2,1;
2019/12/26;0700 UTC;0;951,6;952,5;951,6;0;25,5;18,8;25,5;24,6;19,5;18,8;72;67;67;205;3,3;2,2;
2019/12/26;0800 UTC;0;951,5;951,8;951,5;0;25,3;18,7;25,6;24,9;18,9;18,7;69;66;67;199;2,9;1,3;
2019/12/26;0900 UTC;0;950,5;951,7;950,5;6,2;23,7;19;25,3;23,6;19,1;18,6;75;67;75;185;3,4;2,5;
2019/12/26;1000 UTC;0;952,2;952,2;950,4;238,7;23,7;20;24;23,5;20,1;19;80;75;80;162;6,6;4,3;
2019/12/26;1100 UTC;0;958,2;958,2;952,2;767,3;25,6;20,6;25,8;23,6;21,2;20,1;83;73;74;166;6,6;1,5;
2019/12/26;1200 UTC;0;967,7;967,7;958,2;1274,2;27,9;21,4;27,9;25,4;21,7;20,5;75;67;68;190;4,9;2,7;
2019/12/26;1300 UTC;0;978;978;967,7;1817,2;30,5;19,8;31;27,8;22,3;19,2;68;51;53;204;4,9;2,1;
2019/12/26;1400 UTC;0;986,7;986,7;978;2246,2;32;18,3;32,1;30,5;20,1;17,1;54;42;44;186;8,2;5;
2019/12/26;1500 UTC;0;991,7;991,7;986,7;2519,5;32,1;18;33;31,9;18,8;15,7;44;37;43;141;8,2;4,3;
2019/12/26;1600 UTC;0;993,8;993,8;991,7;2631,8;33,4;20;33,4;31,9;20,5;17,2;48;40;45;180;7,1;2,4;
2019/12/26;1700 UTC;0;996,7;996,7;993,8;2354,9;33,1;17,5;34,1;32;20;17,4;47;39;40;118;6,2;2,5;
2019/12/26;1800 UTC;0;1000,3;1000,3;996,7;2240,6;34,4;17,9;34,7;33;19,5;15,9;43;34;38;155;5,3;2,3;
2019/12/26;1900 UTC;0;1003,9;1003,9;1000,3;2068,5;34,3;14,7;35,2;33,8;18,4;14,7;40;31;31;149;5,2;2,2;
2019/12/26;2000 UTC;0;1005,2;1005,3;1003,9;1551,4;34,4;14,6;35,4;34,2;16,3;13;34;27;31;138;4,3;1,2;
2019/12/26;2100 UTC;0;1002,5;1005,5;1002,5;835,7;32,8;15,6;35;32,8;16,6;13,2;38;27;36;182;2,8;1,3;
2019/12/26;2200 UTC;0;987,8;1002,4;987,8;232,1;31,6;15,4;33,1;31,6;16,4;14,2;38;33;38;263;2,8;1,7;
2019/12/26;2300 UTC;0;972;987,8;972;4,6;30,3;15,6;31,6;30,1;15,9;15,2;42;37;41;253;3,1;2,2;
2019/12/27;0000 UTC;0;964,6;972;964,6;0;29,6;14,8;30,4;29,6;15,6;14,6;41;39;41;262;4,2;2,3;
2019/12/27;0100 UTC;0;959,1;964,6;959,1;0;27,3;16,9;29,6;27,3;16,9;14,8;53;41;53;219;4,3;1,9;
2019/12/27;0200 UTC;0;954,3;959,1;954,3;0;27;17,6;27,4;26,7;17,7;16,9;57;53;57;212;3,6;2,3;
2019/12/27;0300 UTC;0;952,4;954,3;952,4;0;26,7;17,9;27,1;26,5;18;17,6;59;57;58;236;4,9;2,4;
2019/12/27;0400 UTC;0;951,4;952,6;951,3;0;26,7;16,8;27;26;18;16,8;60;54;55;239;4,9;2,7;
2019/12/27;0500 UTC;0;951,1;951,7;951,1;0;26,5;15,4;27;26,1;16,9;15,4;55;51;51;212;4,9;1,4;
2019/12/27;0600 UTC;0;950,1;951,2;950,1;0;26,3;15,6;26,8;26,2;15,6;15,2;52;49;52;198;3,1;1,6;
2019/12/27;0700 UTC;0;948,6;950,2;948,6;0;25,1;16;26,3;25;16,1;15,5;57;52;57;187;4,2;2,8;
2019/12/27;0800 UTC;0;946,9;948,6;946,9;0;24,7;16,7;25,3;24,3;16,8;16;62;57;61;192;4,2;2,5;
2019/12/27;0900 UTC;0;946,4;947;946,3;3,8;24,1;17;24,7;24,1;17,1;16,7;65;61;65;211;6,4;3;
2019/12/27;1000 UTC;0;949,3;949,3;946,4;248,7;25,4;16,8;25,5;23,8;17,2;16,6;66;58;59;197;6,6;4,1;
2019/12/27;1100 UTC;0;957,6;957,6;949,3;697;26,9;16,5;27;25,4;17;16,1;59;52;53;205;9,6;5,1;
2019/12/27;1200 UTC;0;966,2;966,2;957,6;1383,7;28,9;13,6;28,9;26,9;16,6;13,5;53;39;39;203;10,7;6,1;
2019/12/27;1300 UTC;0;975,2;975,2;966,2;1742,4;30,5;15,2;30,7;28,9;15,8;13;42;36;40;202;10,7;4,5;
2019/12/27;1400 UTC;0;981,5;981,5;975,2;2272,9;31,1;13,5;31,7;30,5;15,8;13;40;32;34;170;11;5,6;
2019/12/27;1500 UTC;0;985;985;981,5;2525,2;32,5;14,7;32,6;31;15,7;13,5;38;33;34;191;8,6;5,2;
2019/12/27;1600 UTC;0;990,2;990,2;985;2628,2;33,4;14,1;34,3;32,4;16,9;13,8;37;31;31;186;8,2;4,6;
2019/12/27;1700 UTC;0;994,3;994,3;990,2;2557,7;34,1;14;34,7;33,4;17;13,2;36;28;30;169;7,9;4,5;
2019/12/27;1800 UTC;0;996,5;996,5;994,3;2329,1;34,6;14,9;35;34,1;15,8;13,4;33;28;31;168;7,1;4;
2019/12/27;1900 UTC;0;997,1;997,2;996,5;1948,9;34,5;13,8;35;34;16,1;13,3;33;28;29;171;7,7;4,4;
2019/12/27;2000 UTC;0;996,4;997,3;996,4;1477,3;34,2;14,2;34,7;34,1;15,2;13,1;32;28;30;209;7,7;3;
2019/12/27;2100 UTC;0;992,6;996,5;992,6;699,6;32,7;14,2;34,4;32,6;15,7;13,3;34;29;33;203;5,6;1,6;
2019/12/27;2200 UTC;0;979;992,5;979;163,3;31,3;15,7;32,8;31,3;15,9;14,5;39;33;39;215;4,6;1,7;
2019/12/27;2300 UTC;0;967,5;979;967,5;8,4;30,1;16,2;31,3;30;16,3;15,6;44;39;43;222;3,1;1;
2019/12/28;0000 UTC;0;961,3;967,5;961,3;0;29,7;15,7;30,2;29,6;16,2;15,7;44;42;43;213;3,3;1,9;
2019/12/28;0100 UTC;0;957,5;961,3;957,5;0;28,4;15,9;29,7;28,4;16,2;15,7;47;43;47;230;3,4;1,6;
2019/12/28;0200 UTC;0;954;957,5;954;0;28;15,9;28,8;27,1;16,7;15,9;52;46;48;170;3,1;1,6;
2019/12/28;0300 UTC;0;952,4;954;952,4;0;27,7;15,9;28,1;27,7;16;15,7;49;47;48;175;2,1;1,6;
2019/12/28;0400 UTC;0;950;952,6;950;0;26;16,9;27,7;25,8;16,9;15,9;58;48;57;184;3,8;2,3;
2019/12/28;0500 UTC;0;948,9;950;948,9;0;26,6;17;26,9;26;17,1;16,7;58;55;56;208;3,2;1,4;
2019/12/28;0600 UTC;0;948,7;949,2;948,7;0;26;16,7;26,6;26;17,1;16,7;57;55;57;197;2,8;1,9;
2019/12/28;0700 UTC;0;947,5;948,9;947,5;0;25,9;16,2;26,1;25,9;16,7;16,2;57;55;55;200;2,9;1,3;
2019/12/28;0800 UTC;0;946,2;947,5;946,2;0;24,6;16,6;25,9;24,5;16,6;16,2;61;55;61;188;3,9;2,4;
2019/12/28;0900 UTC;0;945,1;946,3;945,1;2,9;24,1;16,3;24,8;23,6;16,7;16,3;65;60;62;199;6,2;2,9;
2019/12/28;1000 UTC;0;946,1;946,1;944,8;233,2;24,6;16,8;24,6;23,5;17;16,2;65;61;62;191;9,1;5,4;
2019/12/28;1100 UTC;0;952,9;952,9;946,1;749,5;25;16,8;25,2;24,4;17,7;16,6;65;59;60;189;11,3;6,5;
2019/12/28;1200 UTC;0;958,8;958,8;952,9;1189,5;27,3;17,6;27,4;25;18;16,7;62;55;55;194;11,6;6,6;
2019/12/28;1300 UTC;0;962,9;963,3;958,8;976,9;26,3;17,1;27,6;26,2;17,7;16,2;58;51;57;187;12,4;7,4;
2019/12/28;1400 UTC;0;965;965;962,7;1293,2;27,3;17,9;27,5;26,3;18,1;16,8;58;54;57;195;10,6;4,8;
2019/12/28;1500 UTC;0;969,5;969,5;965;1404,5;29,1;18,6;29,1;27,2;18,9;17,5;58;52;53;196;8,4;3,8;
2019/12/28;1600 UTC;0;974,1;974,1;969,5;1444,7;30;18,8;30,2;28,6;19,9;18;56;51;51;185;7;3,3;
2019/12/28;1700 UTC;0;984,1;984,1;974,1;2600,8;31,6;19,2;32,7;29,9;20,9;18,2;54;45;48;201;6,7;2,8;
2019/12/28;1800 UTC;0;990,9;990,9;984,1;2195,7;31,9;18,4;33,6;31,3;20,2;17,1;50;40;45;204;6,6;3,2;
2019/12/28;1900 UTC;0;991;992;990,9;1747,3;32,2;17,3;32,9;31,5;19,2;16;46;38;41;211;6,9;3,3;
2019/12/28;2000 UTC;0;988;991;988;1125,7;31,2;17,1;32,7;31,1;18,1;15,1;43;36;43;224;6,4;2,8;
2019/12/28;2100 UTC;0;980,6;988;980,6;501,2;30,6;18,1;31,2;30,4;18,2;16,3;48;41;47;210;5,3;2,4;
2019/12/28;2200 UTC;0;974,4;980,5;974,4;232,8;29,4;18,6;30,6;29,3;18,7;17,8;53;46;52;212;4,3;1,6;
2019/12/28;2300 UTC;0;965,1;974,4;965,1;16,6;28,6;18,2;29,5;28,5;18,7;18,2;54;52;53;243;2,7;1,3;
2019/12/29;0000 UTC;0;958,9;965,1;958,9;0;28,1;17,6;28,6;28;18,2;17,6;55;52;53;263;3,6;2,8;
2019/12/29;0100 UTC;0;957,9;958,9;957,9;0;27,4;17,9;28,4;27,3;17,9;17,4;56;52;56;263;4,6;3,1;
2019/12/29;0200 UTC;0;956,1;958;956,1;0;26,2;18;27,5;26,1;18,2;17,8;61;56;61;270;4,9;3,1;
2019/12/29;0300 UTC;0;954,8;956,1;954,8;0;26,7;16,7;27;26,2;18,1;16,7;61;54;55;262;5,5;3,6;
2019/12/29;0400 UTC;0;955;955,3;954,8;0;26,6;16,6;27,1;26,4;16,7;16,4;55;53;54;259;5,8;3,1;
2019/12/29;0500 UTC;0;954,4;955,1;954,4;0;26,2;16,7;26,7;26,1;16,7;16,5;56;54;56;251;5,3;3,6;
2019/12/29;0600 UTC;0;953;954,5;953;0;25,7;16,3;26,4;25,5;16,8;16,3;57;55;56;237;5,3;2,8;
2019/12/29;0700 UTC;0;951,3;953;951,3;0;25,3;15,9;25,8;25,2;16,3;15,9;57;56;56;248;5,3;2,9;
2019/12/29;0800 UTC;0;949,6;951,4;949,6;0;24,5;16,3;25,4;24,5;16,3;16;60;56;60;216;4,4;2,3;
2019/12/29;0900 UTC;0;947;949,7;947;3,6;24,3;16,6;24,5;23,8;16,7;16,3;64;60;62;211;4,2;2,5;
2019/12/29;1000 UTC;0;950,6;950,6;947;211,3;25,5;17,4;25,5;24,3;17,4;16,6;63;60;61;203;4,5;2,5;
2019/12/29;1100 UTC;0;959,8;959,8;950,6;698,6;28,1;18,3;28,1;25,2;18,3;17,4;63;54;55;193;6,6;2,9;
2019/12/29;1200 UTC;0;971,7;971,7;959,8;1302,6;30,2;17,8;30,6;28,1;18,8;17,2;55;47;47;209;6,2;2,8;
2019/12/29;1300 UTC;0;980,5;980,5;971,8;1825,4;31;18,6;31,5;29,4;19,6;17,6;52;47;48;188;7,1;4,4;
2019/12/29;1400 UTC;0;987,5;987,5;980,5;2378,3;32,5;20,5;32,7;30,8;20,5;18,4;50;45;49;163;7,6;4,1;
2019/12/29;1500 UTC;0;987,1;989,2;987,1;1702,7;32,4;20,3;32,8;30,5;20,7;19;54;46;49;180;6,6;2,6;
2019/12/29;1600 UTC;0;990,1;990,1;987,1;1769,8;32,9;20,7;33,1;31,6;21,8;19;54;45;49;176;4,9;1,9;
2019/12/29;1700 UTC;0;996,2;996,2;990,1;2487;33,8;17,9;34,9;32,2;21,7;17,9;52;39;39;119;4,5;2;
2019/12/29;1800 UTC;0;1002,8;1002,8;996,2;2454,5;35,8;18,9;35,8;33,8;20;16,7;42;34;37;65;4,1;1,1;
2019/12/29;1900 UTC;0;1003,2;1003,9;1002,8;2025,9;34,9;17,8;35,8;34,3;19,6;16,3;40;34;36;3;4,5;3;
2019/12/29;2000 UTC;0;1002,4;1003,2;1002,4;1495,6;35;17,6;35,4;34,4;18,5;15,5;38;31;36;58;4,5;1,3;
2019/12/29;2100 UTC;0;997,4;1002,6;997,4;878,9;33,8;16,7;35,4;33,7;17,6;15,5;38;32;36;12;4,1;2,3;
2019/12/29;2200 UTC;0;985,5;997,4;985,5;281,9;30,5;20,1;33,8;30,5;20,1;15,9;54;35;54;360;3,8;1,8;
2019/12/29;2300 UTC;0;969,7;985,5;969,7;5,5;29,6;19,7;30,8;29,6;20,1;18,4;55;48;55;299;5,1;2,9;
2019/12/30;0000 UTC;0;961,8;969,7;961,8;0;28;19,7;29,7;27,9;19,8;19,5;61;55;61;315;5,5;2,2;
2019/12/30;0100 UTC;0;953,7;961,7;953,7;0;26,7;20,3;28;26,3;20,3;19,6;69;61;68;35;3,8;1,8;
2019/12/30;0200 UTC;0;949,7;953,7;949,7;0;26,3;20,4;27,3;26;20,8;20;71;66;70;21;2,6;1,2;
2019/12/30;0300 UTC;0;948;949,7;948;0;26,4;20,4;26,8;25,9;20,5;20;71;67;70;354;2;1,1;
2019/12/30;0400 UTC;0;947,4;948,1;947,4;0;26,1;20,1;26,4;25,7;20,5;20,1;71;69;69;338;2,5;1,6;
2019/12/30;0500 UTC;0;946,4;947,5;946,4;0;25,7;20;26,5;25,1;20,3;19,6;74;67;71;347;2;,8;
2019/12/30;0600 UTC;0;944,4;946,5;944,4;0;25,5;19,1;25,7;25;20,3;19,1;74;68;68;285;2,4;1;
2019/12/30;0700 UTC;0;943,7;944,5;943,7;0;25,7;17,7;26;24,5;19;17,6;71;60;61;280;3,4;1,5;
2019/12/30;0800 UTC;0;941,5;944,1;941,5;0;22,2;19,5;25,7;22;19,5;17,7;84;61;84;18;2,3;1,6;
2019/12/30;0900 UTC;0;938,7;941,5;938,7;4,3;24;19,2;24;21,8;20,1;19,1;87;75;75;15;2,1;1,5;
2019/12/30;1000 UTC;0;944,5;944,5;938,7;200;26,1;19,1;26,6;24;20,1;18,6;75;64;65;254;1,9;,1;
2019/12/30;1100 UTC;0;955,3;955,3;944,6;694,4;26,8;19,9;26,9;25,7;20,5;18,9;71;64;66;180;4,6;2,4;
2019/12/30;1200 UTC;0;963,7;963,7;955,3;1263,1;28,3;20,3;28,7;26,8;20,7;19,2;67;60;62;197;7,3;4,4;
2019/12/30;1300 UTC;0;971,3;971,3;963,7;1769,2;30,4;20,7;30,4;28,3;20,9;19,7;63;55;56;180;8,1;4,9;
2019/12/30;1400 UTC;0;979,4;979,4;971,3;2214,9;31,7;19,7;32;30,3;21,4;19,4;57;47;49;160;7,5;4,2;
2019/12/30;1500 UTC;0;985,5;985,5;979,4;2488,2;32,9;19,2;33,6;31,5;21;18,4;52;41;44;110;6,3;3,2;
2019/12/30;1600 UTC;0;990,8;990,8;985,6;2593,7;33,6;19,9;34;32,6;20,5;17,7;48;39;45;151;6,3;2,3;
2019/12/30;1700 UTC;0;994,6;994,6;990,8;2517,3;33,7;20,1;34,5;33,4;20,6;17,7;45;39;45;113;5,2;2,9;
2019/12/30;1800 UTC;0;997,3;997,3;994,6;2303;34,5;17,2;35,3;33,6;20,8;16,6;46;34;36;105;6;1,6;
2019/12/30;1900 UTC;0;1000,1;1000,1;997,3;1929,4;35;15;36;34,4;18,9;14,6;38;29;30;79;4,2;1,7;
2019/12/30;2000 UTC;0;999,7;1001;999,7;1472,1;34,7;15,3;35,5;34,2;17,6;14,8;36;30;32;115;5,9;2;
2019/12/30;2100 UTC;0;998,9;999,8;998,9;1126,8;34,1;16,3;35,2;34,1;17,1;14,5;36;30;35;234;4,4;1,6;
2019/12/30;2200 UTC;0;985,4;999;985,4;346,2;30,8;16,6;34,3;30,7;17,1;14,9;44;33;43;294;7;1,9;
2019/12/30;2300 UTC;0;966,5;985,4;966,5;11,2;28,9;17,3;30,8;28,9;17,3;16,3;50;43;50;317;5,6;1,4;
2019/12/31;0000 UTC;0;957,9;966,4;957,9;0;28,9;17,2;29,3;28,4;17,5;17,2;51;48;49;292;3;1;
2019/12/31;0100 UTC;0;954,8;957,9;954,8;0;28,5;17,4;29,6;28,1;17,7;16,6;53;46;51;275;3,4;2;
2019/12/31;0200 UTC;0;953,8;954,8;953,8;0;28,1;17,1;29,3;28,1;17,5;16,9;52;48;51;329;3,5;,8;
2019/12/31;0300 UTC;0;952,1;954;952,1;0;26,6;18,1;28,4;26,6;18,1;17,2;59;51;59;346;2,8;,8;
2019/12/31;0400 UTC;0;948,4;952,1;948,4;0;27,6;18,2;27,6;25,7;18,9;18,1;65;57;57;284;3,1;1,5;
2019/12/31;0500 UTC;0;947,1;948,7;947,1;0;25,9;18,6;27,6;25,7;18,8;18,1;65;56;64;198;2,7;2,2;
2019/12/31;0600 UTC;0;945,2;947,1;945,2;0;26,4;19,3;26,9;24,9;19,5;18,6;69;62;65;232;2,7;,7;
2019/12/31;0700 UTC;0;944,4;945,3;944,4;0;25,6;18,9;26,4;25,6;19,3;18,9;68;65;66;197;2,4;1,7;
2019/12/31;0800 UTC;0;943,6;944,5;943,6;0;25,5;18,8;25,9;25,2;19;18,7;68;65;67;198;2,4;1,2;
2019/12/31;0900 UTC;0;943;943,7;943;2,4;24,9;19;25,5;24,8;19;18,8;70;66;69;187;3,2;2,3;
2019/12/31;1000 UTC;0;947,5;947,5;943;221;26,9;19,7;26,9;24,9;20;19;70;65;65;176;3,2;1,1;
2019/12/31;1100 UTC;0;955,8;955,8;947,5;655,8;27,8;20,6;27,8;25,4;20,9;19,7;73;64;65;171;4,1;3;
2019/12/31;1200 UTC;0;965,2;965,2;955,8;1239,1;30,2;20,1;30,5;27,8;21,2;19,7;65;54;55;183;5,3;3;
2019/12/31;1300 UTC;0;973,8;973,8;965,2;1775,5;31,5;17,7;31,6;30;20,8;17,7;57;43;44;159;6,8;3,9;
2019/12/31;1400 UTC;0;979,9;979,9;973,8;2200,2;32,2;20,3;32,4;31,5;20,9;16,8;52;40;49;130;6,6;3,5;
2019/12/31;1500 UTC;0;984,5;984,5;979,9;2505,4;33,5;19,4;33,9;31,9;21;16,8;51;36;43;135;5,8;2,6;
2019/12/31;1600 UTC;0;989,1;989,1;984,5;2171,7;33,7;17,4;34,3;32,8;20,4;17,2;47;37;38;65;5,5;2,1;
2019/12/31;1700 UTC;0;990,3;990,4;989,1;1846,9;34,4;15,5;34,9;33,4;19,3;15,5;42;32;32;79;5,2;1,3;
2019/12/31;1800 UTC;0;993,8;993,8;990,3;2142,9;35;17,7;35,6;34,2;18,2;14,9;39;31;36;58;4,7;2,5;
2019/12/31;1900 UTC;0;976,6;994,5;976,6;1000,8;28,4;18,8;35,3;28,1;18,8;15,7;56;32;56;19;13,5;5,6;
2019/12/31;2000 UTC;0;967,1;976,6;967;817,9;30,3;19,2;30,6;28,4;20,1;19;58;51;51;12;8,3;3,1;
2019/12/31;2100 UTC;0;968,3;968,5;967,1;490,3;30,1;18,7;31,3;30;20;17,9;55;47;50;335;4,5;1,8;
2019/12/31;2200 UTC;0;961,2;968,4;961,2;106,9;26,3;18,9;30,1;26,3;20;18,7;64;50;64;45;11,8;5,8;
2019/12/31;2300 UTC;0;945,8;961,2;945,8;6,3;24,5;19,3;26,3;24,2;19,4;18,5;74;64;73;17;12,9;6,5;
